1786278451180 0.0 49
1786278455258 0.0 99
1786278459710 0.0 149
1786278463848 0.0 199
1786278467879 0.0 249
1786278471783 0.0 299
1786278475894 0.0 349
1786278479889 0.0 399
1786278483925 0.0 449
1786278487828 0.0 499
1786278491800 0.0 549
1786278495687 0.0 599
1786278499562 0.0 649
1786278503522 0.0 699
1786278507429 0.0 749
1786278511343 0.0 799
1786278515277 0.0 849
1786278519162 0.0 899
1786278523057 0.0 949
1786278526937 0.0 999
1786278530810 0.0 1049
1786278534713 0.0 1099
1786278538594 0.0 1149
1786278542471 0.0 1199
1786278546350 0.0 1249
1786278550255 0.0 1299
1786278554034 0.0 1349
1786278557846 0.0 1399
1786278561693 0.0 1449
1786278565693 0.0 1499
1786278569584 0.0 1549
1786278573160 0.0 1595
1786278573827 1.0 1599
1786278577435 1.0 1649
1786278581029 1.0 1699
1786278584676 1.0 1749
1786278588345 1.0 1799
1786278591938 1.0 1849
1786278595564 1.0 1899
1786278599194 1.0 1949
1786278602871 1.0 1999
1786278606611 1.0 2049
1786278610204 1.0 2099
1786278613897 1.0 2149
1786278617662 1.0 2199
1786278621368 1.0 2249
1786278625088 1.0 2299
1786278628743 1.0 2349
1786278632447 1.0 2399
1786278636124 1.0 2449
1786278639934 1.0 2499
1786278643674 1.0 2549
1786278647486 1.0 2599
1786278651126 1.0 2649
1786278654880 1.0 2699
1786278658592 1.0 2749
1786278662322 1.0 2799
1786278666061 1.0 2849
1786278669864 1.0 2899
1786278673729 1.0 2949
1786278677601 1.0 2999
1786278681421 1.0 3049
1786278685236 1.0 3099
1786278688862 1.0 3149
1786278691923 1.0 3191
1786278692921 2.0 3199
1786278696650 2.0 3249
1786278700352 2.0 3299
1786278703937 2.0 3349
1786278707663 2.0 3399
1786278711416 2.0 3449
1786278715120 2.0 3499
1786278718782 2.0 3549
1786278722520 2.0 3599
1786278726284 2.0 3649
1786278729911 2.0 3699
1786278733638 2.0 3749
1786278737414 2.0 3799
1786278741170 2.0 3849
1786278744812 2.0 3899
1786278748398 2.0 3949
1786278751999 2.0 3999
1786278755663 2.0 4049
1786278759352 2.0 4099
1786278762909 2.0 4149
1786278766421 2.0 4199
1786278770104 2.0 4249
1786278773692 2.0 4299
1786278777271 2.0 4349
1786278780918 2.0 4399
1786278784563 2.0 4449
1786278788267 2.0 4499
1786278791845 2.0 4549
1786278795540 2.0 4599
1786278799243 2.0 4649
1786278802857 2.0 4699
1786278806494 2.0 4749
1786278809139 2.0 4787
1786278810400 3.0 4799
1786278814032 3.0 4849
1786278817761 3.0 4899
1786278821322 3.0 4949
1786278824990 3.0 4999
1786278828653 3.0 5049
1786278832309 3.0 5099
1786278835926 3.0 5149
1786278839609 3.0 5199
1786278843269 3.0 5249
1786278847004 3.0 5299
1786278850743 3.0 5349
1786278854516 3.0 5399
1786278858300 3.0 5449
1786278862035 3.0 5499
1786278865685 3.0 5549
1786278869408 3.0 5599
1786278873177 3.0 5649
1786278876897 3.0 5699
1786278880627 3.0 5749
1786278884398 3.0 5799
1786278887994 3.0 5849
1786278891585 3.0 5899
1786278895231 3.0 5949
1786278898847 3.0 5999
1786278902482 3.0 6049
1786278906173 3.0 6099
1786278909828 3.0 6149
1786278913542 3.0 6199
1786278917201 3.0 6249
1786278920910 3.0 6299
1786278924537 3.0 6349
1786278926939 3.0 6383
1786278928561 4.0 6399
1786278932227 4.0 6449
1786278936003 4.0 6499
1786278939700 4.0 6549
1786278943373 4.0 6599
1786278947184 4.0 6649
1786278951008 4.0 6699
1786278954679 4.0 6749
1786278958436 4.0 6799
1786278962151 4.0 6849
1786278965953 4.0 6899
1786278969755 4.0 6949
1786278973402 4.0 6999
1786278976986 4.0 7049
1786278980581 4.0 7099
1786278984235 4.0 7149
1786278987858 4.0 7199
1786278991446 4.0 7249
1786278995086 4.0 7299
1786278998686 4.0 7349
1786279002340 4.0 7399
1786279005998 4.0 7449
1786279009651 4.0 7499
1786279013298 4.0 7549
1786279016924 4.0 7599
1786279020422 4.0 7649
1786279024040 4.0 7699
1786279027626 4.0 7749
1786279031186 4.0 7799
1786279034817 4.0 7849
1786279038383 4.0 7899
1786279041975 4.0 7949
1786279044095 4.0 7979
1786279045845 5.0 7999
1786279049419 5.0 8049
1786279053131 5.0 8099
1786279056715 5.0 8149
1786279060311 5.0 8199
1786279063909 5.0 8249
1786279067421 5.0 8299
1786279070905 5.0 8349
1786279074367 5.0 8399
1786279077856 5.0 8449
1786279081278 5.0 8499
1786279084746 5.0 8549
1786279088157 5.0 8599
1786279091563 5.0 8649
1786279095004 5.0 8699
1786279098455 5.0 8749
1786279101893 5.0 8799
1786279105332 5.0 8849
1786279108779 5.0 8899
1786279112245 5.0 8949
1786279115692 5.0 8999
1786279119157 5.0 9049
1786279122565 5.0 9099
1786279125973 5.0 9149
1786279129451 5.0 9199
1786279132799 5.0 9249
1786279136251 5.0 9299
1786279139670 5.0 9349
1786279143106 5.0 9399
1786279146512 5.0 9449
1786279149845 5.0 9499
1786279153211 5.0 9549
1786279211426 5.0 9575
1786279218546 5.0 9575
1786279220788 6.0 9599
1786279224623 6.0 9649
1786279228495 6.0 9699
1786279232320 6.0 9749
1786279236206 6.0 9799
1786279240075 6.0 9849
1786279244080 6.0 9899
1786279247998 6.0 9949
1786279252064 6.0 9999
1786279255980 6.0 10049
1786279259824 6.0 10099
1786279263613 6.0 10149
1786279267415 6.0 10199
1786279271184 6.0 10249
1786279275010 6.0 10299
1786279278785 6.0 10349
1786279282518 6.0 10399
1786279286166 6.0 10449
1786279289834 6.0 10499
1786279293566 6.0 10549
1786279297249 6.0 10599
1786279301008 6.0 10649
1786279304705 6.0 10699
1786279308359 6.0 10749
1786279311804 6.0 10799
1786279315220 6.0 10849
1786279318734 6.0 10899
1786279322265 6.0 10949
1786279325815 6.0 10999
1786279329213 6.0 11049
1786279332732 6.0 11099
1786279336124 6.0 11149
1786279337615 6.0 11171
1786279339873 7.0 11199
1786279343334 7.0 11249
1786279346701 7.0 11299
1786279350117 7.0 11349
1786279353630 7.0 11399
1786279357143 7.0 11449
1786279360662 7.0 11499
1786279364349 7.0 11549
1786279368330 7.0 11599
1786279372145 7.0 11649
1786279376014 7.0 11699
1786279379850 7.0 11749
1786279383729 7.0 11799
1786279387611 7.0 11849
1786279391516 7.0 11899
1786279395261 7.0 11949
1786279398976 7.0 11999
1786279402664 7.0 12049
1786279406298 7.0 12099
1786279409938 7.0 12149
1786279413562 7.0 12199
1786279417168 7.0 12249
1786279420926 7.0 12299
1786279424600 7.0 12349
1786279428271 7.0 12399
1786279431917 7.0 12449
1786279435561 7.0 12499
1786279439178 7.0 12549
1786279442710 7.0 12599
1786279446391 7.0 12649
1786279450034 7.0 12699
1786279453737 7.0 12749
1786279454956 7.0 12767
1786279457830 8.0 12799
1786279461629 8.0 12849
1786279465343 8.0 12899
1786279468892 8.0 12949
1786279472588 8.0 12999
1786279476245 8.0 13049
1786279479845 8.0 13099
1786279483360 8.0 13149
1786279486990 8.0 13199
1786279490910 8.0 13249
1786279494811 8.0 13299
1786279498392 8.0 13349
1786279501869 8.0 13399
1786279505443 8.0 13449
1786279508988 8.0 13499
1786279512580 8.0 13549
1786279516181 8.0 13599
1786279519821 8.0 13649
1786279523503 8.0 13699
1786279527174 8.0 13749
1786279530806 8.0 13799
1786279534448 8.0 13849
1786279538034 8.0 13899
1786279541719 8.0 13949
1786279545390 8.0 13999
1786279549122 8.0 14049
1786279552743 8.0 14099
1786279556381 8.0 14149
1786279559951 8.0 14199
1786279563503 8.0 14249
1786279567016 8.0 14299
1786279570544 8.0 14349
1786279571394 8.0 14363
1786279574370 9.0 14399
1786279577961 9.0 14449
1786279581422 9.0 14499
1786279584792 9.0 14549
1786279588224 9.0 14599
1786279591626 9.0 14649
1786279595050 9.0 14699
1786279598508 9.0 14749
1786279601940 9.0 14799
1786279605435 9.0 14849
1786279608914 9.0 14899
1786279612393 9.0 14949
1786279615819 9.0 14999
1786279619314 9.0 15049
1786279622780 9.0 15099
1786279626303 9.0 15149
1786279629705 9.0 15199
1786279633197 9.0 15249
1786279636698 9.0 15299
1786279640118 9.0 15349
1786279643674 9.0 15399
1786279647092 9.0 15449
1786279650520 9.0 15499
1786279654043 9.0 15549
1786279657560 9.0 15599
1786279661064 9.0 15649
1786279664545 9.0 15699
1786279668169 9.0 15749
1786279671964 9.0 15799
1786279675573 9.0 15849
1786279679175 9.0 15899
1786279682764 9.0 15949
1786279683422 9.0 15959
1786279686655 10.0 15999
1786279690319 10.0 16049
1786279693859 10.0 16099
1786279697457 10.0 16149
1786279701020 10.0 16199
1786279704622 10.0 16249
1786279708228 10.0 16299
1786279711890 10.0 16349
1786279715508 10.0 16399
1786279719037 10.0 16449
1786279722571 10.0 16499
1786279726194 10.0 16549
1786279729841 10.0 16599
1786279733435 10.0 16649
1786279736971 10.0 16699
1786279740485 10.0 16749
1786279744065 10.0 16799
1786279747694 10.0 16849
1786279751242 10.0 16899
1786279754884 10.0 16949
1786279758513 10.0 16999
1786279762163 10.0 17049
1786279765690 10.0 17099
1786279769409 10.0 17149
1786279772964 10.0 17199
1786279776517 10.0 17249
1786279779979 10.0 17299
1786279783536 10.0 17349
1786279787019 10.0 17399
1786279790547 10.0 17449
1786279793994 10.0 17499
1786279797478 10.0 17549
1786279797837 10.0 17555
1786279801254 11.0 17599
1786279804710 11.0 17649
1786279808131 11.0 17699
1786279811581 11.0 17749
1786279815110 11.0 17799
1786279818680 11.0 17849
1786279822252 11.0 17899
1786279825801 11.0 17949
1786279829314 11.0 17999
1786279832869 11.0 18049
1786279836426 11.0 18099
1786279839884 11.0 18149
1786279843458 11.0 18199
1786279846919 11.0 18249
1786279850324 11.0 18299
1786279853818 11.0 18349
1786279857244 11.0 18399
1786279860680 11.0 18449
1786279864119 11.0 18499
1786279867505 11.0 18549
1786279870886 11.0 18599
1786279874311 11.0 18649
1786279877682 11.0 18699
1786279881025 11.0 18749
1786279884298 11.0 18799
1786279887617 11.0 18849
1786279890958 11.0 18899
1786279894353 11.0 18949
1786279897796 11.0 18999
1786279901277 11.0 19049
1786279904665 11.0 19099
1786279908011 11.0 19149
1786279962992 11.0 19151
1786279970138 11.0 19151
1786279973891 12.0 19199
1786279977307 12.0 19249
1786279980706 12.0 19299
1786279984178 12.0 19349
1786279987669 12.0 19399
1786279991074 12.0 19449
1786279994595 12.0 19499
1786279998046 12.0 19549
1786280001507 12.0 19599
1786280005005 12.0 19649
1786280008556 12.0 19699
1786280011981 12.0 19749
1786280015523 12.0 19799
1786280019058 12.0 19849
1786280022580 12.0 19899
1786280026053 12.0 19949
1786280029545 12.0 19999
1786280033105 12.0 20049
1786280036590 12.0 20099
1786280040236 12.0 20149
1786280043704 12.0 20199
1786280047182 12.0 20249
1786280050617 12.0 20299
1786280054155 12.0 20349
1786280057696 12.0 20399
1786280061210 12.0 20449
1786280064678 12.0 20499
1786280068171 12.0 20549
1786280071717 12.0 20599
1786280075228 12.0 20649
1786280078776 12.0 20699
1786280082128 12.0 20747
1786280082658 13.0 20749
1786280086133 13.0 20799
1786280089530 13.0 20849
1786280092953 13.0 20899
1786280096326 13.0 20949
1786280099724 13.0 20999
1786280103187 13.0 21049
1786280106693 13.0 21099
1786280110304 13.0 21149
1786280113815 13.0 21199
1786280117312 13.0 21249
1786280120853 13.0 21299
1786280124209 13.0 21349
1786280127708 13.0 21399
1786280131193 13.0 21449
1786280134678 13.0 21499
1786280138178 13.0 21549
1786280141710 13.0 21599
1786280145180 13.0 21649
1786280148691 13.0 21699
1786280152188 13.0 21749
1786280155704 13.0 21799
1786280159238 13.0 21849
1786280162653 13.0 21899
1786280166098 13.0 21949
1786280169538 13.0 21999
1786280172998 13.0 22049
1786280176468 13.0 22099
1786280179895 13.0 22149
1786280183304 13.0 22199
1786280186779 13.0 22249
1786280190231 13.0 22299
1786280193146 13.0 22343
1786280193952 14.0 22349
1786280197278 14.0 22399
1786280200704 14.0 22449
1786280204225 14.0 22499
1786280207783 14.0 22549
1786280211237 14.0 22599
1786280214645 14.0 22649
1786280218088 14.0 22699
1786280221478 14.0 22749
1786280224925 14.0 22799
1786280228311 14.0 22849
1786280231777 14.0 22899
1786280235201 14.0 22949
1786280238541 14.0 22999
1786280241952 14.0 23049
1786280245439 14.0 23099
1786280248947 14.0 23149
1786280252384 14.0 23199
1786280255824 14.0 23249
1786280259340 14.0 23299
1786280262896 14.0 23349
1786280266383 14.0 23399
1786280269850 14.0 23449
1786280273330 14.0 23499
1786280276784 14.0 23549
1786280280224 14.0 23599
1786280283696 14.0 23649
1786280287162 14.0 23699
1786280290628 14.0 23749
1786280294152 14.0 23799
1786280297572 14.0 23849
1786280301088 14.0 23899
1786280303823 14.0 23939
1786280304834 15.0 23949
1786280308373 15.0 23999
1786280311871 15.0 24049
1786280315374 15.0 24099
1786280318928 15.0 24149
1786280322513 15.0 24199
1786280326154 15.0 24249
1786280329726 15.0 24299
1786280333302 15.0 24349
1786280336801 15.0 24399
1786280340347 15.0 24449
1786280343863 15.0 24499
1786280347367 15.0 24549
1786280350892 15.0 24599
1786280354385 15.0 24649
1786280357945 15.0 24699
1786280361524 15.0 24749
1786280365048 15.0 24799
1786280368606 15.0 24849
1786280372186 15.0 24899
1786280375808 15.0 24949
1786280379381 15.0 24999
1786280382934 15.0 25049
1786280386453 15.0 25099
1786280389967 15.0 25149
1786280393527 15.0 25199
1786280397155 15.0 25249
1786280400810 15.0 25299
1786280404335 15.0 25349
1786280407773 15.0 25399
1786280411255 15.0 25449
1786280414740 15.0 25499
1786280417165 15.0 25535
1786280418462 16.0 25549
1786280422150 16.0 25599
1786280425507 16.0 25649
1786280429037 16.0 25699
1786280432440 16.0 25749
1786280435835 16.0 25799
1786280439332 16.0 25849
1786280442731 16.0 25899
1786280446119 16.0 25949
1786280449601 16.0 25999
1786280453033 16.0 26049
1786280456570 16.0 26099
1786280460037 16.0 26149
1786280463450 16.0 26199
1786280466926 16.0 26249
1786280470396 16.0 26299
1786280473885 16.0 26349
1786280477276 16.0 26399
1786280480732 16.0 26449
1786280484212 16.0 26499
1786280487573 16.0 26549
1786280491043 16.0 26599
1786280494422 16.0 26649
1786280497817 16.0 26699
1786280501167 16.0 26749
1786280504480 16.0 26799
1786280507860 16.0 26849
1786280511310 16.0 26899
1786280514694 16.0 26949
1786280517978 16.0 26999
1786280521325 16.0 27049
1786280524666 16.0 27099
1786280526800 16.0 27131
1786280528370 17.0 27149
1786280531783 17.0 27199
1786280535250 17.0 27249
1786280538722 17.0 27299
1786280542141 17.0 27349
1786280545547 17.0 27399
1786280548894 17.0 27449
1786280552290 17.0 27499
1786280555693 17.0 27549
1786280559076 17.0 27599
1786280562477 17.0 27649
1786280565808 17.0 27699
1786280569216 17.0 27749
1786280572561 17.0 27799
1786280575900 17.0 27849
1786280579280 17.0 27899
1786280582641 17.0 27949
1786280585901 17.0 27999
1786280589211 17.0 28049
1786280592605 17.0 28099
1786280596101 17.0 28149
1786280599573 17.0 28199
1786280602947 17.0 28249
1786280606323 17.0 28299
1786280609773 17.0 28349
1786280613389 17.0 28399
1786280617016 17.0 28449
1786280620649 17.0 28499
1786280624056 17.0 28549
1786280627428 17.0 28599
1786280630765 17.0 28649
1786280634090 17.0 28699
1786280689490 17.0 28727
1786280696236 17.0 28727
