1786278451117 2.5457507782723806e-06 49
1786278455197 5.143455654060525e-06 99
1786278459653 7.741160529848669e-06 149
1786278463788 1.0338865405636812e-05 199
1786278467813 1.2936570281424956e-05 249
1786278471725 1.55342751572131e-05 299
1786278475835 1.813198003300124e-05 349
1786278479828 2.072968490878939e-05 399
1786278483866 2.332738978457753e-05 449
1786278487769 2.5925094660365673e-05 499
1786278491739 2.852279953615382e-05 549
1786278495627 3.1120504411941964e-05 599
1786278499498 3.37182092877301e-05 649
1786278503462 3.631591416351825e-05 699
1786278507368 3.891361903930639e-05 749
1786278511282 4.151132391509453e-05 799
1786278515212 4.4109028790882676e-05 849
1786278519104 4.670673366667083e-05 899
1786278522999 4.930443854245897e-05 949
1786278526874 5.190214341824711e-05 999
1786278530747 5.449984829403526e-05 1049
1786278534651 5.70975531698234e-05 1099
1786278538522 5.969525804561154e-05 1149
1786278542408 6.229296292139969e-05 1199
1786278546292 6.489066779718784e-05 1249
1786278550197 6.748837267297598e-05 1299
1786278553976 7.008607754876413e-05 1349
1786278557785 7.268378242455225e-05 1399
1786278561635 7.52814873003404e-05 1449
1786278565621 7.787919217612854e-05 1499
1786278569527 8.04768970519167e-05 1549
1786278573768 8.307460192770483e-05 1599
1786278577374 8.567230680349299e-05 1649
1786278580969 8.827001167928111e-05 1699
1786278584615 9.086771655506926e-05 1749
1786278588287 9.34654214308574e-05 1799
1786278591875 9.606312630664555e-05 1849
1786278595500 9.86608311824337e-05 1899
1786278599133 9.999980047730569e-05 1949
1786278602802 9.999812678835861e-05 1999
1786278606546 9.99947530826511e-05 2049
1786278610142 9.998967947605331e-05 2099
1786278613838 9.998290614281864e-05 2149
1786278617591 9.997443331557769e-05 2199
1786278621308 9.996426128533037e-05 2249
1786278625026 9.995239040143577e-05 2299
1786278628678 9.993882107160024e-05 2349
1786278632375 9.992355376186343e-05 2399
1786278636064 9.99065889965822e-05 2449
1786278639871 9.988792735841264e-05 2499
1786278643611 9.986756948829006e-05 2549
1786278647425 9.9845516085407e-05 2599
1786278651058 9.982176790718918e-05 2649
1786278654816 9.97963257692695e-05 2699
1786278658533 9.976919054546004e-05 2749
1786278662262 9.974036316772205e-05 2799
1786278665995 9.970984462613388e-05 2849
1786278669794 9.967763596885709e-05 2899
1786278673662 9.964373830210032e-05 2949
1786278677537 9.960815279008143e-05 2999
1786278681355 9.95708806549874e-05 3049
1786278685163 9.953192317693241e-05 3099
1786278688798 9.94912816939139e-05 3149
1786278692860 9.944895760176652e-05 3199
1786278696589 9.940495235411431e-05 3249
1786278700286 9.93592674623207e-05 3299
1786278703875 9.931190449543664e-05 3349
1786278707600 9.926286508014662e-05 3399
1786278711357 9.921215090071294e-05 3449
1786278715060 9.91597636989178e-05 3499
1786278718723 9.91057052740034e-05 3549
1786278722458 9.904997748261032e-05 3599
1786278726214 9.899258223871359e-05 3649
1786278729839 9.893352151355704e-05 3699
1786278733576 9.887279733558555e-05 3749
1786278737354 9.881041179037541e-05 3799
1786278741110 9.874636702056271e-05 3849
1786278744751 9.868066522576976e-05 3899
1786278748340 9.861330866252943e-05 3949
1786278751934 9.85442996442078e-05 3999
1786278755603 9.847364054092461e-05 4049
1786278759294 9.840133377947191e-05 4099
1786278762848 9.832738184323064e-05 4149
1786278766362 9.825178727208546e-05 4199
1786278770046 9.81745526623374e-05 4249
1786278773628 9.809568066661473e-05 4299
1786278777207 9.801517399378188e-05 4349
1786278780856 9.793303540884637e-05 4399
1786278784501 9.784926773286388e-05 4449
1786278788202 9.776387384284131e-05 4499
1786278791787 9.767685667163802e-05 4549
1786278795481 9.75882192078651e-05 4599
1786278799183 9.749796449578266e-05 4649
1786278802799 9.740609563519536e-05 4699
1786278806433 9.731261578134586e-05 4749
1786278810338 9.721752814480655e-05 4799
1786278813974 9.712083599136922e-05 4849
1786278817699 9.70225426419329e-05 4899
1786278821263 9.692265147238982e-05 4949
1786278824932 9.682116591350945e-05 4999
1786278828588 9.671808945082068e-05 5049
1786278832246 9.661342562449212e-05 5099
1786278835859 9.650717802921046e-05 5149
1786278839536 9.639935031405712e-05 5199
1786278843203 9.62899461823828e-05 5249
1786278846938 9.617896939168033e-05 5299
1786278850681 9.606642375345566e-05 5349
1786278854453 9.59523131330969e-05 5399
1786278858242 9.583664144974163e-05 5449
1786278861973 9.571941267614218e-05 5499
1786278865627 9.560063083852932e-05 5549
1786278869343 9.548030001647386e-05 5599
1786278873119 9.535842434274667e-05 5649
1786278876834 9.523500800317659e-05 5699
1786278880568 9.511005523650676e-05 5749
1786278884338 9.498357033424906e-05 5799
1786278887933 9.485555764053662e-05 5849
1786278891522 9.472602155197472e-05 5899
1786278895168 9.459496651748974e-05 5949
1786278898786 9.446239703817632e-05 5999
1786278902421 9.43283176671429e-05 6049
1786278906110 9.419273300935521e-05 6099
1786278909765 9.405564772147816e-05 6149
1786278913482 9.391706651171591e-05 6199
1786278917139 9.37769941396502e-05 6249
1786278920846 9.363543541607683e-05 6299
1786278924478 9.349239520284042e-05 6349
1786278928501 9.33478784126675e-05 6399
1786278932169 9.320189000899772e-05 6449
1786278935945 9.305443500581343e-05 6499
1786278939641 9.29055184674674e-05 6549
1786278943316 9.275514550850897e-05 6599
1786278947125 9.260332129350834e-05 6649
1786278950941 9.245005103687919e-05 6699
1786278954621 9.229534000269964e-05 6749
1786278958379 9.213919350453139e-05 6799
1786278962091 9.198161690523726e-05 6849
1786278965893 9.1822615616797e-05 6899
1786278969682 9.166219510012142e-05 6949
1786278973337 9.15003608648648e-05 6999
1786278976922 9.133711846923573e-05 7049
1786278980517 9.117247351980614e-05 7099
1786278984175 9.100643167131877e-05 7149
1786278987799 9.083899862649298e-05 7199
1786278991389 9.067018013582886e-05 7249
1786278995026 9.049998199740971e-05 7299
1786278998628 9.0328410056703e-05 7349
1786279002276 9.015547020635946e-05 7399
1786279005935 8.998116838601084e-05 7449
1786279009591 8.98055105820658e-05 7499
1786279013240 8.962850282750441e-05 7549
1786279016859 8.945015120167082e-05 7599
1786279020363 8.927046183006459e-05 7649
1786279023981 8.908944088413026e-05 7699
1786279027569 8.890709458104534e-05 7749
1786279031127 8.872342918350689e-05 7799
1786279034754 8.85384509995163e-05 7849
1786279038324 8.835216638216275e-05 7899
1786279041914 8.816458172940495e-05 7949
1786279045785 8.797570348385145e-05 7999
1786279049360 8.778553813253929e-05 8049
1786279053052 8.759409220671128e-05 8099
1786279056658 8.740137228159166e-05 8149
1786279060249 8.720738497616024e-05 8199
1786279063849 8.701213695292514e-05 8249
1786279067360 8.68156349176939e-05 8299
1786279070850 8.661788561934317e-05 8349
1786279074309 8.641889584958699e-05 8399
1786279077798 8.621867244274346e-05 8449
1786279081220 8.601722227550003e-05 8499
1786279084683 8.581455226667732e-05 8549
1786279088096 8.561066937699151e-05 8599
1786279091500 8.540558060881526e-05 8649
1786279094941 8.519929300593722e-05 8699
1786279098395 8.499181365332008e-05 8749
1786279101831 8.47831496768573e-05 8799
1786279105273 8.457330824312828e-05 8849
1786279108719 8.436229655915233e-05 8899
1786279112187 8.415012187214108e-05 8949
1786279115630 8.393679146924952e-05 8999
1786279119097 8.372231267732588e-05 9049
1786279122507 8.350669286265983e-05 9099
1786279125909 8.328993943072957e-05 9149
1786279129391 8.307205982594748e-05 9199
1786279132734 8.285306153140439e-05 9249
1786279136192 8.263295206861265e-05 9299
1786279139608 8.241173899724776e-05 9349
1786279143046 8.218942991488872e-05 9399
1786279146455 8.196603245675708e-05 9449
1786279149786 8.174155429545482e-05 9499
1786279153152 8.151600314070068e-05 9549
1786279220731 8.128938673906543e-05 9599
1786279224564 8.106171287370588e-05 9649
1786279228437 8.083298936409749e-05 9699
1786279232254 8.060322406576575e-05 9749
1786279236148 8.037242487001657e-05 9799
1786279240015 8.014059970366509e-05 9849
1786279244022 7.990775652876348e-05 9899
1786279247937 7.96739033423275e-05 9949
1786279252003 7.943904817606184e-05 9999
1786279255921 7.920319909608423e-05 10049
1786279259760 7.896636420264847e-05 10099
1786279263554 7.872855162986616e-05 10149
1786279267355 7.848976954542741e-05 10199
1786279271125 7.825002615032024e-05 10249
1786279274946 7.800932967854898e-05 10299
1786279278718 7.776768839685143e-05 10349
1786279282455 7.752511060441499e-05 10399
1786279286107 7.728160463259155e-05 10449
1786279289776 7.703717884461138e-05 10499
1786279293500 7.679184163529595e-05 10549
1786279297191 7.654560143076955e-05 10599
1786279300945 7.629846668816985e-05 10649
1786279304644 7.605044589535756e-05 10699
1786279308302 7.580154757062484e-05 10749
1786279311740 7.555178026240273e-05 10799
1786279315163 7.530115254896756e-05 10849
1786279318676 7.504967303814637e-05 10899
1786279322206 7.479735036702121e-05 10949
1786279325754 7.454419320163259e-05 10999
1786279329153 7.429021023668168e-05 11049
1786279332665 7.403541019523193e-05 11099
1786279336063 7.377980182840925e-05 11149
1786279339814 7.352339391510155e-05 11199
1786279343273 7.326619526165725e-05 11249
1786279346639 7.300821470158281e-05 11299
1786279350060 7.274946109523928e-05 11349
1786279353565 7.248994332953808e-05 11399
1786279357080 7.222967031763572e-05 11449
1786279360603 7.196865099862771e-05 11499
1786279364288 7.170689433724149e-05 11549
1786279368267 7.144440932352866e-05 11599
1786279372087 7.118120497255608e-05 11649
1786279375955 7.091729032409625e-05 11699
1786279379791 7.0652674442317e-05 11749
1786279383671 7.038736641547002e-05 11799
1786279387547 7.01213753555787e-05 11849
1786279391451 6.985471039812539e-05 11899
1786279395203 6.958738070173738e-05 11949
1786279398910 6.931939544787253e-05 11999
1786279402603 6.905076384050384e-05 12049
1786279406237 6.87814951058034e-05 12099
1786279409876 6.851159849182546e-05 12149
1786279413501 6.824108326818883e-05 12199
1786279417108 6.796995872575849e-05 12249
1786279420867 6.769823417632659e-05 12299
1786279424537 6.74259189522925e-05 12349
1786279428211 6.715302240634239e-05 12399
1786279431854 6.687955391112792e-05 12449
1786279435501 6.660552285894446e-05 12499
1786279439119 6.633093866140838e-05 12549
1786279442649 6.60558107491339e-05 12599
1786279446331 6.578014857140917e-05 12649
1786279449976 6.55039615958717e-05 12699
1786279453676 6.52272593081832e-05 12749
1786279457771 6.49500512117039e-05 12799
1786279461564 6.467234682716597e-05 12849
1786279465284 6.439415569234666e-05 12899
1786279468832 6.411548736174075e-05 12949
1786279472530 6.383635140623228e-05 12999
1786279476182 6.35567574127659e-05 13049
1786279479787 6.327671498401765e-05 13099
1786279483303 6.299623373806508e-05 13149
1786279486930 6.271532330805696e-05 13199
1786279490850 6.243399334188243e-05 13249
1786279494751 6.215225350183958e-05 13299
1786279498334 6.187011346430374e-05 13349
1786279501810 6.158758291939494e-05 13399
1786279505387 6.130467157064531e-05 13449
1786279508929 6.102138913466564e-05 13499
1786279512521 6.07377453408118e-05 13549
1786279516119 6.045374993085049e-05 13599
1786279519762 6.016941265862468e-05 13649
1786279523439 5.9884743289718665e-05 13699
1786279527115 5.95997516011226e-05 13749
1786279530745 5.9314447380896714e-05 13799
1786279534389 5.902884042783519e-05 13849
1786279537973 5.874294055112957e-05 13899
1786279541659 5.8456757570031904e-05 13949
1786279545332 5.817030131351746e-05 13999
1786279549064 5.7883581619947186e-05 14049
1786279552684 5.759660833672976e-05 14099
1786279556318 5.730939131998349e-05 14149
1786279559893 5.7021940434197627e-05 14199
1786279563446 5.6734265551893743e-05 14249
1786279566959 5.644637655328659e-05 14299
1786279570485 5.615828332594475e-05 14349
1786279574311 5.5869995764451e-05 14399
1786279577899 5.55815237700626e-05 14449
1786279581360 5.529287725037119e-05 14499
1786279584729 5.5004066118962394e-05 14549
1786279588162 5.471510029507555e-05 14599
1786279591563 5.4425989703262854e-05 14649
1786279594991 5.4136744273048585e-05 14699
1786279598433 5.384737393858806e-05 14749
1786279601880 5.3557888638326446e-05 14799
1786279605372 5.3268298314657406e-05 14849
1786279608851 5.297861291358162e-05 14899
1786279612327 5.268884238436527e-05 14949
1786279615760 5.239899667919821e-05 14999
1786279619250 5.210908575285224e-05 15049
1786279622720 5.18191195623392e-05 15099
1786279626244 5.152910806656896e-05 15149
1786279629643 5.123906122600742e-05 15199
1786279633138 5.094898900233438e-05 15249
1786279636639 5.065890135810141e-05 15299
1786279640059 5.036880825638979e-05 15349
1786279643616 5.007871966046811e-05 15399
1786279647028 4.978864553345031e-05 15449
1786279650448 4.949859583795333e-05 15499
1786279653981 4.920858053575507e-05 15549
1786279657496 4.8918609587452105e-05 15599
1786279661007 4.862869295211775e-05 15649
1786279664488 4.8338840586959885e-05 15699
1786279668108 4.8049062446979066e-05 15749
1786279671900 4.775936848462657e-05 15799
1786279675516 4.746976864946256e-05 15849
1786279679117 4.718027288781444e-05 15899
1786279682705 4.689089114243515e-05 15949
1786279686596 4.660163335216174e-05 15999
1786279690257 4.631250945157407e-05 16049
1786279693793 4.60235293706535e-05 16099
1786279697394 4.5734703034441894e-05 16149
1786279700959 4.5446040362700756e-05 16199
1786279704558 4.515755126957053e-05 16249
1786279708169 4.486924566323002e-05 16299
1786279711825 4.45811334455563e-05 16349
1786279715448 4.429322451178438e-05 16399
1786279718978 4.40055287501675e-05 16449
1786279722510 4.3718056041637494e-05 16499
1786279726133 4.343081625946544e-05 16549
1786279729781 4.314381926892249e-05 16599
1786279733368 4.2857074926941164e-05 16649
1786279736907 4.257059308177672e-05 16699
1786279740417 4.2284383572668924e-05 16749
1786279744002 4.199845622950416e-05 16799
1786279747633 4.1712820872477817e-05 16849
1786279751185 4.142748731175695e-05 16899
1786279754826 4.114246534714346e-05 16949
1786279758451 4.0857764767737424e-05 16999
1786279762094 4.057339535160093e-05 17049
1786279765632 4.028936686542222e-05 17099
1786279769346 4.000568906418028e-05 17149
1786279772901 3.972237169080981e-05 17199
1786279776458 3.943942447586658e-05 17249
1786279779920 3.9156857137193256e-05 17299
1786279783479 3.8874679379585596e-05 17349
1786279786961 3.8592900894459204e-05 17399
1786279790488 3.8311531359516594e-05 17449
1786279793936 3.8030580438414875e-05 17499
1786279797420 3.77500577804339e-05 17549
1786279801189 3.746997302014469e-05 17599
1786279804649 3.71903357770787e-05 17649
1786279808068 3.691115565539735e-05 17699
1786279811512 3.6632442243562217e-05 17749
1786279815051 3.635420511400564e-05 17799
1786279818621 3.607645382280208e-05 17849
1786279822179 3.579919790933983e-05 17899
1786279825742 3.552244689599333e-05 17949
1786279829251 3.524621028779627e-05 17999
1786279832807 3.497049757211502e-05 18049
1786279836363 3.469531821832282e-05 18099
1786279839825 3.442068167747458e-05 18149
1786279843396 3.414659738198225e-05 18199
1786279846863 3.3873074745290855e-05 18249
1786279850263 3.360012316155523e-05 18299
1786279853758 3.332775200531735e-05 18349
1786279857185 3.305597063118436e-05 18399
1786279860614 3.278478837350731e-05 18449
1786279864059 3.2514214546060524e-05 18499
1786279867442 3.2244258441721764e-05 18549
1786279870825 3.197492933215304e-05 18599
1786279874251 3.1706236467482196e-05 18649
1786279877619 3.14381890759852e-05 18699
1786279880963 3.117079636376917e-05 18749
1786279884233 3.090406751445624e-05 18799
1786279887544 3.0638011688868115e-05 18849
1786279890893 3.0372638024711433e-05 18899
1786279894293 3.0107955636264005e-05 18949
1786279897732 2.984397361406165e-05 18999
1786279901215 2.9580701024586157e-05 19049
1786279904600 2.9318146909953677e-05 19099
1786279907955 2.9056320287604375e-05 19149
1786279973833 2.8795230149992595e-05 19199
1786279977244 2.8534885464278124e-05 19249
1786279980649 2.8275295172018077e-05 19299
1786279984118 2.801646818885991e-05 19349
1786279987611 2.7758413404235182e-05 19399
1786279991016 2.7501139681054175e-05 19449
1786279994527 2.7244655855401596e-05 19499
1786279997986 2.6988970736233123e-05 19549
1786280001446 2.6734093105072712e-05 19599
1786280004945 2.6480031715711133e-05 19649
1786280008497 2.6226795293905268e-05 19699
1786280011922 2.597439253707842e-05 19749
1786280015464 2.5722832114021563e-05 19799
1786280018998 2.547212266459576e-05 19849
1786280022523 2.522227279943524e-05 19899
1786280025989 2.497329109965178e-05 19949
1786280029486 2.472518611653994e-05 19999
1786280033047 2.4477966371283396e-05 20049
1786280036528 2.4231640354662246e-05 20099
1786280040178 2.3986216526761443e-05 20149
1786280043648 2.3741703316680172e-05 20199
1786280047121 2.34981091222424e-05 20249
1786280050557 2.3255442309708438e-05 20299
1786280054098 2.3013711213487583e-05 20349
1786280057638 2.27729241358519e-05 20399
1786280061151 2.2533089346651062e-05 20449
1786280064622 2.2294215083028323e-05 20499
1786280068115 2.2056309549137635e-05 20549
1786280071659 2.1819380915861823e-05 20599
1786280075169 2.158343732053202e-05 20649
1786280078718 2.1348486866648132e-05 20699
1786280082602 2.1114537623600615e-05 20749
1786280086073 2.0881597626393162e-05 20799
1786280089471 2.0649674875366926e-05 20849
1786280092891 2.041877733592563e-05 20899
1786280096269 2.0188912938262043e-05 20949
1786280099666 1.9960089577085585e-05 20999
1786280103125 1.973231511135126e-05 21049
1786280106622 1.9505597363989634e-05 21099
1786280110247 1.927994412163817e-05 21149
1786280113754 1.90553631343739e-05 21199
1786280117253 1.8831862115447143e-05 21249
1786280120737 1.8609448741016606e-05 21299
1786280124153 1.8388130649885825e-05 21349
1786280127650 1.816791544324072e-05 21399
1786280131137 1.7948810684388555e-05 21449
1786280134617 1.773082389849817e-05 21499
1786280138119 1.751396257234157e-05 21549
1786280141649 1.7298234154036753e-05 21599
1786280145120 1.708364605279194e-05 21649
1786280148626 1.6870205638651045e-05 21699
1786280152126 1.665792024224059e-05 21749
1786280155647 1.6446797154517964e-05 21799
1786280159172 1.6236843626520917e-05 21849
1786280162594 1.6028066869118613e-05 21899
1786280166039 1.5820474052763994e-05 21949
1786280169479 1.56140723072474e-05 21999
1786280172936 1.5408868721451768e-05 22049
1786280176411 1.5204870343109173e-05 22099
1786280179839 1.5002084178558746e-05 22149
1786280183243 1.4800517192505991e-05 22199
1786280186721 1.4600176307783735e-05 22249
1786280190174 1.4401068405114213e-05 22299
1786280193883 1.4203200322872793e-05 22349
1786280197221 1.400657885685314e-05 22399
1786280200644 1.381121076003379e-05 22449
1786280204163 1.3617102742346213e-05 22499
1786280207724 1.342426147044439e-05 22549
1786280211174 1.323269356747581e-05 22599
1786280214570 1.3042405612854015e-05 22649
1786280218026 1.2853404142032626e-05 22699
1786280221419 1.2665695646280897e-05 22749
1786280224864 1.2479286572460747e-05 22799
1786280228255 1.2294183322805361e-05 22849
1786280231715 1.2110392254699287e-05 22899
1786280235138 1.1927919680460127e-05 22949
1786280238481 1.174677186712168e-05 22999
1786280241895 1.1566955036218773e-05 23049
1786280245373 1.1388475363573513e-05 23099
1786280248888 1.121133897908323e-05 23149
1786280252326 1.1035551966509918e-05 23199
1786280255765 1.0861120363271292e-05 23249
1786280259283 1.068805016023344e-05 23299
1786280262837 1.0516347301505052e-05 23349
1786280266324 1.0346017684233274e-05 23399
1786280269790 1.0177067158401234e-05 23449
1786280273267 1.0009501526626959e-05 23499
1786280276724 9.843326543964276e-06 23549
1786280280166 9.67854791770502e-06 23599
1786280283638 9.515171307183094e-06 23649
1786280287100 9.353202323580036e-06 23699
1786280290568 9.192646529732386e-06 23749
1786280294090 9.033509439940536e-06 23799
1786280297512 8.875796519779383e-06 23849
1786280301029 8.719513185910629e-06 23899
1786280304773 8.564664805896739e-06 23949
1786280308310 8.411256698016555e-06 23999
1786280311808 8.259294131082712e-06 24049
1786280315304 8.108782324260602e-06 24099
1786280318866 7.959726446889176e-06 24149
1786280322456 7.812131618303346e-06 24199
1786280326090 7.666002907658232e-06 24249
1786280329667 7.5213453337550065e-06 24299
1786280333242 7.3781638648685765e-06 24349
1786280336744 7.236463418576888e-06 24399
1786280340286 7.09624886159205e-06 24449
1786280343806 6.957525009593231e-06 24499
1786280347305 6.820296627061178e-06 24549
1786280350830 6.68456842711466e-06 24599
1786280354323 6.550345071348587e-06 24649
1786280357887 6.417631169673854e-06 24699
1786280361465 6.286431280159049e-06 24749
1786280364984 6.156749908873916e-06 24799
1786280368542 6.028591509734578e-06 24849
1786280372123 5.901960484350535e-06 24899
1786280375743 5.776861181873585e-06 24949
1786280379320 5.653297898848348e-06 24999
1786280382875 5.531274879064755e-06 25049
1786280386384 5.4107963134122836e-06 25099
1786280389910 5.291866339736031e-06 25149
1786280393463 5.174489042694576e-06 25199
1786280397095 5.058668453619714e-06 25249
1786280400751 4.944408550377997e-06 25299
1786280404270 4.831713257234093e-06 25349
1786280407713 4.720586444716034e-06 25399
1786280411189 4.611031929482276e-06 25449
1786280414676 4.5030534741905965e-06 25499
1786280418403 4.396654787368888e-06 25549
1786280422089 4.291839523287782e-06 25599
1786280425438 4.1886112818351336e-06 25649
1786280428974 4.0869736083923965e-06 25699
1786280432380 3.986929993712852e-06 25749
1786280435772 3.88848387380171e-06 25799
1786280439266 3.7916386297981105e-06 25849
1786280442673 3.6963975878590004e-06 25899
1786280446059 3.602764019044878e-06 25949
1786280449543 3.5107411392074667e-06 25999
1786280452973 3.420332108879261e-06 26049
1786280456502 3.3315400331649673e-06 26099
1786280459978 3.244367961634896e-06 26149
1786280463390 3.1588188882201634e-06 26199
1786280466866 3.0748957511099105e-06 26249
1786280470336 2.9926014326503833e-06 26299
1786280473796 2.911938759245923e-06 26349
1786280477216 2.832910501261898e-06 26399
1786280480666 2.755519372929596e-06 26449
1786280484156 2.679768032252927e-06 26499
1786280487510 2.6056590809171877e-06 26549
1786280490985 2.5331950641996953e-06 26599
1786280494358 2.462378470882366e-06 26649
1786280497755 2.393211733166245e-06 26699
1786280501107 2.325697226587975e-06 26749
1786280504422 2.259837269938174e-06 26799
1786280507797 2.1956341251818497e-06 26849
1786280511247 2.1330899973806625e-06 26899
1786280514633 2.0722070346172254e-06 26949
1786280517911 2.012987327921318e-06 26999
1786280521264 1.9554329111980816e-06 27049
1786280524607 1.8995457611581267e-06 27099
1786280528310 1.8453277972496853e-06 27149
1786280531723 1.792780881592671e-06 27199
1786280535193 1.7419068189147091e-06 27249
1786280538657 1.692707356489181e-06 27299
1786280542083 1.6451841840752033e-06 27349
1786280545489 1.5993389338595832e-06 27399
1786280548833 1.5551731804007726e-06 27449
1786280552231 1.512688440574772e-06 27499
1786280555629 1.4718861735230735e-06 27549
1786280559013 1.4327677806024828e-06 27599
1786280562419 1.395334605337063e-06 27649
1786280565750 1.3595879333719364e-06 27699
1786280569158 1.3255289924291405e-06 27749
1786280572497 1.293158952265479e-06 27799
1786280575843 1.2624789246323365e-06 27849
1786280579219 1.2334899632374907e-06 27899
1786280582584 1.2061930637089233e-06 27949
1786280585840 1.1805891635606318e-06 27999
1786280589151 1.1566791421604304e-06 28049
1786280592545 1.1344638206997362e-06 28099
1786280596044 1.1139439621653813e-06 28149
1786280599514 1.0951202713133993e-06 28199
1786280602889 1.0779933946448225e-06 28249
1786280606260 1.062563920383463e-06 28299
1786280609715 1.048832378455744e-06 28349
1786280613330 1.036799240472471e-06 28399
1786280616956 1.0264649197126412e-06 28449
1786280620588 1.0178297711092496e-06 28499
1786280623997 1.0108940912371034e-06 28549
1786280627371 1.0056581183026297e-06 28599
1786280630707 1.0021220321357072e-06 28649
1786280634032 1.0002859541834625e-06 28699
