1786276073843 0.0 49
1786276077833 0.0 99
1786276082249 0.0 149
1786276086444 0.0 199
1786276089913 0.0 249
1786276093687 0.0 299
1786276097893 0.0 349
1786276102045 0.0 399
1786276105623 0.0 449
1786276109153 0.0 499
1786276112803 0.0 549
1786276116877 0.0 599
1786276120837 0.0 649
1786276124617 0.0 699
1786276128318 0.0 749
1786276132186 0.0 799
1786276136304 0.0 849
1786276140267 0.0 899
1786276143985 0.0 949
1786276147679 0.0 999
1786276151539 0.0 1049
1786276155677 0.0 1099
1786276159437 0.0 1149
1786276162910 0.0 1199
1786276166264 0.0 1249
1786276170274 0.0 1299
1786276174149 0.0 1349
1786276177687 0.0 1399
1786276180896 0.0 1449
1786276184159 0.0 1499
1786276187794 0.0 1549
1786276191197 0.0 1595
1786276191858 1.0 1599
1786276195128 1.0 1649
1786276198153 1.0 1699
1786276201235 1.0 1749
1786276204623 1.0 1799
1786276208109 1.0 1849
1786276211463 1.0 1899
1786276214718 1.0 1949
1786276217996 1.0 1999
1786276221415 1.0 2049
1786276225007 1.0 2099
1786276228502 1.0 2149
1786276231817 1.0 2199
1786276235093 1.0 2249
1786276238532 1.0 2299
1786276242195 1.0 2349
1786276245779 1.0 2399
1786276249212 1.0 2449
1786276252508 1.0 2499
1786276255700 1.0 2549
1786276259139 1.0 2599
1786276262835 1.0 2649
1786276266577 1.0 2699
1786276270060 1.0 2749
1786276273159 1.0 2799
1786276276488 1.0 2849
1786276280147 1.0 2899
1786276283888 1.0 2949
1786276287262 1.0 2999
1786276290299 1.0 3049
1786276293463 1.0 3099
1786276296762 1.0 3149
1786276299527 1.0 3191
1786276300441 2.0 3199
1786276303711 2.0 3249
1786276307174 2.0 3299
1786276310437 2.0 3349
1786276313725 2.0 3399
1786276317254 2.0 3449
1786276321032 2.0 3499
1786276324468 2.0 3549
1786276327824 2.0 3599
1786276331026 2.0 3649
1786276334359 2.0 3699
1786276337596 2.0 3749
1786276340659 2.0 3799
1786276343616 2.0 3849
1786276346449 2.0 3899
1786276349426 2.0 3949
1786276352602 2.0 3999
1786276355863 2.0 4049
1786276358889 2.0 4099
1786276361738 2.0 4149
1786276364634 2.0 4199
1786276367801 2.0 4249
1786276371097 2.0 4299
1786276374155 2.0 4349
1786276376948 2.0 4399
1786276379781 2.0 4449
1786276382648 2.0 4499
1786276385645 2.0 4549
1786276388772 2.0 4599
1786276391727 2.0 4649
1786276394622 2.0 4699
1786276397527 2.0 4749
1786276399760 2.0 4787
1786276400765 3.0 4799
1786276403832 3.0 4849
1786276406875 3.0 4899
1786276409798 3.0 4949
1786276412795 3.0 4999
1786276415788 3.0 5049
1786276418958 3.0 5099
1786276422047 3.0 5149
1786276424955 3.0 5199
1786276427782 3.0 5249
1786276430754 3.0 5299
1786276433927 3.0 5349
1786276437166 3.0 5399
1786276440267 3.0 5449
1786276443161 3.0 5499
1786276446056 3.0 5549
1786276449179 3.0 5599
1786276452417 3.0 5649
1786276455525 3.0 5699
1786276458384 3.0 5749
1786276461145 3.0 5799
1786276464006 3.0 5849
1786276466848 3.0 5899
1786276469672 3.0 5949
1786276472460 3.0 5999
1786276475258 3.0 6049
1786276478015 3.0 6099
1786276480761 3.0 6149
1786276483556 3.0 6199
1786276486291 3.0 6249
1786276488989 3.0 6299
1786276491659 3.0 6349
1786276493446 3.0 6383
1786276494610 4.0 6399
1786276497261 4.0 6449
1786276499900 4.0 6499
1786276502516 4.0 6549
1786276505144 4.0 6599
1786276507778 4.0 6649
1786276510424 4.0 6699
1786276513100 4.0 6749
1786276515749 4.0 6799
1786276518347 4.0 6849
1786276521021 4.0 6899
1786276523619 4.0 6949
1786276526249 4.0 6999
1786276528897 4.0 7049
1786276531594 4.0 7099
1786276534233 4.0 7149
1786276536816 4.0 7199
1786276539434 4.0 7249
1786276542058 4.0 7299
1786276544686 4.0 7349
1786276547298 4.0 7399
1786276549896 4.0 7449
1786276552525 4.0 7499
1786276555218 4.0 7549
1786276557838 4.0 7599
1786276560502 4.0 7649
1786276563115 4.0 7699
1786276565760 4.0 7749
1786276568387 4.0 7799
1786276571024 4.0 7849
1786276573645 4.0 7899
1786276576281 4.0 7949
1786276577853 4.0 7979
1786276579211 5.0 7999
1786276581836 5.0 8049
1786276584466 5.0 8099
1786276587104 5.0 8149
1786276589713 5.0 8199
1786276592358 5.0 8249
1786276594966 5.0 8299
1786276597588 5.0 8349
1786276600246 5.0 8399
1786276602864 5.0 8449
1786276605499 5.0 8499
1786276608112 5.0 8549
1786276610775 5.0 8599
1786276613353 5.0 8649
1786276615971 5.0 8699
1786276618586 5.0 8749
1786276621192 5.0 8799
1786276623846 5.0 8849
1786276626501 5.0 8899
1786276629126 5.0 8949
1786276631729 5.0 8999
1786276634392 5.0 9049
1786276637006 5.0 9099
1786276639621 5.0 9149
1786276642240 5.0 9199
1786276644884 5.0 9249
1786276647503 5.0 9299
1786276650189 5.0 9349
1786276652863 5.0 9399
1786276655478 5.0 9449
1786276658171 5.0 9499
1786276660799 5.0 9549
1786276713372 5.0 9575
1786276719430 5.0 9575
1786276721010 6.0 9599
1786276723647 6.0 9649
1786276726307 6.0 9699
1786276728977 6.0 9749
1786276731720 6.0 9799
1786276734392 6.0 9849
1786276737017 6.0 9899
1786276739626 6.0 9949
1786276742288 6.0 9999
1786276744979 6.0 10049
1786276747635 6.0 10099
1786276750331 6.0 10149
1786276753001 6.0 10199
1786276755624 6.0 10249
1786276758263 6.0 10299
1786276761017 6.0 10349
1786276763803 6.0 10399
1786276766522 6.0 10449
1786276769227 6.0 10499
1786276771878 6.0 10549
1786276774534 6.0 10599
1786276777206 6.0 10649
1786276779908 6.0 10699
1786276782580 6.0 10749
1786276785298 6.0 10799
1786276787966 6.0 10849
1786276790600 6.0 10899
1786276793294 6.0 10949
1786276795969 6.0 10999
1786276798644 6.0 11049
1786276801255 6.0 11099
1786276803875 6.0 11149
1786276805029 6.0 11171
1786276806837 7.0 11199
1786276809574 7.0 11249
1786276812271 7.0 11299
1786276814990 7.0 11349
1786276817643 7.0 11399
1786276820278 7.0 11449
1786276822922 7.0 11499
1786276825570 7.0 11549
1786276828223 7.0 11599
1786276830894 7.0 11649
1786276833530 7.0 11699
1786276836187 7.0 11749
1786276838850 7.0 11799
1786276841514 7.0 11849
1786276844169 7.0 11899
1786276846881 7.0 11949
1786276849573 7.0 11999
1786276852200 7.0 12049
1786276854860 7.0 12099
1786276857507 7.0 12149
1786276860169 7.0 12199
1786276862823 7.0 12249
1786276865538 7.0 12299
1786276868163 7.0 12349
1786276870801 7.0 12399
1786276873431 7.0 12449
1786276876091 7.0 12499
1786276878745 7.0 12549
1786276881421 7.0 12599
1786276884115 7.0 12649
1786276886738 7.0 12699
1786276889379 7.0 12749
1786276890384 7.0 12767
1786276892475 8.0 12799
1786276895283 8.0 12849
1786276898009 8.0 12899
1786276900654 8.0 12949
1786276903268 8.0 12999
1786276905896 8.0 13049
1786276908583 8.0 13099
1786276911258 8.0 13149
1786276913908 8.0 13199
1786276916540 8.0 13249
1786276919180 8.0 13299
1786276921791 8.0 13349
1786276924401 8.0 13399
1786276927038 8.0 13449
1786276929701 8.0 13499
1786276932324 8.0 13549
1786276934916 8.0 13599
1786276937565 8.0 13649
1786276940197 8.0 13699
1786276942835 8.0 13749
1786276945459 8.0 13799
1786276948059 8.0 13849
1786276950765 8.0 13899
1786276953405 8.0 13949
1786276956010 8.0 13999
1786276958680 8.0 14049
1786276961322 8.0 14099
1786276963933 8.0 14149
1786276966594 8.0 14199
1786276969259 8.0 14249
1786276971903 8.0 14299
1786276974536 8.0 14349
1786276975317 8.0 14363
1786276977465 9.0 14399
1786276980120 9.0 14449
1786276982790 9.0 14499
1786276985475 9.0 14549
1786276988099 9.0 14599
1786276990711 9.0 14649
1786276993326 9.0 14699
1786276995965 9.0 14749
1786276998632 9.0 14799
1786277001323 9.0 14849
1786277003977 9.0 14899
1786277006573 9.0 14949
1786277009165 9.0 14999
1786277011779 9.0 15049
1786277014382 9.0 15099
1786277017003 9.0 15149
1786277019664 9.0 15199
1786277022353 9.0 15249
1786277024948 9.0 15299
1786277027556 9.0 15349
1786277030228 9.0 15399
1786277032852 9.0 15449
1786277035481 9.0 15499
1786277038150 9.0 15549
1786277040764 9.0 15599
1786277043419 9.0 15649
1786277046054 9.0 15699
1786277048769 9.0 15749
1786277051391 9.0 15799
1786277053954 9.0 15849
1786277056620 9.0 15899
1786277059236 9.0 15949
1786277059829 9.0 15959
1786277062342 10.0 15999
1786277064968 10.0 16049
1786277067614 10.0 16099
1786277070236 10.0 16149
1786277072886 10.0 16199
1786277075520 10.0 16249
1786277078183 10.0 16299
1786277080810 10.0 16349
1786277083444 10.0 16399
1786277086083 10.0 16449
1786277088688 10.0 16499
1786277091310 10.0 16549
1786277093982 10.0 16599
1786277096650 10.0 16649
1786277099335 10.0 16699
1786277102013 10.0 16749
1786277104636 10.0 16799
1786277107272 10.0 16849
1786277109982 10.0 16899
1786277112636 10.0 16949
1786277115279 10.0 16999
1786277117913 10.0 17049
1786277120549 10.0 17099
1786277123209 10.0 17149
1786277125853 10.0 17199
1786277128477 10.0 17249
1786277131136 10.0 17299
1786277133715 10.0 17349
1786277136356 10.0 17399
1786277138966 10.0 17449
1786277141628 10.0 17499
1786277144316 10.0 17549
1786277144667 10.0 17555
1786277147294 11.0 17599
1786277149912 11.0 17649
1786277152537 11.0 17699
1786277155158 11.0 17749
1786277157824 11.0 17799
1786277160431 11.0 17849
1786277163082 11.0 17899
1786277165777 11.0 17949
1786277168367 11.0 17999
1786277170981 11.0 18049
1786277173632 11.0 18099
1786277176330 11.0 18149
1786277178973 11.0 18199
1786277181613 11.0 18249
1786277184202 11.0 18299
1786277186836 11.0 18349
1786277189473 11.0 18399
1786277192075 11.0 18449
1786277194703 11.0 18499
1786277197334 11.0 18549
1786277199975 11.0 18599
1786277202635 11.0 18649
1786277205315 11.0 18699
1786277207952 11.0 18749
1786277210623 11.0 18799
1786277213316 11.0 18849
1786277215970 11.0 18899
1786277218607 11.0 18949
1786277221228 11.0 18999
1786277223912 11.0 19049
1786277226577 11.0 19099
1786277229224 11.0 19149
1786277280093 11.0 19151
1786277285758 11.0 19151
1786277288627 12.0 19199
1786277291280 12.0 19249
1786277293914 12.0 19299
1786277296513 12.0 19349
1786277299139 12.0 19399
1786277301748 12.0 19449
1786277304466 12.0 19499
1786277307109 12.0 19549
1786277309737 12.0 19599
1786277312367 12.0 19649
1786277315030 12.0 19699
1786277317647 12.0 19749
1786277320340 12.0 19799
1786277322998 12.0 19849
1786277325637 12.0 19899
1786277328302 12.0 19949
1786277330889 12.0 19999
1786277333529 12.0 20049
1786277336195 12.0 20099
1786277338959 12.0 20149
1786277341638 12.0 20199
1786277344266 12.0 20249
1786277346901 12.0 20299
1786277349617 12.0 20349
1786277352340 12.0 20399
1786277355011 12.0 20449
1786277357615 12.0 20499
1786277360191 12.0 20549
1786277362836 12.0 20599
1786277365472 12.0 20649
1786277368150 12.0 20699
1786277370655 12.0 20747
1786277371103 13.0 20749
1786277373727 13.0 20799
1786277376331 13.0 20849
1786277378969 13.0 20899
1786277381660 13.0 20949
1786277384301 13.0 20999
1786277386939 13.0 21049
1786277389564 13.0 21099
1786277392176 13.0 21149
1786277394816 13.0 21199
1786277397496 13.0 21249
1786277400187 13.0 21299
1786277402859 13.0 21349
1786277405501 13.0 21399
1786277408132 13.0 21449
1786277410720 13.0 21499
1786277413351 13.0 21549
1786277416003 13.0 21599
1786277418659 13.0 21649
1786277421297 13.0 21699
1786277423952 13.0 21749
1786277426577 13.0 21799
1786277429181 13.0 21849
1786277431820 13.0 21899
1786277434507 13.0 21949
1786277437120 13.0 21999
1786277439723 13.0 22049
1786277442320 13.0 22099
1786277444965 13.0 22149
1786277447636 13.0 22199
1786277450275 13.0 22249
1786277452893 13.0 22299
1786277455176 13.0 22343
1786277455813 14.0 22349
1786277458434 14.0 22399
1786277461063 14.0 22449
1786277463709 14.0 22499
1786277466338 14.0 22549
1786277468972 14.0 22599
1786277471588 14.0 22649
1786277474230 14.0 22699
1786277476822 14.0 22749
1786277479432 14.0 22799
1786277482061 14.0 22849
1786277484674 14.0 22899
1786277487303 14.0 22949
1786277489927 14.0 22999
1786277492625 14.0 23049
1786277495301 14.0 23099
1786277497939 14.0 23149
1786277500595 14.0 23199
1786277503199 14.0 23249
1786277505805 14.0 23299
1786277508438 14.0 23349
1786277511092 14.0 23399
1786277513719 14.0 23449
1786277516363 14.0 23499
1786277519048 14.0 23549
1786277521665 14.0 23599
1786277524308 14.0 23649
1786277527001 14.0 23699
1786277529600 14.0 23749
1786277532212 14.0 23799
1786277534831 14.0 23849
1786277537528 14.0 23899
1786277539636 14.0 23939
1786277540527 15.0 23949
1786277543185 15.0 23999
1786277545789 15.0 24049
1786277548443 15.0 24099
1786277551067 15.0 24149
1786277553707 15.0 24199
1786277556355 15.0 24249
1786277558995 15.0 24299
1786277561631 15.0 24349
1786277564250 15.0 24399
1786277566903 15.0 24449
1786277569565 15.0 24499
1786277572256 15.0 24549
1786277574910 15.0 24599
1786277577539 15.0 24649
1786277580191 15.0 24699
1786277582851 15.0 24749
1786277585504 15.0 24799
1786277588134 15.0 24849
1786277590796 15.0 24899
1786277593442 15.0 24949
1786277596076 15.0 24999
1786277598787 15.0 25049
1786277601434 15.0 25099
1786277604106 15.0 25149
1786277606714 15.0 25199
1786277609329 15.0 25249
1786277611992 15.0 25299
1786277614712 15.0 25349
1786277617362 15.0 25399
1786277620011 15.0 25449
1786277622686 15.0 25499
1786277624589 15.0 25535
1786277625665 16.0 25549
1786277628308 16.0 25599
1786277630958 16.0 25649
1786277633605 16.0 25699
1786277636269 16.0 25749
1786277638952 16.0 25799
1786277641574 16.0 25849
1786277644204 16.0 25899
1786277646868 16.0 25949
1786277649474 16.0 25999
1786277652122 16.0 26049
1786277654753 16.0 26099
1786277657360 16.0 26149
1786277660001 16.0 26199
1786277662641 16.0 26249
1786277665333 16.0 26299
1786277667944 16.0 26349
1786277670555 16.0 26399
1786277673173 16.0 26449
1786277675780 16.0 26499
1786277678395 16.0 26549
1786277681059 16.0 26599
1786277683706 16.0 26649
1786277686420 16.0 26699
1786277689057 16.0 26749
1786277691689 16.0 26799
1786277694318 16.0 26849
1786277697011 16.0 26899
1786277699659 16.0 26949
1786277702262 16.0 26999
1786277704898 16.0 27049
1786277707526 16.0 27099
1786277709210 16.0 27131
1786277710476 17.0 27149
1786277713099 17.0 27199
1786277715702 17.0 27249
1786277718344 17.0 27299
1786277720984 17.0 27349
1786277723647 17.0 27399
1786277726398 17.0 27449
1786277729118 17.0 27499
1786277731830 17.0 27549
1786277734493 17.0 27599
1786277737161 17.0 27649
1786277739807 17.0 27699
1786277742480 17.0 27749
1786277745167 17.0 27799
1786277747893 17.0 27849
1786277750559 17.0 27899
1786277753225 17.0 27949
1786277755947 17.0 27999
1786277758666 17.0 28049
1786277761394 17.0 28099
1786277764078 17.0 28149
1786277766744 17.0 28199
1786277769460 17.0 28249
1786277772096 17.0 28299
1786277774768 17.0 28349
1786277777462 17.0 28399
1786277780141 17.0 28449
1786277782884 17.0 28499
1786277785591 17.0 28549
1786277788270 17.0 28599
1786277791001 17.0 28649
1786277793645 17.0 28699
1786277846901 17.0 28727
1786277847041 17.0 28727
