1786276073777 2.5457507782723806e-06 49
1786276077774 5.143455654060525e-06 99
1786276082185 7.741160529848669e-06 149
1786276086383 1.0338865405636812e-05 199
1786276089856 1.2936570281424956e-05 249
1786276093622 1.55342751572131e-05 299
1786276097835 1.813198003300124e-05 349
1786276101987 2.072968490878939e-05 399
1786276105558 2.332738978457753e-05 449
1786276109094 2.5925094660365673e-05 499
1786276112740 2.852279953615382e-05 549
1786276116820 3.1120504411941964e-05 599
1786276120778 3.37182092877301e-05 649
1786276124558 3.631591416351825e-05 699
1786276128262 3.891361903930639e-05 749
1786276132129 4.151132391509453e-05 799
1786276136247 4.4109028790882676e-05 849
1786276140208 4.670673366667083e-05 899
1786276143928 4.930443854245897e-05 949
1786276147616 5.190214341824711e-05 999
1786276151475 5.449984829403526e-05 1049
1786276155617 5.70975531698234e-05 1099
1786276159378 5.969525804561154e-05 1149
1786276162851 6.229296292139969e-05 1199
1786276166200 6.489066779718784e-05 1249
1786276170216 6.748837267297598e-05 1299
1786276174088 7.008607754876413e-05 1349
1786276177627 7.268378242455225e-05 1399
1786276180839 7.52814873003404e-05 1449
1786276184098 7.787919217612854e-05 1499
1786276187732 8.04768970519167e-05 1549
1786276191800 8.307460192770483e-05 1599
1786276195070 8.567230680349299e-05 1649
1786276198095 8.827001167928111e-05 1699
1786276201176 9.086771655506926e-05 1749
1786276204563 9.34654214308574e-05 1799
1786276208048 9.606312630664555e-05 1849
1786276211404 9.86608311824337e-05 1899
1786276214661 9.999980047730569e-05 1949
1786276217937 9.999812678835861e-05 1999
1786276221355 9.99947530826511e-05 2049
1786276224949 9.998967947605331e-05 2099
1786276228442 9.998290614281864e-05 2149
1786276231759 9.997443331557769e-05 2199
1786276235036 9.996426128533037e-05 2249
1786276238474 9.995239040143577e-05 2299
1786276242135 9.993882107160024e-05 2349
1786276245721 9.992355376186343e-05 2399
1786276249153 9.99065889965822e-05 2449
1786276252449 9.988792735841264e-05 2499
1786276255643 9.986756948829006e-05 2549
1786276259082 9.9845516085407e-05 2599
1786276262776 9.982176790718918e-05 2649
1786276266518 9.97963257692695e-05 2699
1786276270000 9.976919054546004e-05 2749
1786276273100 9.974036316772205e-05 2799
1786276276429 9.970984462613388e-05 2849
1786276280085 9.967763596885709e-05 2899
1786276283818 9.964373830210032e-05 2949
1786276287204 9.960815279008143e-05 2999
1786276290237 9.95708806549874e-05 3049
1786276293406 9.953192317693241e-05 3099
1786276296704 9.94912816939139e-05 3149
1786276300381 9.944895760176652e-05 3199
1786276303651 9.940495235411431e-05 3249
1786276307115 9.93592674623207e-05 3299
1786276310375 9.931190449543664e-05 3349
1786276313666 9.926286508014662e-05 3399
1786276317191 9.921215090071294e-05 3449
1786276320969 9.91597636989178e-05 3499
1786276324412 9.91057052740034e-05 3549
1786276327765 9.904997748261032e-05 3599
1786276330964 9.899258223871359e-05 3649
1786276334301 9.893352151355704e-05 3699
1786276337538 9.887279733558555e-05 3749
1786276340596 9.881041179037541e-05 3799
1786276343558 9.874636702056271e-05 3849
1786276346392 9.868066522576976e-05 3899
1786276349363 9.861330866252943e-05 3949
1786276352537 9.85442996442078e-05 3999
1786276355806 9.847364054092461e-05 4049
1786276358827 9.840133377947191e-05 4099
1786276361677 9.832738184323064e-05 4149
1786276364576 9.825178727208546e-05 4199
1786276367740 9.81745526623374e-05 4249
1786276371037 9.809568066661473e-05 4299
1786276374097 9.801517399378188e-05 4349
1786276376888 9.793303540884637e-05 4399
1786276379723 9.784926773286388e-05 4449
1786276382590 9.776387384284131e-05 4499
1786276385586 9.767685667163802e-05 4549
1786276388695 9.75882192078651e-05 4599
1786276391663 9.749796449578266e-05 4649
1786276394565 9.740609563519536e-05 4699
1786276397466 9.731261578134586e-05 4749
1786276400698 9.721752814480655e-05 4799
1786276403773 9.712083599136922e-05 4849
1786276406817 9.70225426419329e-05 4899
1786276409740 9.692265147238982e-05 4949
1786276412736 9.682116591350945e-05 4999
1786276415732 9.671808945082068e-05 5049
1786276418902 9.661342562449212e-05 5099
1786276421985 9.650717802921046e-05 5149
1786276424899 9.639935031405712e-05 5199
1786276427728 9.62899461823828e-05 5249
1786276430698 9.617896939168033e-05 5299
1786276433871 9.606642375345566e-05 5349
1786276437106 9.59523131330969e-05 5399
1786276440211 9.583664144974163e-05 5449
1786276443106 9.571941267614218e-05 5499
1786276445998 9.560063083852932e-05 5549
1786276449121 9.548030001647386e-05 5599
1786276452357 9.535842434274667e-05 5649
1786276455469 9.523500800317659e-05 5699
1786276458326 9.511005523650676e-05 5749
1786276461088 9.498357033424906e-05 5799
1786276463949 9.485555764053662e-05 5849
1786276466792 9.472602155197472e-05 5899
1786276469614 9.459496651748974e-05 5949
1786276472404 9.446239703817632e-05 5999
1786276475194 9.43283176671429e-05 6049
1786276477953 9.419273300935521e-05 6099
1786276480702 9.405564772147816e-05 6149
1786276483499 9.391706651171591e-05 6199
1786276486235 9.37769941396502e-05 6249
1786276488930 9.363543541607683e-05 6299
1786276491600 9.349239520284042e-05 6349
1786276494549 9.33478784126675e-05 6399
1786276497204 9.320189000899772e-05 6449
1786276499844 9.305443500581343e-05 6499
1786276502459 9.29055184674674e-05 6549
1786276505080 9.275514550850897e-05 6599
1786276507722 9.260332129350834e-05 6649
1786276510362 9.245005103687919e-05 6699
1786276513037 9.229534000269964e-05 6749
1786276515691 9.213919350453139e-05 6799
1786276518290 9.198161690523726e-05 6849
1786276520965 9.1822615616797e-05 6899
1786276523563 9.166219510012142e-05 6949
1786276526176 9.15003608648648e-05 6999
1786276528839 9.133711846923573e-05 7049
1786276531536 9.117247351980614e-05 7099
1786276534174 9.100643167131877e-05 7149
1786276536758 9.083899862649298e-05 7199
1786276539377 9.067018013582886e-05 7249
1786276542002 9.049998199740971e-05 7299
1786276544624 9.0328410056703e-05 7349
1786276547241 9.015547020635946e-05 7399
1786276549835 8.998116838601084e-05 7449
1786276552466 8.98055105820658e-05 7499
1786276555154 8.962850282750441e-05 7549
1786276557781 8.945015120167082e-05 7599
1786276560437 8.927046183006459e-05 7649
1786276563048 8.908944088413026e-05 7699
1786276565701 8.890709458104534e-05 7749
1786276568330 8.872342918350689e-05 7799
1786276570967 8.85384509995163e-05 7849
1786276573587 8.835216638216275e-05 7899
1786276576223 8.816458172940495e-05 7949
1786276579141 8.797570348385145e-05 7999
1786276581776 8.778553813253929e-05 8049
1786276584405 8.759409220671128e-05 8099
1786276587045 8.740137228159166e-05 8149
1786276589656 8.720738497616024e-05 8199
1786276592300 8.701213695292514e-05 8249
1786276594908 8.68156349176939e-05 8299
1786276597520 8.661788561934317e-05 8349
1786276600188 8.641889584958699e-05 8399
1786276602805 8.621867244274346e-05 8449
1786276605440 8.601722227550003e-05 8499
1786276608055 8.581455226667732e-05 8549
1786276610714 8.561066937699151e-05 8599
1786276613293 8.540558060881526e-05 8649
1786276615911 8.519929300593722e-05 8699
1786276618524 8.499181365332008e-05 8749
1786276621134 8.47831496768573e-05 8799
1786276623786 8.457330824312828e-05 8849
1786276626442 8.436229655915233e-05 8899
1786276629069 8.415012187214108e-05 8949
1786276631666 8.393679146924952e-05 8999
1786276634327 8.372231267732588e-05 9049
1786276636949 8.350669286265983e-05 9099
1786276639565 8.328993943072957e-05 9149
1786276642184 8.307205982594748e-05 9199
1786276644825 8.285306153140439e-05 9249
1786276647443 8.263295206861265e-05 9299
1786276650126 8.241173899724776e-05 9349
1786276652801 8.218942991488872e-05 9399
1786276655421 8.196603245675708e-05 9449
1786276658111 8.174155429545482e-05 9499
1786276660738 8.151600314070068e-05 9549
1786276720953 8.128938673906543e-05 9599
1786276723587 8.106171287370588e-05 9649
1786276726242 8.083298936409749e-05 9699
1786276728917 8.060322406576575e-05 9749
1786276731652 8.037242487001657e-05 9799
1786276734330 8.014059970366509e-05 9849
1786276736960 7.990775652876348e-05 9899
1786276739564 7.96739033423275e-05 9949
1786276742227 7.943904817606184e-05 9999
1786276744918 7.920319909608423e-05 10049
1786276747576 7.896636420264847e-05 10099
1786276750269 7.872855162986616e-05 10149
1786276752941 7.848976954542741e-05 10199
1786276755562 7.825002615032024e-05 10249
1786276758206 7.800932967854898e-05 10299
1786276760957 7.776768839685143e-05 10349
1786276763722 7.752511060441499e-05 10399
1786276766467 7.728160463259155e-05 10449
1786276769170 7.703717884461138e-05 10499
1786276771821 7.679184163529595e-05 10549
1786276774470 7.654560143076955e-05 10599
1786276777149 7.629846668816985e-05 10649
1786276779848 7.605044589535756e-05 10699
1786276782524 7.580154757062484e-05 10749
1786276785243 7.555178026240273e-05 10799
1786276787910 7.530115254896756e-05 10849
1786276790542 7.504967303814637e-05 10899
1786276793230 7.479735036702121e-05 10949
1786276795908 7.454419320163259e-05 10999
1786276798586 7.429021023668168e-05 11049
1786276801197 7.403541019523193e-05 11099
1786276803819 7.377980182840925e-05 11149
1786276806777 7.352339391510155e-05 11199
1786276809516 7.326619526165725e-05 11249
1786276812210 7.300821470158281e-05 11299
1786276814934 7.274946109523928e-05 11349
1786276817586 7.248994332953808e-05 11399
1786276820220 7.222967031763572e-05 11449
1786276822865 7.196865099862771e-05 11499
1786276825510 7.170689433724149e-05 11549
1786276828163 7.144440932352866e-05 11599
1786276830836 7.118120497255608e-05 11649
1786276833469 7.091729032409625e-05 11699
1786276836125 7.0652674442317e-05 11749
1786276838791 7.038736641547002e-05 11799
1786276841443 7.01213753555787e-05 11849
1786276844112 6.985471039812539e-05 11899
1786276846813 6.958738070173738e-05 11949
1786276849512 6.931939544787253e-05 11999
1786276852143 6.905076384050384e-05 12049
1786276854804 6.87814951058034e-05 12099
1786276857450 6.851159849182546e-05 12149
1786276860108 6.824108326818883e-05 12199
1786276862761 6.796995872575849e-05 12249
1786276865478 6.769823417632659e-05 12299
1786276868107 6.74259189522925e-05 12349
1786276870745 6.715302240634239e-05 12399
1786276873371 6.687955391112792e-05 12449
1786276876034 6.660552285894446e-05 12499
1786276878686 6.633093866140838e-05 12549
1786276881365 6.60558107491339e-05 12599
1786276884053 6.578014857140917e-05 12649
1786276886681 6.55039615958717e-05 12699
1786276889318 6.52272593081832e-05 12749
1786276892410 6.49500512117039e-05 12799
1786276895213 6.467234682716597e-05 12849
1786276897952 6.439415569234666e-05 12899
1786276900598 6.411548736174075e-05 12949
1786276903203 6.383635140623228e-05 12999
1786276905840 6.35567574127659e-05 13049
1786276908524 6.327671498401765e-05 13099
1786276911201 6.299623373806508e-05 13149
1786276913851 6.271532330805696e-05 13199
1786276916482 6.243399334188243e-05 13249
1786276919123 6.215225350183958e-05 13299
1786276921725 6.187011346430374e-05 13349
1786276924344 6.158758291939494e-05 13399
1786276926974 6.130467157064531e-05 13449
1786276929644 6.102138913466564e-05 13499
1786276932267 6.07377453408118e-05 13549
1786276934860 6.045374993085049e-05 13599
1786276937508 6.016941265862468e-05 13649
1786276940141 5.9884743289718665e-05 13699
1786276942778 5.95997516011226e-05 13749
1786276945399 5.9314447380896714e-05 13799
1786276948001 5.902884042783519e-05 13849
1786276950705 5.874294055112957e-05 13899
1786276953348 5.8456757570031904e-05 13949
1786276955953 5.817030131351746e-05 13999
1786276958619 5.7883581619947186e-05 14049
1786276961265 5.759660833672976e-05 14099
1786276963868 5.730939131998349e-05 14149
1786276966529 5.7021940434197627e-05 14199
1786276969199 5.6734265551893743e-05 14249
1786276971842 5.644637655328659e-05 14299
1786276974481 5.615828332594475e-05 14349
1786276977409 5.5869995764451e-05 14399
1786276980058 5.55815237700626e-05 14449
1786276982729 5.529287725037119e-05 14499
1786276985417 5.5004066118962394e-05 14549
1786276988039 5.471510029507555e-05 14599
1786276990652 5.4425989703262854e-05 14649
1786276993270 5.4136744273048585e-05 14699
1786276995909 5.384737393858806e-05 14749
1786276998572 5.3557888638326446e-05 14799
1786277001264 5.3268298314657406e-05 14849
1786277003913 5.297861291358162e-05 14899
1786277006511 5.268884238436527e-05 14949
1786277009108 5.239899667919821e-05 14999
1786277011720 5.210908575285224e-05 15049
1786277014323 5.18191195623392e-05 15099
1786277016942 5.152910806656896e-05 15149
1786277019601 5.123906122600742e-05 15199
1786277022291 5.094898900233438e-05 15249
1786277024889 5.065890135810141e-05 15299
1786277027495 5.036880825638979e-05 15349
1786277030171 5.007871966046811e-05 15399
1786277032794 4.978864553345031e-05 15449
1786277035424 4.949859583795333e-05 15499
1786277038093 4.920858053575507e-05 15549
1786277040707 4.8918609587452105e-05 15599
1786277043361 4.862869295211775e-05 15649
1786277045993 4.8338840586959885e-05 15699
1786277048698 4.8049062446979066e-05 15749
1786277051336 4.775936848462657e-05 15799
1786277053897 4.746976864946256e-05 15849
1786277056560 4.718027288781444e-05 15899
1786277059180 4.689089114243515e-05 15949
1786277062281 4.660163335216174e-05 15999
1786277064907 4.631250945157407e-05 16049
1786277067552 4.60235293706535e-05 16099
1786277070179 4.5734703034441894e-05 16149
1786277072825 4.5446040362700756e-05 16199
1786277075459 4.515755126957053e-05 16249
1786277078122 4.486924566323002e-05 16299
1786277080748 4.45811334455563e-05 16349
1786277083386 4.429322451178438e-05 16399
1786277086018 4.40055287501675e-05 16449
1786277088633 4.3718056041637494e-05 16499
1786277091254 4.343081625946544e-05 16549
1786277093925 4.314381926892249e-05 16599
1786277096593 4.2857074926941164e-05 16649
1786277099276 4.257059308177672e-05 16699
1786277101958 4.2284383572668924e-05 16749
1786277104577 4.199845622950416e-05 16799
1786277107214 4.1712820872477817e-05 16849
1786277109924 4.142748731175695e-05 16899
1786277112580 4.114246534714346e-05 16949
1786277115219 4.0857764767737424e-05 16999
1786277117855 4.057339535160093e-05 17049
1786277120492 4.028936686542222e-05 17099
1786277123149 4.000568906418028e-05 17149
1786277125790 3.972237169080981e-05 17199
1786277128415 3.943942447586658e-05 17249
1786277131075 3.9156857137193256e-05 17299
1786277133659 3.8874679379585596e-05 17349
1786277136282 3.8592900894459204e-05 17399
1786277138908 3.8311531359516594e-05 17449
1786277141568 3.8030580438414875e-05 17499
1786277144259 3.77500577804339e-05 17549
1786277147236 3.746997302014469e-05 17599
1786277149847 3.71903357770787e-05 17649
1786277152480 3.691115565539735e-05 17699
1786277155095 3.6632442243562217e-05 17749
1786277157754 3.635420511400564e-05 17799
1786277160369 3.607645382280208e-05 17849
1786277163026 3.579919790933983e-05 17899
1786277165720 3.552244689599333e-05 17949
1786277168310 3.524621028779627e-05 17999
1786277170924 3.497049757211502e-05 18049
1786277173572 3.469531821832282e-05 18099
1786277176242 3.442068167747458e-05 18149
1786277178910 3.414659738198225e-05 18199
1786277181551 3.3873074745290855e-05 18249
1786277184146 3.360012316155523e-05 18299
1786277186770 3.332775200531735e-05 18349
1786277189413 3.305597063118436e-05 18399
1786277192012 3.278478837350731e-05 18449
1786277194638 3.2514214546060524e-05 18499
1786277197275 3.2244258441721764e-05 18549
1786277199912 3.197492933215304e-05 18599
1786277202576 3.1706236467482196e-05 18649
1786277205259 3.14381890759852e-05 18699
1786277207890 3.117079636376917e-05 18749
1786277210562 3.090406751445624e-05 18799
1786277213256 3.0638011688868115e-05 18849
1786277215912 3.0372638024711433e-05 18899
1786277218550 3.0107955636264005e-05 18949
1786277221168 2.984397361406165e-05 18999
1786277223849 2.9580701024586157e-05 19049
1786277226520 2.9318146909953677e-05 19099
1786277229168 2.9056320287604375e-05 19149
1786277288568 2.8795230149992595e-05 19199
1786277291216 2.8534885464278124e-05 19249
1786277293858 2.8275295172018077e-05 19299
1786277296456 2.801646818885991e-05 19349
1786277299082 2.7758413404235182e-05 19399
1786277301685 2.7501139681054175e-05 19449
1786277304406 2.7244655855401596e-05 19499
1786277307048 2.6988970736233123e-05 19549
1786277309672 2.6734093105072712e-05 19599
1786277312310 2.6480031715711133e-05 19649
1786277314973 2.6226795293905268e-05 19699
1786277317590 2.597439253707842e-05 19749
1786277320278 2.5722832114021563e-05 19799
1786277322941 2.547212266459576e-05 19849
1786277325569 2.522227279943524e-05 19899
1786277328241 2.497329109965178e-05 19949
1786277330829 2.472518611653994e-05 19999
1786277333466 2.4477966371283396e-05 20049
1786277336138 2.4231640354662246e-05 20099
1786277338888 2.3986216526761443e-05 20149
1786277341568 2.3741703316680172e-05 20199
1786277344209 2.34981091222424e-05 20249
1786277346839 2.3255442309708438e-05 20299
1786277349554 2.3013711213487583e-05 20349
1786277352281 2.27729241358519e-05 20399
1786277354948 2.2533089346651062e-05 20449
1786277357556 2.2294215083028323e-05 20499
1786277360134 2.2056309549137635e-05 20549
1786277362771 2.1819380915861823e-05 20599
1786277365412 2.158343732053202e-05 20649
1786277368086 2.1348486866648132e-05 20699
1786277371047 2.1114537623600615e-05 20749
1786277373669 2.0881597626393162e-05 20799
1786277376268 2.0649674875366926e-05 20849
1786277378910 2.041877733592563e-05 20899
1786277381603 2.0188912938262043e-05 20949
1786277384244 1.9960089577085585e-05 20999
1786277386882 1.973231511135126e-05 21049
1786277389503 1.9505597363989634e-05 21099
1786277392119 1.927994412163817e-05 21149
1786277394758 1.90553631343739e-05 21199
1786277397435 1.8831862115447143e-05 21249
1786277400130 1.8609448741016606e-05 21299
1786277402797 1.8388130649885825e-05 21349
1786277405442 1.816791544324072e-05 21399
1786277408072 1.7948810684388555e-05 21449
1786277410661 1.773082389849817e-05 21499
1786277413291 1.751396257234157e-05 21549
1786277415942 1.7298234154036753e-05 21599
1786277418591 1.708364605279194e-05 21649
1786277421239 1.6870205638651045e-05 21699
1786277423891 1.665792024224059e-05 21749
1786277426517 1.6446797154517964e-05 21799
1786277429121 1.6236843626520917e-05 21849
1786277431760 1.6028066869118613e-05 21899
1786277434450 1.5820474052763994e-05 21949
1786277437063 1.56140723072474e-05 21999
1786277439667 1.5408868721451768e-05 22049
1786277442264 1.5204870343109173e-05 22099
1786277444907 1.5002084178558746e-05 22149
1786277447578 1.4800517192505991e-05 22199
1786277450218 1.4600176307783735e-05 22249
1786277452832 1.4401068405114213e-05 22299
1786277455754 1.4203200322872793e-05 22349
1786277458378 1.400657885685314e-05 22399
1786277461005 1.381121076003379e-05 22449
1786277463649 1.3617102742346213e-05 22499
1786277466277 1.342426147044439e-05 22549
1786277468911 1.323269356747581e-05 22599
1786277471530 1.3042405612854015e-05 22649
1786277474175 1.2853404142032626e-05 22699
1786277476764 1.2665695646280897e-05 22749
1786277479374 1.2479286572460747e-05 22799
1786277481999 1.2294183322805361e-05 22849
1786277484616 1.2110392254699287e-05 22899
1786277487243 1.1927919680460127e-05 22949
1786277489867 1.174677186712168e-05 22999
1786277492567 1.1566955036218773e-05 23049
1786277495242 1.1388475363573513e-05 23099
1786277497880 1.121133897908323e-05 23149
1786277500538 1.1035551966509918e-05 23199
1786277503142 1.0861120363271292e-05 23249
1786277505747 1.068805016023344e-05 23299
1786277508379 1.0516347301505052e-05 23349
1786277511023 1.0346017684233274e-05 23399
1786277513657 1.0177067158401234e-05 23449
1786277516303 1.0009501526626959e-05 23499
1786277518986 9.843326543964276e-06 23549
1786277521609 9.67854791770502e-06 23599
1786277524246 9.515171307183094e-06 23649
1786277526945 9.353202323580036e-06 23699
1786277529543 9.192646529732386e-06 23749
1786277532156 9.033509439940536e-06 23799
1786277534768 8.875796519779383e-06 23849
1786277537470 8.719513185910629e-06 23899
1786277540471 8.564664805896739e-06 23949
1786277543118 8.411256698016555e-06 23999
1786277545730 8.259294131082712e-06 24049
1786277548385 8.108782324260602e-06 24099
1786277551007 7.959726446889176e-06 24149
1786277553644 7.812131618303346e-06 24199
1786277556291 7.666002907658232e-06 24249
1786277558934 7.5213453337550065e-06 24299
1786277561575 7.3781638648685765e-06 24349
1786277564194 7.236463418576888e-06 24399
1786277566841 7.09624886159205e-06 24449
1786277569503 6.957525009593231e-06 24499
1786277572198 6.820296627061178e-06 24549
1786277574851 6.68456842711466e-06 24599
1786277577473 6.550345071348587e-06 24649
1786277580132 6.417631169673854e-06 24699
1786277582794 6.286431280159049e-06 24749
1786277585442 6.156749908873916e-06 24799
1786277588076 6.028591509734578e-06 24849
1786277590738 5.901960484350535e-06 24899
1786277593380 5.776861181873585e-06 24949
1786277596013 5.653297898848348e-06 24999
1786277598730 5.531274879064755e-06 25049
1786277601369 5.4107963134122836e-06 25099
1786277604049 5.291866339736031e-06 25149
1786277606659 5.174489042694576e-06 25199
1786277609262 5.058668453619714e-06 25249
1786277611928 4.944408550377997e-06 25299
1786277614655 4.831713257234093e-06 25349
1786277617306 4.720586444716034e-06 25399
1786277619947 4.611031929482276e-06 25449
1786277622631 4.5030534741905965e-06 25499
1786277625603 4.396654787368888e-06 25549
1786277628245 4.291839523287782e-06 25599
1786277630893 4.1886112818351336e-06 25649
1786277633548 4.0869736083923965e-06 25699
1786277636208 3.986929993712852e-06 25749
1786277638894 3.88848387380171e-06 25799
1786277641516 3.7916386297981105e-06 25849
1786277644144 3.6963975878590004e-06 25899
1786277646804 3.602764019044878e-06 25949
1786277649417 3.5107411392074667e-06 25999
1786277652059 3.420332108879261e-06 26049
1786277654693 3.3315400331649673e-06 26099
1786277657302 3.244367961634896e-06 26149
1786277659943 3.1588188882201634e-06 26199
1786277662572 3.0748957511099105e-06 26249
1786277665272 2.9926014326503833e-06 26299
1786277667887 2.911938759245923e-06 26349
1786277670500 2.832910501261898e-06 26399
1786277673112 2.755519372929596e-06 26449
1786277675722 2.679768032252927e-06 26499
1786277678339 2.6056590809171877e-06 26549
1786277681001 2.5331950641996953e-06 26599
1786277683640 2.462378470882366e-06 26649
1786277686364 2.393211733166245e-06 26699
1786277688994 2.325697226587975e-06 26749
1786277691631 2.259837269938174e-06 26799
1786277694260 2.1956341251818497e-06 26849
1786277696954 2.1330899973806625e-06 26899
1786277699598 2.0722070346172254e-06 26949
1786277702207 2.012987327921318e-06 26999
1786277704838 1.9554329111980816e-06 27049
1786277707461 1.8995457611581267e-06 27099
1786277710420 1.8453277972496853e-06 27149
1786277713044 1.792780881592671e-06 27199
1786277715642 1.7419068189147091e-06 27249
1786277718288 1.692707356489181e-06 27299
1786277720927 1.6451841840752033e-06 27349
1786277723582 1.5993389338595832e-06 27399
1786277726340 1.5551731804007726e-06 27449
1786277729059 1.512688440574772e-06 27499
1786277731773 1.4718861735230735e-06 27549
1786277734437 1.4327677806024828e-06 27599
1786277737098 1.395334605337063e-06 27649
1786277739749 1.3595879333719364e-06 27699
1786277742422 1.3255289924291405e-06 27749
1786277745109 1.293158952265479e-06 27799
1786277747832 1.2624789246323365e-06 27849
1786277750503 1.2334899632374907e-06 27899
1786277753159 1.2061930637089233e-06 27949
1786277755885 1.1805891635606318e-06 27999
1786277758608 1.1566791421604304e-06 28049
1786277761338 1.1344638206997362e-06 28099
1786277764020 1.1139439621653813e-06 28149
1786277766686 1.0951202713133993e-06 28199
1786277769392 1.0779933946448225e-06 28249
1786277772034 1.062563920383463e-06 28299
1786277774711 1.048832378455744e-06 28349
1786277777404 1.036799240472471e-06 28399
1786277780083 1.0264649197126412e-06 28449
1786277782820 1.0178297711092496e-06 28499
1786277785530 1.0108940912371034e-06 28549
1786277788210 1.0056581183026297e-06 28599
1786277790942 1.0021220321357072e-06 28649
1786277793587 1.0002859541834625e-06 28699
