1786136338641 2.4283504486083984 1595
1786136422641 6.165380954742432 3191
1786136507178 8.247018814086914 4787
1786136591635 9.244918823242188 6383
1786136675353 8.956685066223145 7979
1786136795988 10.015364646911621 9575
1786136878170 10.872186660766602 11171
1786136960485 11.275169372558594 12767
1786137042799 11.447720527648926 14363
1786137125649 11.584774017333984 15959
1786137207976 11.469803810119629 17555
1786137331245 11.427494049072266 19151
1786137414142 11.449447631835938 20747
1786137497373 11.353804588317871 22343
1786137580153 11.435036659240723 23939
1786137662158 11.457345962524414 25535
1786137744666 11.386848449707031 27131
1786137867278 11.443857192993164 28727
