1786136259517 1.5852930545806885 49
1786136262230 1.3314107656478882 99
1786136264746 1.3582022190093994 149
1786136267300 1.3719005584716797 199
1786136269809 1.4149539470672607 249
1786136272670 1.484299898147583 299
1786136275235 1.4720189571380615 349
1786136277802 1.463565707206726 399
1786136280367 1.5082000494003296 449
1786136282947 1.5679558515548706 499
1786136285451 1.5903462171554565 549
1786136287980 1.591269612312317 599
1786136290515 1.7944270372390747 649
1786136293144 1.9212511777877808 699
1786136295646 1.807320475578308 749
1786136298185 1.9341031312942505 799
1786136300706 2.2324798107147217 849
1786136303196 2.0861518383026123 899
1786136305758 2.373168706893921 949
1786136308276 2.34580397605896 999
1786136310790 2.4519200325012207 1049
1786136313293 2.881950855255127 1099
1786136315912 3.1980881690979004 1149
1786136318434 3.4406020641326904 1199
1786136321060 3.2056877613067627 1249
1786136323633 3.4359827041625977 1299
1786136326215 3.732985019683838 1349
1786136328747 3.8262734413146973 1399
1786136331268 4.0159101486206055 1449
1786136333786 3.8933804035186768 1499
1786136336329 3.907524824142456 1549
1786136339242 4.685583114624023 1599
1786136341801 4.715406894683838 1649
1786136344540 4.937905788421631 1699
1786136347301 3.9688937664031982 1749
1786136349867 5.122469902038574 1799
1786136352405 4.398080825805664 1849
1786136355103 4.690030097961426 1899
1786136357746 6.092953205108643 1949
1786136360288 5.44265604019165 1999
1786136362915 5.74941873550415 2049
1786136365567 5.490595817565918 2099
1786136368154 5.519880294799805 2149
1786136370776 6.179080486297607 2199
1786136373283 5.76829719543457 2249
1786136375900 6.516160011291504 2299
1786136378458 8.742471694946289 2349
1786136381056 6.765562534332275 2399
1786136383654 6.867252826690674 2449
1786136386469 5.285793304443359 2499
1786136389065 6.08750581741333 2549
1786136391606 7.282767295837402 2599
1786136394176 6.605018138885498 2649
1786136396767 6.676519870758057 2699
1786136399383 4.479612350463867 2749
1786136402046 7.219290733337402 2799
1786136404670 5.890084266662598 2849
1786136407313 6.748569965362549 2899
1786136409916 7.208747863769531 2949
1786136412555 6.285708904266357 2999
1786136415114 6.589094161987305 3049
1786136417820 7.537479877471924 3099
1786136420471 5.737819194793701 3149
1786136423416 7.122664451599121 3199
1786136426008 7.361392021179199 3249
1786136428675 6.911398887634277 3299
1786136431222 7.348449230194092 3349
1786136433801 7.142316818237305 3399
1786136436470 6.913218021392822 3449
1786136439254 9.770639419555664 3499
1786136441873 6.711627960205078 3549
1786136444496 8.226705551147461 3599
1786136447127 5.878946304321289 3649
1786136449944 8.131914138793945 3699
1786136452536 7.641571044921875 3749
1786136455149 8.42163372039795 3799
1786136457722 6.352519989013672 3849
1786136460473 8.880263328552246 3899
1786136463133 9.751453399658203 3949
1786136465692 7.100719451904297 3999
1786136468305 11.475287437438965 4049
1786136470916 8.592622756958008 4099
1786136473594 7.284670829772949 4149
1786136476304 7.857751369476318 4199
1786136478971 8.097527503967285 4249
1786136481577 7.8523101806640625 4299
1786136484161 7.162320137023926 4349
1786136486765 8.812936782836914 4399
1786136489335 6.16862678527832 4449
1786136491944 7.352881908416748 4499
1786136494476 8.653882026672363 4549
1786136497063 11.939196586608887 4599
1786136499666 10.761223793029785 4649
1786136502310 8.760162353515625 4699
1786136505208 7.45182466506958 4749
1786136508156 10.808816909790039 4799
1786136510681 8.836807250976562 4849
1786136513386 8.77492618560791 4899
1786136516036 8.750617027282715 4949
1786136518626 7.098166465759277 4999
1786136521215 10.434638023376465 5049
1786136523818 7.849316120147705 5099
1786136526471 9.746865272521973 5149
1786136529042 6.42888069152832 5199
1786136531690 9.635186195373535 5249
1786136534287 11.176740646362305 5299
1786136536877 7.48306131362915 5349
1786136539448 11.715349197387695 5399
1786136542086 7.510689735412598 5449
1786136544732 10.629487037658691 5499
1786136547367 7.9145402908325195 5549
1786136550046 7.523922920227051 5599
1786136552704 8.663617134094238 5649
1786136555354 10.728241920471191 5699
1786136557946 9.78331470489502 5749
1786136560570 7.778247356414795 5799
1786136563360 11.340008735656738 5849
1786136565978 13.551469802856445 5899
1786136568564 10.838055610656738 5949
1786136571204 8.969402313232422 5999
1786136573831 8.217300415039062 6049
1786136576549 10.589621543884277 6099
1786136579237 11.47402572631836 6149
1786136581842 7.53629732131958 6199
1786136584514 12.374067306518555 6249
1786136587216 12.746230125427246 6299
1786136589841 8.71573543548584 6349
1786136592889 8.809172630310059 6399
1786136595690 10.960395812988281 6449
1786136598340 7.865889549255371 6499
1786136600925 8.102523803710938 6549
1786136603440 9.15705680847168 6599
1786136606293 9.823116302490234 6649
1786136608864 9.743523597717285 6699
1786136611406 7.046496391296387 6749
1786136614053 10.428412437438965 6799
1786136616600 10.949419021606445 6849
1786136619211 7.463547229766846 6899
1786136621762 7.822454929351807 6949
1786136624265 6.7421159744262695 6999
1786136626938 10.397171974182129 7049
1786136629596 7.297211170196533 7099
1786136632287 12.386250495910645 7149
1786136634896 9.78176212310791 7199
1786136637515 9.763538360595703 7249
1786136640183 7.187729835510254 7299
1786136642830 7.566749572753906 7349
1786136645526 9.769639015197754 7399
1786136648088 9.1766996383667 7449
1786136650646 8.161286354064941 7499
1786136653221 9.267556190490723 7549
1786136655753 10.770739555358887 7599
1786136658299 9.492864608764648 7649
1786136660962 8.046271324157715 7699
1786136663584 8.780275344848633 7749
1786136666126 9.917336463928223 7799
1786136668654 9.13388442993164 7849
1786136671220 6.971676349639893 7899
1786136673772 11.44923210144043 7949
1786136676689 10.220667839050293 7999
1786136679215 6.077697277069092 8049
1786136681839 8.950675010681152 8099
1786136684417 10.626727104187012 8149
1786136687018 10.463500022888184 8199
1786136689578 8.948456764221191 8249
1786136692191 9.64938735961914 8299
1786136694701 9.565042495727539 8349
1786136697307 8.890080451965332 8399
1786136699841 9.904153823852539 8449
1786136702362 9.116846084594727 8499
1786136704942 8.125473022460938 8549
1786136707487 11.500717163085938 8599
1786136709990 8.611435890197754 8649
1786136712527 7.106528282165527 8699
1786136715062 10.856156349182129 8749
1786136717588 11.186756134033203 8799
1786136720154 10.11080265045166 8849
1786136722755 12.78914737701416 8899
1786136725333 8.99422550201416 8949
1786136727846 12.349566459655762 8999
1786136730505 11.502118110656738 9049
1786136733108 11.90099811553955 9099
1786136735720 10.071163177490234 9149
1786136738271 10.162069320678711 9199
1786136740817 10.684589385986328 9249
1786136743351 11.914900779724121 9299
1786136745933 8.065613746643066 9349
1786136748414 11.968229293823242 9399
1786136751001 10.490939140319824 9449
1786136753545 12.406379699707031 9499
1786136756044 6.612226486206055 9549
1786136797467 11.448538780212402 9599
1786136799977 11.589408874511719 9649
1786136802619 14.31040096282959 9699
1786136805165 9.817733764648438 9749
1786136807756 16.11597442626953 9799
1786136810376 9.861357688903809 9849
1786136812864 10.229997634887695 9899
1786136815398 11.704948425292969 9949
1786136817935 10.379942893981934 9999
1786136820442 9.964115142822266 10049
1786136823005 10.466140747070312 10099
1786136825510 12.733617782592773 10149
1786136828042 10.86252212524414 10199
1786136830597 8.906229019165039 10249
1786136833094 10.649664878845215 10299
1786136835654 11.230403900146484 10349
1786136838191 7.710615158081055 10399
1786136840748 11.08395004272461 10449
1786136843292 6.30057954788208 10499
1786136846035 7.848776340484619 10549
1786136848587 11.384519577026367 10599
1786136851127 12.184823036193848 10649
1786136853683 14.324701309204102 10699
1786136856326 8.941200256347656 10749
1786136858954 9.229898452758789 10799
1786136861484 11.849617004394531 10849
1786136864034 11.145630836486816 10899
1786136866548 11.534127235412598 10949
1786136869173 8.897245407104492 10999
1786136871767 11.565491676330566 11049
1786136874393 14.848316192626953 11099
1786136876945 10.067193031311035 11149
1786136879881 7.618962287902832 11199
1786136882410 12.036662101745605 11249
1786136884964 10.596900939941406 11299
1786136887559 12.215465545654297 11349
1786136890154 11.500231742858887 11399
1786136892713 7.907460689544678 11449
1786136895296 13.423768043518066 11499
1786136897833 10.372173309326172 11549
1786136900443 12.546747207641602 11599
1786136903035 10.724825859069824 11649
1786136905598 12.37096881866455 11699
1786136908258 12.502662658691406 11749
1786136910819 10.519842147827148 11799
1786136913366 10.821487426757812 11849
1786136915922 9.440364837646484 11899
1786136918550 10.73843002319336 11949
1786136921131 9.01799201965332 11999
1786136923747 7.9837164878845215 12049
1786136926279 13.43587875366211 12099
1786136928906 7.133357524871826 12149
1786136931455 10.819974899291992 12199
1786136933990 10.2789945602417 12249
1786136936521 11.98067855834961 12299
1786136938992 13.465008735656738 12349
1786136941521 12.664978981018066 12399
1786136944107 13.84804916381836 12449
1786136946705 11.377501487731934 12499
1786136949267 9.291974067687988 12549
1786136951872 12.443105697631836 12599
1786136954407 10.473889350891113 12649
1786136956994 11.131049156188965 12699
1786136959560 9.66043758392334 12749
1786136962373 12.47754192352295 12799
1786136964887 9.547666549682617 12849
1786136967487 13.48502254486084 12899
1786136970022 12.664424896240234 12949
1786136972572 9.731799125671387 12999
1786136975117 10.321490287780762 13049
1786136977653 10.641257286071777 13099
1786136980161 12.366448402404785 13149
1786136982754 10.491660118103027 13199
1786136985321 10.286674499511719 13249
1786136987889 12.495421409606934 13299
1786136990742 13.120933532714844 13349
1786136993348 14.260636329650879 13399
1786136995873 11.173967361450195 13449
1786136998395 9.93867015838623 13499
1786137000933 13.206734657287598 13549
1786137003451 11.014498710632324 13599
1786137006074 11.928506851196289 13649
1786137008638 11.783031463623047 13699
1786137011209 9.90712833404541 13749
1786137013758 11.57437801361084 13799
1786137016360 13.879229545593262 13849
1786137018953 10.250256538391113 13899
1786137021455 13.502737045288086 13949
1786137024016 10.164817810058594 13999
1786137026605 13.18929672241211 14049
1786137029151 12.835952758789062 14099
1786137031721 10.095195770263672 14149
1786137034234 14.69442081451416 14199
1786137036862 11.708720207214355 14249
1786137039462 11.057059288024902 14299
1786137042045 11.450535774230957 14349
1786137044864 10.669870376586914 14399
1786137047349 12.856401443481445 14449
1786137049889 11.339132308959961 14499
1786137052436 12.279109954833984 14549
1786137055001 12.568100929260254 14599
1786137057590 12.01889705657959 14649
1786137060127 12.010516166687012 14699
1786137062662 12.055560111999512 14749
1786137065282 12.965611457824707 14799
1786137067854 9.604913711547852 14849
1786137070420 9.18924617767334 14899
1786137073143 12.249917984008789 14949
1786137075729 12.180171966552734 14999
1786137078446 13.297357559204102 15049
1786137080994 12.522562026977539 15099
1786137083630 11.728571891784668 15149
1786137086233 9.724766731262207 15199
1786137088812 11.579705238342285 15249
1786137091340 10.26718521118164 15299
1786137093954 9.010249137878418 15349
1786137096557 10.74142074584961 15399
1786137099132 13.639538764953613 15449
1786137101748 12.409996032714844 15499
1786137104316 17.862464904785156 15549
1786137106869 10.987617492675781 15599
1786137109407 11.039610862731934 15649
1786137112022 10.110721588134766 15699
1786137114574 11.345332145690918 15749
1786137117180 14.1221342086792 15799
1786137119768 14.079499244689941 15849
1786137122325 10.910330772399902 15899
1786137124965 12.480850219726562 15949
1786137127931 10.539413452148438 15999
1786137130507 13.201528549194336 16049
1786137133050 10.394509315490723 16099
1786137135660 10.736427307128906 16149
1786137138217 11.478316307067871 16199
1786137140778 8.718161582946777 16249
1786137143421 12.259013175964355 16299
1786137146047 9.952247619628906 16349
1786137148640 12.007150650024414 16399
1786137151252 13.33402156829834 16449
1786137153850 11.961409568786621 16499
1786137156385 11.126654624938965 16549
1786137158945 12.37643814086914 16599
1786137161511 15.031011581420898 16649
1786137164030 14.060253143310547 16699
1786137166576 13.735647201538086 16749
1786137169136 12.431160926818848 16799
1786137171714 13.044119834899902 16849
1786137174268 10.976081848144531 16899
1786137176824 12.584783554077148 16949
1786137179314 12.853225708007812 16999
1786137181835 10.443235397338867 17049
1786137184388 11.467706680297852 17099
1786137186933 11.245651245117188 17149
1786137189513 11.632040977478027 17199
1786137192100 9.443631172180176 17249
1786137194676 12.158397674560547 17299
1786137197175 12.615787506103516 17349
1786137199765 12.920923233032227 17399
1786137202390 9.426304817199707 17449
1786137205012 11.542484283447266 17499
1786137207613 11.266057014465332 17549
1786137210459 13.786822319030762 17599
1786137213028 10.421834945678711 17649
1786137215583 9.916657447814941 17699
1786137218136 12.16110897064209 17749
1786137220702 11.918627738952637 17799
1786137223286 10.902112007141113 17849
1786137225925 10.061161041259766 17899
1786137228606 13.145084381103516 17949
1786137231231 14.048157691955566 17999
1786137233863 10.771395683288574 18049
1786137236498 10.629190444946289 18099
1786137239067 12.81038761138916 18149
1786137241678 14.218247413635254 18199
1786137244347 10.451543807983398 18249
1786137246949 11.728386878967285 18299
1786137249515 11.906115531921387 18349
1786137252108 10.439013481140137 18399
1786137254733 9.871246337890625 18449
1786137257326 10.93532943725586 18499
1786137259907 11.87050724029541 18549
1786137262515 12.307684898376465 18599
1786137265066 8.434779167175293 18649
1786137267639 8.889347076416016 18699
1786137270275 13.847542762756348 18749
1786137272944 11.684060096740723 18799
1786137275537 10.656681060791016 18849
1786137278107 8.118720054626465 18899
1786137280759 11.766672134399414 18949
1786137283324 12.35715389251709 18999
1786137285946 10.320846557617188 19049
1786137288578 12.19821548461914 19099
1786137291133 11.197967529296875 19149
1786137333930 10.976127624511719 19199
1786137336588 10.559957504272461 19249
1786137339190 11.93720817565918 19299
1786137341760 7.893676280975342 19349
1786137344350 10.49240779876709 19399
1786137347046 11.933633804321289 19449
1786137349608 13.237456321716309 19499
1786137352216 9.141791343688965 19549
1786137354818 11.248612403869629 19599
1786137357379 10.165570259094238 19649
1786137360006 13.143938064575195 19699
1786137362620 12.980047225952148 19749
1786137365269 11.336079597473145 19799
1786137367940 10.234018325805664 19849
1786137370504 16.462678909301758 19899
1786137373072 7.800777912139893 19949
1786137375601 12.922205924987793 19999
1786137378193 12.868234634399414 20049
1786137380773 12.596307754516602 20099
1786137383359 11.381296157836914 20149
1786137385874 13.471700668334961 20199
1786137388589 12.763423919677734 20249
1786137391159 11.847881317138672 20299
1786137393692 11.628763198852539 20349
1786137396289 13.398633003234863 20399
1786137398877 12.550907135009766 20449
1786137401414 12.458575248718262 20499
1786137403967 11.84578800201416 20549
1786137406532 13.586488723754883 20599
1786137409109 9.041899681091309 20649
1786137411678 9.982887268066406 20699
1786137414675 12.367363929748535 20749
1786137417227 8.031625747680664 20799
1786137419849 7.942670822143555 20849
1786137422484 12.141419410705566 20899
1786137425100 11.877911567687988 20949
1786137427678 10.086603164672852 20999
1786137430196 10.747858047485352 21049
1786137432756 13.19161319732666 21099
1786137435318 11.050305366516113 21149
1786137437884 13.4231595993042 21199
1786137440487 9.257518768310547 21249
1786137443076 11.14749813079834 21299
1786137445680 9.554195404052734 21349
1786137448277 9.491364479064941 21399
1786137450946 9.931946754455566 21449
1786137453553 14.96280574798584 21499
1786137456208 11.262020111083984 21549
1786137458904 10.443398475646973 21599
1786137461495 13.801900863647461 21649
1786137464060 12.95263385772705 21699
1786137466618 12.80806827545166 21749
1786137469163 11.405580520629883 21799
1786137471696 9.5365629196167 21849
1786137474311 11.195452690124512 21899
1786137476826 11.006512641906738 21949
1786137479459 10.312774658203125 21999
1786137482022 13.83645248413086 22049
1786137484711 10.390873908996582 22099
1786137487315 8.369291305541992 22149
1786137489904 14.481461524963379 22199
1786137492493 15.650272369384766 22249
1786137495141 11.096464157104492 22299
1786137498045 12.443928718566895 22349
1786137500606 12.534775733947754 22399
1786137503197 10.898077964782715 22449
1786137505732 13.37621784210205 22499
1786137508282 13.916718482971191 22549
1786137510790 14.206499099731445 22599
1786137513342 10.545135498046875 22649
1786137515887 12.889801979064941 22699
1786137518436 12.047237396240234 22749
1786137520970 11.975981712341309 22799
1786137523524 11.315897941589355 22849
1786137526117 13.272503852844238 22899
1786137528739 14.990471839904785 22949
1786137531374 15.645110130310059 22999
1786137533974 10.824848175048828 23049
1786137536491 10.070099830627441 23099
1786137539088 9.462990760803223 23149
1786137541667 12.352682113647461 23199
1786137544223 12.344605445861816 23249
1786137546777 13.333755493164062 23299
1786137549436 11.026793479919434 23349
1786137552000 7.083168029785156 23399
1786137554601 11.305925369262695 23449
1786137557199 13.23947811126709 23499
1786137559744 9.82909870147705 23549
1786137562318 10.352885246276855 23599
1786137564945 10.874711990356445 23649
1786137567566 16.263442993164062 23699
1786137570206 10.940579414367676 23749
1786137572850 11.435456275939941 23799
1786137575425 12.755708694458008 23849
1786137578013 11.999740600585938 23899
1786137581078 11.279373168945312 23949
1786137583700 10.126463890075684 23999
1786137586243 9.498926162719727 24049
1786137588884 13.774824142456055 24099
1786137591464 12.816283226013184 24149
1786137594015 11.976812362670898 24199
1786137596531 9.913390159606934 24249
1786137599068 10.814273834228516 24299
1786137601632 9.115584373474121 24349
1786137604314 11.760279655456543 24399
1786137606840 11.677688598632812 24449
1786137609386 13.038758277893066 24499
1786137611865 11.678179740905762 24549
1786137614351 10.73746109008789 24599
1786137616870 10.683303833007812 24649
1786137619347 11.97195053100586 24699
1786137621891 11.332093238830566 24749
1786137624441 10.437298774719238 24799
1786137627008 12.961929321289062 24849
1786137629532 11.535243034362793 24899
1786137632091 9.790327072143555 24949
1786137634720 11.149127960205078 24999
1786137637237 7.9304680824279785 25049
1786137639827 10.752373695373535 25099
1786137642442 11.617417335510254 25149
1786137644910 11.999582290649414 25199
1786137647489 9.402332305908203 25249
1786137650025 10.33232307434082 25299
1786137652610 10.049836158752441 25349
1786137655270 9.5116548538208 25399
1786137657811 12.874537467956543 25449
1786137660285 11.27000617980957 25499
1786137663163 13.48770523071289 25549
1786137665649 9.543830871582031 25599
1786137668263 11.997997283935547 25649
1786137670870 12.901410102844238 25699
1786137673482 11.458721160888672 25749
1786137676046 10.313969612121582 25799
1786137678744 12.648752212524414 25849
1786137681353 11.605016708374023 25899
1786137683938 10.805015563964844 25949
1786137686555 13.301578521728516 25999
1786137689129 12.555957794189453 26049
1786137691655 11.12817668914795 26099
1786137694152 8.311457633972168 26149
1786137696826 10.682352066040039 26199
1786137699355 10.869345664978027 26249
1786137701874 14.420843124389648 26299
1786137704437 10.913605690002441 26349
1786137707034 10.930014610290527 26399
1786137709544 9.713114738464355 26449
1786137712088 13.161396980285645 26499
1786137714628 10.530196189880371 26549
1786137717161 10.665943145751953 26599
1786137719810 10.266852378845215 26649
1786137722387 11.219781875610352 26699
1786137724989 10.553743362426758 26749
1786137727580 11.61996078491211 26799
1786137730166 9.868006706237793 26849
1786137732693 10.278888702392578 26899
1786137735255 9.436433792114258 26949
1786137737870 10.33060359954834 26999
1786137740498 14.173247337341309 27049
1786137743029 9.663724899291992 27099
1786137746067 11.122268676757812 27149
1786137748612 12.810900688171387 27199
1786137751180 13.094351768493652 27249
1786137753728 11.039695739746094 27299
1786137756294 12.493277549743652 27349
1786137758936 12.634751319885254 27399
1786137761500 10.361465454101562 27449
1786137764041 8.396711349487305 27499
1786137766608 11.180850982666016 27549
1786137769144 16.103458404541016 27599
1786137771751 9.790009498596191 27649
1786137774328 10.858927726745605 27699
1786137776907 11.28781509399414 27749
1786137779521 11.421187400817871 27799
1786137782047 11.858795166015625 27849
1786137784573 9.31734848022461 27899
1786137787190 11.819580078125 27949
1786137789700 10.968571662902832 27999
1786137792264 12.069350242614746 28049
1786137794860 10.039440155029297 28099
1786137797460 12.571202278137207 28149
1786137799955 9.961606979370117 28199
1786137802539 14.766278266906738 28249
1786137805105 15.253639221191406 28299
1786137807680 9.71663761138916 28349
1786137810240 12.269813537597656 28399
1786137813033 14.160784721374512 28449
1786137815627 9.841638565063477 28499
1786137818278 12.480205535888672 28549
1786137820878 11.658129692077637 28599
1786137823411 10.666860580444336 28649
1786137825996 14.903970718383789 28699
