1786136259517 22.0 49
1786136262230 23.0 99
1786136264746 24.0 149
1786136267300 26.0 199
1786136269809 29.0 249
1786136272670 35.0 299
1786136275235 43.0 349
1786136277802 50.0 399
1786136280367 61.0 449
1786136282947 70.0 499
1786136285451 81.0 549
1786136287980 99.0 599
1786136290515 128.0 649
1786136293144 137.0 699
1786136295646 172.0 749
1786136298185 216.0 799
1786136300706 257.0 849
1786136303196 283.0 899
1786136305758 312.0 949
1786136308276 371.0 999
1786136310790 392.0 1049
1786136313293 433.0 1099
1786136315912 442.0 1149
1786136318434 533.0 1199
1786136321060 577.0 1249
1786136323633 601.0 1299
1786136326215 614.0 1349
1786136328747 668.0 1399
1786136331268 708.0 1449
1786136333786 715.0 1499
1786136336329 721.0 1549
1786136339242 771.0 1599
1786136341801 790.0 1649
1786136344540 860.0 1699
1786136347301 851.0 1749
1786136349867 852.0 1799
1786136352405 868.0 1849
1786136355103 867.0 1899
1786136357746 889.0 1949
1786136360288 896.0 1999
1786136362915 892.0 2049
1786136365567 911.0 2099
1786136368154 909.0 2149
1786136370776 873.0 2199
1786136373283 914.0 2249
1786136375900 914.0 2299
1786136378458 882.0 2349
1786136381056 901.0 2399
1786136383654 929.0 2449
1786136386469 922.0 2499
1786136389065 887.0 2549
1786136391606 902.0 2599
1786136394176 919.0 2649
1786136396767 890.0 2699
1786136399383 929.0 2749
1786136402046 893.0 2799
1786136404670 888.0 2849
1786136407313 916.0 2899
1786136409916 903.0 2949
1786136412555 913.0 2999
1786136415114 914.0 3049
1786136417820 892.0 3099
1786136420471 923.0 3149
1786136423416 934.0 3199
1786136426008 918.0 3249
1786136428675 910.0 3299
1786136431222 907.0 3349
1786136433801 923.0 3399
1786136436470 921.0 3449
1786136439254 926.0 3499
1786136441873 937.0 3549
1786136444496 915.0 3599
1786136447127 912.0 3649
1786136449944 928.0 3699
1786136452536 886.0 3749
1786136455149 906.0 3799
1786136457722 887.0 3849
1786136460473 913.0 3899
1786136463133 916.0 3949
1786136465692 908.0 3999
1786136468305 879.0 4049
1786136470916 905.0 4099
1786136473594 903.0 4149
1786136476304 900.0 4199
1786136478971 887.0 4249
1786136481577 913.0 4299
1786136484161 904.0 4349
1786136486765 913.0 4399
1786136489335 923.0 4449
1786136491944 932.0 4499
1786136494476 902.0 4549
1786136497063 902.0 4599
1786136499666 892.0 4649
1786136502310 904.0 4699
1786136505208 909.0 4749
1786136508156 894.0 4799
1786136510681 906.0 4849
1786136513386 890.0 4899
1786136516036 885.0 4949
1786136518626 897.0 4999
1786136521215 864.0 5049
1786136523818 897.0 5099
1786136526471 909.0 5149
1786136529042 880.0 5199
1786136531690 889.0 5249
1786136534287 881.0 5299
1786136536877 885.0 5349
1786136539448 902.0 5399
1786136542086 910.0 5449
1786136544732 890.0 5499
1786136547367 922.0 5549
1786136550046 913.0 5599
1786136552704 909.0 5649
1786136555354 918.0 5699
1786136557946 929.0 5749
1786136560570 878.0 5799
1786136563360 853.0 5849
1786136565978 887.0 5899
1786136568564 928.0 5949
1786136571204 881.0 5999
1786136573831 915.0 6049
1786136576549 886.0 6099
1786136579237 917.0 6149
1786136581842 913.0 6199
1786136584514 920.0 6249
1786136587216 882.0 6299
1786136589841 924.0 6349
1786136592889 891.0 6399
1786136595690 935.0 6449
1786136598340 931.0 6499
1786136600925 907.0 6549
1786136603440 905.0 6599
1786136606293 902.0 6649
1786136608864 916.0 6699
1786136611406 902.0 6749
1786136614053 902.0 6799
1786136616600 915.0 6849
1786136619211 909.0 6899
1786136621762 911.0 6949
1786136624265 881.0 6999
1786136626938 911.0 7049
1786136629596 928.0 7099
1786136632287 940.0 7149
1786136634896 921.0 7199
1786136637515 935.0 7249
1786136640183 908.0 7299
1786136642830 928.0 7349
1786136645526 945.0 7399
1786136648088 910.0 7449
1786136650646 911.0 7499
1786136653221 920.0 7549
1786136655753 895.0 7599
1786136658299 921.0 7649
1786136660962 898.0 7699
1786136663584 921.0 7749
1786136666126 933.0 7799
1786136668654 917.0 7849
1786136671220 912.0 7899
1786136673772 912.0 7949
1786136676689 898.0 7999
1786136679215 880.0 8049
1786136681839 917.0 8099
1786136684417 898.0 8149
1786136687018 923.0 8199
1786136689578 918.0 8249
1786136692191 941.0 8299
1786136694701 920.0 8349
1786136697307 898.0 8399
1786136699841 897.0 8449
1786136702362 939.0 8499
1786136704942 929.0 8549
1786136707487 895.0 8599
1786136709990 898.0 8649
1786136712527 926.0 8699
1786136715062 893.0 8749
1786136717588 921.0 8799
1786136720154 905.0 8849
1786136722755 900.0 8899
1786136725333 875.0 8949
1786136727846 914.0 8999
1786136730505 904.0 9049
1786136733108 905.0 9099
1786136735720 885.0 9149
1786136738271 922.0 9199
1786136740817 893.0 9249
1786136743351 914.0 9299
1786136745933 888.0 9349
1786136748414 905.0 9399
1786136751001 857.0 9449
1786136753545 910.0 9499
1786136756044 886.0 9549
1786136797467 925.0 9599
1786136799977 866.0 9649
1786136802619 888.0 9699
1786136805165 872.0 9749
1786136807756 893.0 9799
1786136810376 904.0 9849
1786136812864 896.0 9899
1786136815398 860.0 9949
1786136817935 895.0 9999
1786136820442 903.0 10049
1786136823005 882.0 10099
1786136825510 919.0 10149
1786136828042 900.0 10199
1786136830597 872.0 10249
1786136833094 881.0 10299
1786136835654 909.0 10349
1786136838191 877.0 10399
1786136840748 908.0 10449
1786136843292 910.0 10499
1786136846035 913.0 10549
1786136848587 925.0 10599
1786136851127 893.0 10649
1786136853683 886.0 10699
1786136856326 902.0 10749
1786136858954 907.0 10799
1786136861484 894.0 10849
1786136864034 885.0 10899
1786136866548 893.0 10949
1786136869173 921.0 10999
1786136871767 875.0 11049
1786136874393 867.0 11099
1786136876945 924.0 11149
1786136879881 884.0 11199
1786136882410 902.0 11249
1786136884964 907.0 11299
1786136887559 905.0 11349
1786136890154 893.0 11399
1786136892713 920.0 11449
1786136895296 892.0 11499
1786136897833 912.0 11549
1786136900443 914.0 11599
1786136903035 900.0 11649
1786136905598 912.0 11699
1786136908258 858.0 11749
1786136910819 894.0 11799
1786136913366 913.0 11849
1786136915922 899.0 11899
1786136918550 893.0 11949
1786136921131 910.0 11999
1786136923747 885.0 12049
1786136926279 907.0 12099
1786136928906 852.0 12149
1786136931455 895.0 12199
1786136933990 884.0 12249
1786136936521 877.0 12299
1786136938992 925.0 12349
1786136941521 878.0 12399
1786136944107 910.0 12449
1786136946705 921.0 12499
1786136949267 897.0 12549
1786136951872 924.0 12599
1786136954407 885.0 12649
1786136956994 891.0 12699
1786136959560 904.0 12749
1786136962373 899.0 12799
1786136964887 894.0 12849
1786136967487 887.0 12899
1786136970022 918.0 12949
1786136972572 922.0 12999
1786136975117 898.0 13049
1786136977653 903.0 13099
1786136980161 844.0 13149
1786136982754 898.0 13199
1786136985321 885.0 13249
1786136987889 881.0 13299
1786136990742 914.0 13349
1786136993348 879.0 13399
1786136995873 924.0 13449
1786136998395 898.0 13499
1786137000933 887.0 13549
1786137003451 913.0 13599
1786137006074 903.0 13649
1786137008638 883.0 13699
1786137011209 897.0 13749
1786137013758 924.0 13799
1786137016360 869.0 13849
1786137018953 907.0 13899
1786137021455 867.0 13949
1786137024016 901.0 13999
1786137026605 901.0 14049
1786137029151 911.0 14099
1786137031721 933.0 14149
1786137034234 872.0 14199
1786137036862 926.0 14249
1786137039462 925.0 14299
1786137042045 919.0 14349
1786137044864 911.0 14399
1786137047349 877.0 14449
1786137049889 910.0 14499
1786137052436 924.0 14549
1786137055001 911.0 14599
1786137057590 936.0 14649
1786137060127 890.0 14699
1786137062662 916.0 14749
1786137065282 923.0 14799
1786137067854 906.0 14849
1786137070420 915.0 14899
1786137073143 927.0 14949
1786137075729 896.0 14999
1786137078446 910.0 15049
1786137080994 921.0 15099
1786137083630 905.0 15149
1786137086233 923.0 15199
1786137088812 906.0 15249
1786137091340 882.0 15299
1786137093954 930.0 15349
1786137096557 910.0 15399
1786137099132 902.0 15449
1786137101748 909.0 15499
1786137104316 911.0 15549
1786137106869 919.0 15599
1786137109407 888.0 15649
1786137112022 899.0 15699
1786137114574 922.0 15749
1786137117180 922.0 15799
1786137119768 886.0 15849
1786137122325 900.0 15899
1786137124965 904.0 15949
1786137127931 898.0 15999
1786137130507 907.0 16049
1786137133050 919.0 16099
1786137135660 897.0 16149
1786137138217 897.0 16199
1786137140778 917.0 16249
1786137143421 921.0 16299
1786137146047 906.0 16349
1786137148640 889.0 16399
1786137151252 909.0 16449
1786137153850 911.0 16499
1786137156385 895.0 16549
1786137158945 925.0 16599
1786137161511 904.0 16649
1786137164030 895.0 16699
1786137166576 896.0 16749
1786137169136 908.0 16799
1786137171714 884.0 16849
1786137174268 915.0 16899
1786137176824 898.0 16949
1786137179314 894.0 16999
1786137181835 861.0 17049
1786137184388 918.0 17099
1786137186933 930.0 17149
1786137189513 895.0 17199
1786137192100 928.0 17249
1786137194676 897.0 17299
1786137197175 899.0 17349
1786137199765 919.0 17399
1786137202390 898.0 17449
1786137205012 895.0 17499
1786137207613 930.0 17549
1786137210459 920.0 17599
1786137213028 890.0 17649
1786137215583 882.0 17699
1786137218136 871.0 17749
1786137220702 908.0 17799
1786137223286 914.0 17849
1786137225925 911.0 17899
1786137228606 901.0 17949
1786137231231 878.0 17999
1786137233863 905.0 18049
1786137236498 915.0 18099
1786137239067 849.0 18149
1786137241678 891.0 18199
1786137244347 905.0 18249
1786137246949 916.0 18299
1786137249515 899.0 18349
1786137252108 916.0 18399
1786137254733 855.0 18449
1786137257326 900.0 18499
1786137259907 886.0 18549
1786137262515 926.0 18599
1786137265066 898.0 18649
1786137267639 924.0 18699
1786137270275 912.0 18749
1786137272944 887.0 18799
1786137275537 885.0 18849
1786137278107 911.0 18899
1786137280759 879.0 18949
1786137283324 901.0 18999
1786137285946 901.0 19049
1786137288578 907.0 19099
1786137291133 882.0 19149
1786137333930 919.0 19199
1786137336588 909.0 19249
1786137339190 890.0 19299
1786137341760 874.0 19349
1786137344350 897.0 19399
1786137347046 891.0 19449
1786137349608 894.0 19499
1786137352216 894.0 19549
1786137354818 893.0 19599
1786137357379 903.0 19649
1786137360006 883.0 19699
1786137362620 915.0 19749
1786137365269 894.0 19799
1786137367940 933.0 19849
1786137370504 903.0 19899
1786137373072 889.0 19949
1786137375601 914.0 19999
1786137378193 897.0 20049
1786137380773 895.0 20099
1786137383359 917.0 20149
1786137385874 891.0 20199
1786137388589 913.0 20249
1786137391159 911.0 20299
1786137393692 910.0 20349
1786137396289 921.0 20399
1786137398877 904.0 20449
1786137401414 915.0 20499
1786137403967 926.0 20549
1786137406532 945.0 20599
1786137409109 928.0 20649
1786137411678 853.0 20699
1786137414675 907.0 20749
1786137417227 878.0 20799
1786137419849 919.0 20849
1786137422484 889.0 20899
1786137425100 893.0 20949
1786137427678 884.0 20999
1786137430196 913.0 21049
1786137432756 903.0 21099
1786137435318 924.0 21149
1786137437884 890.0 21199
1786137440487 896.0 21249
1786137443076 897.0 21299
1786137445680 921.0 21349
1786137448277 903.0 21399
1786137450946 918.0 21449
1786137453553 886.0 21499
1786137456208 930.0 21549
1786137458904 927.0 21599
1786137461495 906.0 21649
1786137464060 889.0 21699
1786137466618 887.0 21749
1786137469163 922.0 21799
1786137471696 907.0 21849
1786137474311 910.0 21899
1786137476826 877.0 21949
1786137479459 892.0 21999
1786137482022 907.0 22049
1786137484711 912.0 22099
1786137487315 905.0 22149
1786137489904 894.0 22199
1786137492493 893.0 22249
1786137495141 899.0 22299
1786137498045 901.0 22349
1786137500606 892.0 22399
1786137503197 908.0 22449
1786137505732 916.0 22499
1786137508282 887.0 22549
1786137510790 901.0 22599
1786137513342 917.0 22649
1786137515887 909.0 22699
1786137518436 915.0 22749
1786137520970 933.0 22799
1786137523524 922.0 22849
1786137526117 910.0 22899
1786137528739 912.0 22949
1786137531374 893.0 22999
1786137533974 908.0 23049
1786137536491 897.0 23099
1786137539088 924.0 23149
1786137541667 904.0 23199
1786137544223 899.0 23249
1786137546777 922.0 23299
1786137549436 890.0 23349
1786137552000 892.0 23399
1786137554601 913.0 23449
1786137557199 907.0 23499
1786137559744 922.0 23549
1786137562318 922.0 23599
1786137564945 909.0 23649
1786137567566 894.0 23699
1786137570206 929.0 23749
1786137572850 897.0 23799
1786137575425 922.0 23849
1786137578013 897.0 23899
1786137581078 896.0 23949
1786137583700 922.0 23999
1786137586243 928.0 24049
1786137588884 897.0 24099
1786137591464 893.0 24149
1786137594015 915.0 24199
1786137596531 909.0 24249
1786137599068 916.0 24299
1786137601632 920.0 24349
1786137604314 916.0 24399
1786137606840 913.0 24449
1786137609386 911.0 24499
1786137611865 907.0 24549
1786137614351 932.0 24599
1786137616870 913.0 24649
1786137619347 920.0 24699
1786137621891 883.0 24749
1786137624441 895.0 24799
1786137627008 914.0 24849
1786137629532 919.0 24899
1786137632091 909.0 24949
1786137634720 896.0 24999
1786137637237 899.0 25049
1786137639827 927.0 25099
1786137642442 919.0 25149
1786137644910 916.0 25199
1786137647489 924.0 25249
1786137650025 919.0 25299
1786137652610 936.0 25349
1786137655270 918.0 25399
1786137657811 905.0 25449
1786137660285 905.0 25499
1786137663163 910.0 25549
1786137665649 909.0 25599
1786137668263 899.0 25649
1786137670870 916.0 25699
1786137673482 908.0 25749
1786137676046 882.0 25799
1786137678744 937.0 25849
1786137681353 920.0 25899
1786137683938 906.0 25949
1786137686555 877.0 25999
1786137689129 914.0 26049
1786137691655 926.0 26099
1786137694152 884.0 26149
1786137696826 911.0 26199
1786137699355 900.0 26249
1786137701874 894.0 26299
1786137704437 889.0 26349
1786137707034 907.0 26399
1786137709544 902.0 26449
1786137712088 891.0 26499
1786137714628 913.0 26549
1786137717161 925.0 26599
1786137719810 908.0 26649
1786137722387 925.0 26699
1786137724989 914.0 26749
1786137727580 915.0 26799
1786137730166 900.0 26849
1786137732693 926.0 26899
1786137735255 909.0 26949
1786137737870 920.0 26999
1786137740498 899.0 27049
1786137743029 932.0 27099
1786137746067 916.0 27149
1786137748612 919.0 27199
1786137751180 901.0 27249
1786137753728 940.0 27299
1786137756294 918.0 27349
1786137758936 922.0 27399
1786137761500 913.0 27449
1786137764041 897.0 27499
1786137766608 871.0 27549
1786137769144 924.0 27599
1786137771751 898.0 27649
1786137774328 884.0 27699
1786137776907 894.0 27749
1786137779521 885.0 27799
1786137782047 912.0 27849
1786137784573 904.0 27899
1786137787190 919.0 27949
1786137789700 905.0 27999
1786137792264 890.0 28049
1786137794860 900.0 28099
1786137797460 908.0 28149
1786137799955 886.0 28199
1786137802539 923.0 28249
1786137805105 914.0 28299
1786137807680 884.0 28349
1786137810240 912.0 28399
1786137813033 912.0 28449
1786137815627 915.0 28499
1786137818278 905.0 28549
1786137820878 921.0 28599
1786137823411 892.0 28649
1786137825996 889.0 28699
