1786136259517 0.02199999988079071 49
1786136262230 0.023000000044703484 99
1786136264746 0.024000000208616257 149
1786136267300 0.026000000536441803 199
1786136269809 0.028999999165534973 249
1786136272670 0.03500000014901161 299
1786136275235 0.0430000014603138 349
1786136277802 0.05000000074505806 399
1786136280367 0.061000000685453415 449
1786136282947 0.07000000029802322 499
1786136285451 0.08100000023841858 549
1786136287980 0.0989999994635582 599
1786136290515 0.12800000607967377 649
1786136293144 0.13699999451637268 699
1786136295646 0.1720000058412552 749
1786136298185 0.2160000056028366 799
1786136300706 0.25699999928474426 849
1786136303196 0.28299999237060547 899
1786136305758 0.31200000643730164 949
1786136308276 0.3709999918937683 999
1786136310790 0.3919999897480011 1049
1786136313293 0.43299999833106995 1099
1786136315912 0.44200000166893005 1149
1786136318434 0.5329999923706055 1199
1786136321060 0.5770000219345093 1249
1786136323633 0.6010000109672546 1299
1786136326215 0.6140000224113464 1349
1786136328747 0.6679999828338623 1399
1786136331268 0.7080000042915344 1449
1786136333786 0.7149999737739563 1499
1786136336329 0.7210000157356262 1549
1786136339242 0.7710000276565552 1599
1786136341801 0.7900000214576721 1649
1786136344540 0.8600000143051147 1699
1786136347301 0.8510000109672546 1749
1786136349867 0.8519999980926514 1799
1786136352405 0.8679999709129333 1849
1786136355103 0.8669999837875366 1899
1786136357746 0.8889999985694885 1949
1786136360288 0.8960000276565552 1999
1786136362915 0.8920000195503235 2049
1786136365567 0.9110000133514404 2099
1786136368154 0.9089999794960022 2149
1786136370776 0.8730000257492065 2199
1786136373283 0.9139999747276306 2249
1786136375900 0.9139999747276306 2299
1786136378458 0.8820000290870667 2349
1786136381056 0.9010000228881836 2399
1786136383654 0.9290000200271606 2449
1786136386469 0.921999990940094 2499
1786136389065 0.8870000243186951 2549
1786136391606 0.9020000100135803 2599
1786136394176 0.9190000295639038 2649
1786136396767 0.8899999856948853 2699
1786136399383 0.9290000200271606 2749
1786136402046 0.8930000066757202 2799
1786136404670 0.8880000114440918 2849
1786136407313 0.9160000085830688 2899
1786136409916 0.902999997138977 2949
1786136412555 0.9129999876022339 2999
1786136415114 0.9139999747276306 3049
1786136417820 0.8920000195503235 3099
1786136420471 0.9229999780654907 3149
1786136423416 0.9340000152587891 3199
1786136426008 0.9179999828338623 3249
1786136428675 0.9100000262260437 3299
1786136431222 0.9070000052452087 3349
1786136433801 0.9229999780654907 3399
1786136436470 0.9210000038146973 3449
1786136439254 0.9259999990463257 3499
1786136441873 0.9369999766349792 3549
1786136444496 0.9150000214576721 3599
1786136447127 0.9120000004768372 3649
1786136449944 0.9279999732971191 3699
1786136452536 0.8859999775886536 3749
1786136455149 0.906000018119812 3799
1786136457722 0.8870000243186951 3849
1786136460473 0.9129999876022339 3899
1786136463133 0.9160000085830688 3949
1786136465692 0.9079999923706055 3999
1786136468305 0.8790000081062317 4049
1786136470916 0.9049999713897705 4099
1786136473594 0.902999997138977 4149
1786136476304 0.8999999761581421 4199
1786136478971 0.8870000243186951 4249
1786136481577 0.9129999876022339 4299
1786136484161 0.9039999842643738 4349
1786136486765 0.9129999876022339 4399
1786136489335 0.9229999780654907 4449
1786136491944 0.9319999814033508 4499
1786136494476 0.9020000100135803 4549
1786136497063 0.9020000100135803 4599
1786136499666 0.8920000195503235 4649
1786136502310 0.9039999842643738 4699
1786136505208 0.9089999794960022 4749
1786136508156 0.8939999938011169 4799
1786136510681 0.906000018119812 4849
1786136513386 0.8899999856948853 4899
1786136516036 0.8849999904632568 4949
1786136518626 0.8970000147819519 4999
1786136521215 0.8640000224113464 5049
1786136523818 0.8970000147819519 5099
1786136526471 0.9089999794960022 5149
1786136529042 0.8799999952316284 5199
1786136531690 0.8889999985694885 5249
1786136534287 0.8809999823570251 5299
1786136536877 0.8849999904632568 5349
1786136539448 0.9020000100135803 5399
1786136542086 0.9100000262260437 5449
1786136544732 0.8899999856948853 5499
1786136547367 0.921999990940094 5549
1786136550046 0.9129999876022339 5599
1786136552704 0.9089999794960022 5649
1786136555354 0.9179999828338623 5699
1786136557946 0.9290000200271606 5749
1786136560570 0.878000020980835 5799
1786136563360 0.8529999852180481 5849
1786136565978 0.8870000243186951 5899
1786136568564 0.9279999732971191 5949
1786136571204 0.8809999823570251 5999
1786136573831 0.9150000214576721 6049
1786136576549 0.8859999775886536 6099
1786136579237 0.9169999957084656 6149
1786136581842 0.9129999876022339 6199
1786136584514 0.9200000166893005 6249
1786136587216 0.8820000290870667 6299
1786136589841 0.9240000247955322 6349
1786136592889 0.890999972820282 6399
1786136595690 0.9350000023841858 6449
1786136598340 0.9309999942779541 6499
1786136600925 0.9070000052452087 6549
1786136603440 0.9049999713897705 6599
1786136606293 0.9020000100135803 6649
1786136608864 0.9160000085830688 6699
1786136611406 0.9020000100135803 6749
1786136614053 0.9020000100135803 6799
1786136616600 0.9150000214576721 6849
1786136619211 0.9089999794960022 6899
1786136621762 0.9110000133514404 6949
1786136624265 0.8809999823570251 6999
1786136626938 0.9110000133514404 7049
1786136629596 0.9279999732971191 7099
1786136632287 0.9399999976158142 7149
1786136634896 0.9210000038146973 7199
1786136637515 0.9350000023841858 7249
1786136640183 0.9079999923706055 7299
1786136642830 0.9279999732971191 7349
1786136645526 0.9449999928474426 7399
1786136648088 0.9100000262260437 7449
1786136650646 0.9110000133514404 7499
1786136653221 0.9200000166893005 7549
1786136655753 0.8949999809265137 7599
1786136658299 0.9210000038146973 7649
1786136660962 0.8980000019073486 7699
1786136663584 0.9210000038146973 7749
1786136666126 0.9330000281333923 7799
1786136668654 0.9169999957084656 7849
1786136671220 0.9120000004768372 7899
1786136673772 0.9120000004768372 7949
1786136676689 0.8980000019073486 7999
1786136679215 0.8799999952316284 8049
1786136681839 0.9169999957084656 8099
1786136684417 0.8980000019073486 8149
1786136687018 0.9229999780654907 8199
1786136689578 0.9179999828338623 8249
1786136692191 0.9409999847412109 8299
1786136694701 0.9200000166893005 8349
1786136697307 0.8980000019073486 8399
1786136699841 0.8970000147819519 8449
1786136702362 0.9390000104904175 8499
1786136704942 0.9290000200271606 8549
1786136707487 0.8949999809265137 8599
1786136709990 0.8980000019073486 8649
1786136712527 0.9259999990463257 8699
1786136715062 0.8930000066757202 8749
1786136717588 0.9210000038146973 8799
1786136720154 0.9049999713897705 8849
1786136722755 0.8999999761581421 8899
1786136725333 0.875 8949
1786136727846 0.9139999747276306 8999
1786136730505 0.9039999842643738 9049
1786136733108 0.9049999713897705 9099
1786136735720 0.8849999904632568 9149
1786136738271 0.921999990940094 9199
1786136740817 0.8930000066757202 9249
1786136743351 0.9139999747276306 9299
1786136745933 0.8880000114440918 9349
1786136748414 0.9049999713897705 9399
1786136751001 0.8569999933242798 9449
1786136753545 0.9100000262260437 9499
1786136756044 0.8859999775886536 9549
1786136797467 0.925000011920929 9599
1786136799977 0.8659999966621399 9649
1786136802619 0.8880000114440918 9699
1786136805165 0.871999979019165 9749
1786136807756 0.8930000066757202 9799
1786136810376 0.9039999842643738 9849
1786136812864 0.8960000276565552 9899
1786136815398 0.8600000143051147 9949
1786136817935 0.8949999809265137 9999
1786136820442 0.902999997138977 10049
1786136823005 0.8820000290870667 10099
1786136825510 0.9190000295639038 10149
1786136828042 0.8999999761581421 10199
1786136830597 0.871999979019165 10249
1786136833094 0.8809999823570251 10299
1786136835654 0.9089999794960022 10349
1786136838191 0.8769999742507935 10399
1786136840748 0.9079999923706055 10449
1786136843292 0.9100000262260437 10499
1786136846035 0.9129999876022339 10549
1786136848587 0.925000011920929 10599
1786136851127 0.8930000066757202 10649
1786136853683 0.8859999775886536 10699
1786136856326 0.9020000100135803 10749
1786136858954 0.9070000052452087 10799
1786136861484 0.8939999938011169 10849
1786136864034 0.8849999904632568 10899
1786136866548 0.8930000066757202 10949
1786136869173 0.9210000038146973 10999
1786136871767 0.875 11049
1786136874393 0.8669999837875366 11099
1786136876945 0.9240000247955322 11149
1786136879881 0.8840000033378601 11199
1786136882410 0.9020000100135803 11249
1786136884964 0.9070000052452087 11299
1786136887559 0.9049999713897705 11349
1786136890154 0.8930000066757202 11399
1786136892713 0.9200000166893005 11449
1786136895296 0.8920000195503235 11499
1786136897833 0.9120000004768372 11549
1786136900443 0.9139999747276306 11599
1786136903035 0.8999999761581421 11649
1786136905598 0.9120000004768372 11699
1786136908258 0.8579999804496765 11749
1786136910819 0.8939999938011169 11799
1786136913366 0.9129999876022339 11849
1786136915922 0.8989999890327454 11899
1786136918550 0.8930000066757202 11949
1786136921131 0.9100000262260437 11999
1786136923747 0.8849999904632568 12049
1786136926279 0.9070000052452087 12099
1786136928906 0.8519999980926514 12149
1786136931455 0.8949999809265137 12199
1786136933990 0.8840000033378601 12249
1786136936521 0.8769999742507935 12299
1786136938992 0.925000011920929 12349
1786136941521 0.878000020980835 12399
1786136944107 0.9100000262260437 12449
1786136946705 0.9210000038146973 12499
1786136949267 0.8970000147819519 12549
1786136951872 0.9240000247955322 12599
1786136954407 0.8849999904632568 12649
1786136956994 0.890999972820282 12699
1786136959560 0.9039999842643738 12749
1786136962373 0.8989999890327454 12799
1786136964887 0.8939999938011169 12849
1786136967487 0.8870000243186951 12899
1786136970022 0.9179999828338623 12949
1786136972572 0.921999990940094 12999
1786136975117 0.8980000019073486 13049
1786136977653 0.902999997138977 13099
1786136980161 0.843999981880188 13149
1786136982754 0.8980000019073486 13199
1786136985321 0.8849999904632568 13249
1786136987889 0.8809999823570251 13299
1786136990742 0.9139999747276306 13349
1786136993348 0.8790000081062317 13399
1786136995873 0.9240000247955322 13449
1786136998395 0.8980000019073486 13499
1786137000933 0.8870000243186951 13549
1786137003451 0.9129999876022339 13599
1786137006074 0.902999997138977 13649
1786137008638 0.8830000162124634 13699
1786137011209 0.8970000147819519 13749
1786137013758 0.9240000247955322 13799
1786137016360 0.8690000176429749 13849
1786137018953 0.9070000052452087 13899
1786137021455 0.8669999837875366 13949
1786137024016 0.9010000228881836 13999
1786137026605 0.9010000228881836 14049
1786137029151 0.9110000133514404 14099
1786137031721 0.9330000281333923 14149
1786137034234 0.871999979019165 14199
1786137036862 0.9259999990463257 14249
1786137039462 0.925000011920929 14299
1786137042045 0.9190000295639038 14349
1786137044864 0.9110000133514404 14399
1786137047349 0.8769999742507935 14449
1786137049889 0.9100000262260437 14499
1786137052436 0.9240000247955322 14549
1786137055001 0.9110000133514404 14599
1786137057590 0.9359999895095825 14649
1786137060127 0.8899999856948853 14699
1786137062662 0.9160000085830688 14749
1786137065282 0.9229999780654907 14799
1786137067854 0.906000018119812 14849
1786137070420 0.9150000214576721 14899
1786137073143 0.9269999861717224 14949
1786137075729 0.8960000276565552 14999
1786137078446 0.9100000262260437 15049
1786137080994 0.9210000038146973 15099
1786137083630 0.9049999713897705 15149
1786137086233 0.9229999780654907 15199
1786137088812 0.906000018119812 15249
1786137091340 0.8820000290870667 15299
1786137093954 0.9300000071525574 15349
1786137096557 0.9100000262260437 15399
1786137099132 0.9020000100135803 15449
1786137101748 0.9089999794960022 15499
1786137104316 0.9110000133514404 15549
1786137106869 0.9190000295639038 15599
1786137109407 0.8880000114440918 15649
1786137112022 0.8989999890327454 15699
1786137114574 0.921999990940094 15749
1786137117180 0.921999990940094 15799
1786137119768 0.8859999775886536 15849
1786137122325 0.8999999761581421 15899
1786137124965 0.9039999842643738 15949
1786137127931 0.8980000019073486 15999
1786137130507 0.9070000052452087 16049
1786137133050 0.9190000295639038 16099
1786137135660 0.8970000147819519 16149
1786137138217 0.8970000147819519 16199
1786137140778 0.9169999957084656 16249
1786137143421 0.9210000038146973 16299
1786137146047 0.906000018119812 16349
1786137148640 0.8889999985694885 16399
1786137151252 0.9089999794960022 16449
1786137153850 0.9110000133514404 16499
1786137156385 0.8949999809265137 16549
1786137158945 0.925000011920929 16599
1786137161511 0.9039999842643738 16649
1786137164030 0.8949999809265137 16699
1786137166576 0.8960000276565552 16749
1786137169136 0.9079999923706055 16799
1786137171714 0.8840000033378601 16849
1786137174268 0.9150000214576721 16899
1786137176824 0.8980000019073486 16949
1786137179314 0.8939999938011169 16999
1786137181835 0.8610000014305115 17049
1786137184388 0.9179999828338623 17099
1786137186933 0.9300000071525574 17149
1786137189513 0.8949999809265137 17199
1786137192100 0.9279999732971191 17249
1786137194676 0.8970000147819519 17299
1786137197175 0.8989999890327454 17349
1786137199765 0.9190000295639038 17399
1786137202390 0.8980000019073486 17449
1786137205012 0.8949999809265137 17499
1786137207613 0.9300000071525574 17549
1786137210459 0.9200000166893005 17599
1786137213028 0.8899999856948853 17649
1786137215583 0.8820000290870667 17699
1786137218136 0.8709999918937683 17749
1786137220702 0.9079999923706055 17799
1786137223286 0.9139999747276306 17849
1786137225925 0.9110000133514404 17899
1786137228606 0.9010000228881836 17949
1786137231231 0.878000020980835 17999
1786137233863 0.9049999713897705 18049
1786137236498 0.9150000214576721 18099
1786137239067 0.8489999771118164 18149
1786137241678 0.890999972820282 18199
1786137244347 0.9049999713897705 18249
1786137246949 0.9160000085830688 18299
1786137249515 0.8989999890327454 18349
1786137252108 0.9160000085830688 18399
1786137254733 0.8550000190734863 18449
1786137257326 0.8999999761581421 18499
1786137259907 0.8859999775886536 18549
1786137262515 0.9259999990463257 18599
1786137265066 0.8980000019073486 18649
1786137267639 0.9240000247955322 18699
1786137270275 0.9120000004768372 18749
1786137272944 0.8870000243186951 18799
1786137275537 0.8849999904632568 18849
1786137278107 0.9110000133514404 18899
1786137280759 0.8790000081062317 18949
1786137283324 0.9010000228881836 18999
1786137285946 0.9010000228881836 19049
1786137288578 0.9070000052452087 19099
1786137291133 0.8820000290870667 19149
1786137333930 0.9190000295639038 19199
1786137336588 0.9089999794960022 19249
1786137339190 0.8899999856948853 19299
1786137341760 0.8740000128746033 19349
1786137344350 0.8970000147819519 19399
1786137347046 0.890999972820282 19449
1786137349608 0.8939999938011169 19499
1786137352216 0.8939999938011169 19549
1786137354818 0.8930000066757202 19599
1786137357379 0.902999997138977 19649
1786137360006 0.8830000162124634 19699
1786137362620 0.9150000214576721 19749
1786137365269 0.8939999938011169 19799
1786137367940 0.9330000281333923 19849
1786137370504 0.902999997138977 19899
1786137373072 0.8889999985694885 19949
1786137375601 0.9139999747276306 19999
1786137378193 0.8970000147819519 20049
1786137380773 0.8949999809265137 20099
1786137383359 0.9169999957084656 20149
1786137385874 0.890999972820282 20199
1786137388589 0.9129999876022339 20249
1786137391159 0.9110000133514404 20299
1786137393692 0.9100000262260437 20349
1786137396289 0.9210000038146973 20399
1786137398877 0.9039999842643738 20449
1786137401414 0.9150000214576721 20499
1786137403967 0.9259999990463257 20549
1786137406532 0.9449999928474426 20599
1786137409109 0.9279999732971191 20649
1786137411678 0.8529999852180481 20699
1786137414675 0.9070000052452087 20749
1786137417227 0.878000020980835 20799
1786137419849 0.9190000295639038 20849
1786137422484 0.8889999985694885 20899
1786137425100 0.8930000066757202 20949
1786137427678 0.8840000033378601 20999
1786137430196 0.9129999876022339 21049
1786137432756 0.902999997138977 21099
1786137435318 0.9240000247955322 21149
1786137437884 0.8899999856948853 21199
1786137440487 0.8960000276565552 21249
1786137443076 0.8970000147819519 21299
1786137445680 0.9210000038146973 21349
1786137448277 0.902999997138977 21399
1786137450946 0.9179999828338623 21449
1786137453553 0.8859999775886536 21499
1786137456208 0.9300000071525574 21549
1786137458904 0.9269999861717224 21599
1786137461495 0.906000018119812 21649
1786137464060 0.8889999985694885 21699
1786137466618 0.8870000243186951 21749
1786137469163 0.921999990940094 21799
1786137471696 0.9070000052452087 21849
1786137474311 0.9100000262260437 21899
1786137476826 0.8769999742507935 21949
1786137479459 0.8920000195503235 21999
1786137482022 0.9070000052452087 22049
1786137484711 0.9120000004768372 22099
1786137487315 0.9049999713897705 22149
1786137489904 0.8939999938011169 22199
1786137492493 0.8930000066757202 22249
1786137495141 0.8989999890327454 22299
1786137498045 0.9010000228881836 22349
1786137500606 0.8920000195503235 22399
1786137503197 0.9079999923706055 22449
1786137505732 0.9160000085830688 22499
1786137508282 0.8870000243186951 22549
1786137510790 0.9010000228881836 22599
1786137513342 0.9169999957084656 22649
1786137515887 0.9089999794960022 22699
1786137518436 0.9150000214576721 22749
1786137520970 0.9330000281333923 22799
1786137523524 0.921999990940094 22849
1786137526117 0.9100000262260437 22899
1786137528739 0.9120000004768372 22949
1786137531374 0.8930000066757202 22999
1786137533974 0.9079999923706055 23049
1786137536491 0.8970000147819519 23099
1786137539088 0.9240000247955322 23149
1786137541667 0.9039999842643738 23199
1786137544223 0.8989999890327454 23249
1786137546777 0.921999990940094 23299
1786137549436 0.8899999856948853 23349
1786137552000 0.8920000195503235 23399
1786137554601 0.9129999876022339 23449
1786137557199 0.9070000052452087 23499
1786137559744 0.921999990940094 23549
1786137562318 0.921999990940094 23599
1786137564945 0.9089999794960022 23649
1786137567566 0.8939999938011169 23699
1786137570206 0.9290000200271606 23749
1786137572850 0.8970000147819519 23799
1786137575425 0.921999990940094 23849
1786137578013 0.8970000147819519 23899
1786137581078 0.8960000276565552 23949
1786137583700 0.921999990940094 23999
1786137586243 0.9279999732971191 24049
1786137588884 0.8970000147819519 24099
1786137591464 0.8930000066757202 24149
1786137594015 0.9150000214576721 24199
1786137596531 0.9089999794960022 24249
1786137599068 0.9160000085830688 24299
1786137601632 0.9200000166893005 24349
1786137604314 0.9160000085830688 24399
1786137606840 0.9129999876022339 24449
1786137609386 0.9110000133514404 24499
1786137611865 0.9070000052452087 24549
1786137614351 0.9319999814033508 24599
1786137616870 0.9129999876022339 24649
1786137619347 0.9200000166893005 24699
1786137621891 0.8830000162124634 24749
1786137624441 0.8949999809265137 24799
1786137627008 0.9139999747276306 24849
1786137629532 0.9190000295639038 24899
1786137632091 0.9089999794960022 24949
1786137634720 0.8960000276565552 24999
1786137637237 0.8989999890327454 25049
1786137639827 0.9269999861717224 25099
1786137642442 0.9190000295639038 25149
1786137644910 0.9160000085830688 25199
1786137647489 0.9240000247955322 25249
1786137650025 0.9190000295639038 25299
1786137652610 0.9359999895095825 25349
1786137655270 0.9179999828338623 25399
1786137657811 0.9049999713897705 25449
1786137660285 0.9049999713897705 25499
1786137663163 0.9100000262260437 25549
1786137665649 0.9089999794960022 25599
1786137668263 0.8989999890327454 25649
1786137670870 0.9160000085830688 25699
1786137673482 0.9079999923706055 25749
1786137676046 0.8820000290870667 25799
1786137678744 0.9369999766349792 25849
1786137681353 0.9200000166893005 25899
1786137683938 0.906000018119812 25949
1786137686555 0.8769999742507935 25999
1786137689129 0.9139999747276306 26049
1786137691655 0.9259999990463257 26099
1786137694152 0.8840000033378601 26149
1786137696826 0.9110000133514404 26199
1786137699355 0.8999999761581421 26249
1786137701874 0.8939999938011169 26299
1786137704437 0.8889999985694885 26349
1786137707034 0.9070000052452087 26399
1786137709544 0.9020000100135803 26449
1786137712088 0.890999972820282 26499
1786137714628 0.9129999876022339 26549
1786137717161 0.925000011920929 26599
1786137719810 0.9079999923706055 26649
1786137722387 0.925000011920929 26699
1786137724989 0.9139999747276306 26749
1786137727580 0.9150000214576721 26799
1786137730166 0.8999999761581421 26849
1786137732693 0.9259999990463257 26899
1786137735255 0.9089999794960022 26949
1786137737870 0.9200000166893005 26999
1786137740498 0.8989999890327454 27049
1786137743029 0.9319999814033508 27099
1786137746067 0.9160000085830688 27149
1786137748612 0.9190000295639038 27199
1786137751180 0.9010000228881836 27249
1786137753728 0.9399999976158142 27299
1786137756294 0.9179999828338623 27349
1786137758936 0.921999990940094 27399
1786137761500 0.9129999876022339 27449
1786137764041 0.8970000147819519 27499
1786137766608 0.8709999918937683 27549
1786137769144 0.9240000247955322 27599
1786137771751 0.8980000019073486 27649
1786137774328 0.8840000033378601 27699
1786137776907 0.8939999938011169 27749
1786137779521 0.8849999904632568 27799
1786137782047 0.9120000004768372 27849
1786137784573 0.9039999842643738 27899
1786137787190 0.9190000295639038 27949
1786137789700 0.9049999713897705 27999
1786137792264 0.8899999856948853 28049
1786137794860 0.8999999761581421 28099
1786137797460 0.9079999923706055 28149
1786137799955 0.8859999775886536 28199
1786137802539 0.9229999780654907 28249
1786137805105 0.9139999747276306 28299
1786137807680 0.8840000033378601 28349
1786137810240 0.9120000004768372 28399
1786137813033 0.9120000004768372 28449
1786137815627 0.9150000214576721 28499
1786137818278 0.9049999713897705 28549
1786137820878 0.9210000038146973 28599
1786137823411 0.8920000195503235 28649
1786137825996 0.8889999985694885 28699
