1786136259517 -0.426054447889328 49
1786136262230 -0.4819003641605377 99
1786136264746 -0.5404224395751953 149
1786136267300 -0.5936152935028076 199
1786136269809 -0.6395536661148071 249
1786136272670 -0.6672075390815735 299
1786136275235 -0.6963209509849548 349
1786136277802 -0.7141448259353638 399
1786136280367 -0.7303766012191772 449
1786136282947 -0.752185046672821 499
1786136285451 -0.781036376953125 549
1786136287980 -0.8182307481765747 599
1786136290515 -0.8400134444236755 649
1786136293144 -0.8561419248580933 699
1786136295646 -0.8670472502708435 749
1786136298185 -0.8819263577461243 799
1786136300706 -0.8947866559028625 849
1786136303196 -0.9064508676528931 899
1786136305758 -0.9082052111625671 949
1786136308276 -0.9289753437042236 999
1786136310790 -0.924913763999939 1049
1786136313293 -0.935600221157074 1099
1786136315912 -0.9385701417922974 1149
1786136318434 -0.9487204551696777 1199
1786136321060 -0.9587998986244202 1249
1786136323633 -0.9598237872123718 1299
1786136326215 -0.9543936848640442 1349
1786136328747 -0.9664480090141296 1399
1786136331268 -0.971348226070404 1449
1786136333786 -0.9714971780776978 1499
1786136336329 -0.9722251296043396 1549
1786136339242 -0.9765990376472473 1599
1786136341801 -0.9736432433128357 1649
1786136344540 -0.9772982597351074 1699
1786136347301 -0.9750841856002808 1749
1786136349867 -0.9734508991241455 1799
1786136352405 -0.9784608483314514 1849
1786136355103 -0.97910475730896 1899
1786136357746 -0.976412296295166 1949
1786136360288 -0.9777097702026367 1999
1786136362915 -0.9740164279937744 2049
1786136365567 -0.976615309715271 2099
1786136368154 -0.9785535931587219 2149
1786136370776 -0.970625638961792 2199
1786136373283 -0.9725710153579712 2249
1786136375900 -0.9777063727378845 2299
1786136378458 -0.973556637763977 2349
1786136381056 -0.9748179316520691 2399
1786136383654 -0.9755163788795471 2449
1786136386469 -0.9784829020500183 2499
1786136389065 -0.9707778692245483 2549
1786136391606 -0.9788826704025269 2599
1786136394176 -0.9829407930374146 2649
1786136396767 -0.9705864191055298 2699
1786136399383 -0.9813117980957031 2749
1786136402046 -0.9751307368278503 2799
1786136404670 -0.9752681255340576 2849
1786136407313 -0.9801910519599915 2899
1786136409916 -0.980975866317749 2949
1786136412555 -0.9789890050888062 2999
1786136415114 -0.9814544916152954 3049
1786136417820 -0.9795926809310913 3099
1786136420471 -0.9796607494354248 3149
1786136423416 -0.9794928431510925 3199
1786136426008 -0.9755741357803345 3249
1786136428675 -0.9785747528076172 3299
1786136431222 -0.97861248254776 3349
1786136433801 -0.9816714525222778 3399
1786136436470 -0.979683518409729 3449
1786136439254 -0.981228232383728 3499
1786136441873 -0.9790944457054138 3549
1786136444496 -0.9808560013771057 3599
1786136447127 -0.9776808619499207 3649
1786136449944 -0.9757519364356995 3699
1786136452536 -0.9737286567687988 3749
1786136455149 -0.9721217751502991 3799
1786136457722 -0.9786354303359985 3849
1786136460473 -0.9792062044143677 3899
1786136463133 -0.9738060832023621 3949
1786136465692 -0.9719486832618713 3999
1786136468305 -0.9739872813224792 4049
1786136470916 -0.9745559692382812 4099
1786136473594 -0.98125159740448 4149
1786136476304 -0.9661347270011902 4199
1786136478971 -0.975822389125824 4249
1786136481577 -0.9704380035400391 4299
1786136484161 -0.9740180373191833 4349
1786136486765 -0.9798250198364258 4399
1786136489335 -0.9717597365379333 4449
1786136491944 -0.9803978800773621 4499
1786136494476 -0.9753190279006958 4549
1786136497063 -0.9811457395553589 4599
1786136499666 -0.9728102684020996 4649
1786136502310 -0.9799774289131165 4699
1786136505208 -0.9784451127052307 4749
1786136508156 -0.9712066054344177 4799
1786136510681 -0.9595023393630981 4849
1786136513386 -0.9792481064796448 4899
1786136516036 -0.9731447100639343 4949
1786136518626 -0.9776338934898376 4999
1786136521215 -0.9623960852622986 5049
1786136523818 -0.968269407749176 5099
1786136526471 -0.9764506220817566 5149
1786136529042 -0.9738497138023376 5199
1786136531690 -0.9778612852096558 5249
1786136534287 -0.9760303497314453 5299
1786136536877 -0.969733715057373 5349
1786136539448 -0.9829483032226562 5399
1786136542086 -0.982064425945282 5449
1786136544732 -0.9784690737724304 5499
1786136547367 -0.9730651378631592 5549
1786136550046 -0.9778643846511841 5599
1786136552704 -0.9732454419136047 5649
1786136555354 -0.9748678207397461 5699
1786136557946 -0.9833062887191772 5749
1786136560570 -0.9609379172325134 5799
1786136563360 -0.9750819206237793 5849
1786136565978 -0.9775158762931824 5899
1786136568564 -0.9746962785720825 5949
1786136571204 -0.9816084504127502 5999
1786136573831 -0.9727978110313416 6049
1786136576549 -0.9805833101272583 6099
1786136579237 -0.9804819226264954 6149
1786136581842 -0.9770230054855347 6199
1786136584514 -0.9752103090286255 6249
1786136587216 -0.9781527519226074 6299
1786136589841 -0.9780469536781311 6349
1786136592889 -0.9781960844993591 6399
1786136595690 -0.9754787683486938 6449
1786136598340 -0.9814944267272949 6499
1786136600925 -0.9815492630004883 6549
1786136603440 -0.9757736921310425 6599
1786136606293 -0.9760941863059998 6649
1786136608864 -0.9778988361358643 6699
1786136611406 -0.9804587960243225 6749
1786136614053 -0.9717252850532532 6799
1786136616600 -0.9795509576797485 6849
1786136619211 -0.9829031825065613 6899
1786136621762 -0.9788641333580017 6949
1786136624265 -0.9637225866317749 6999
1786136626938 -0.9815877079963684 7049
1786136629596 -0.9750588536262512 7099
1786136632287 -0.9795371890068054 7149
1786136634896 -0.9817546606063843 7199
1786136637515 -0.977837860584259 7249
1786136640183 -0.9791242480278015 7299
1786136642830 -0.9788326025009155 7349
1786136645526 -0.9825637936592102 7399
1786136648088 -0.9795390367507935 7449
1786136650646 -0.9803401231765747 7499
1786136653221 -0.979121744632721 7549
1786136655753 -0.9769253730773926 7599
1786136658299 -0.9798265695571899 7649
1786136660962 -0.9787136316299438 7699
1786136663584 -0.9740346074104309 7749
1786136666126 -0.9778375625610352 7799
1786136668654 -0.9791937470436096 7849
1786136671220 -0.9811800718307495 7899
1786136673772 -0.9838484525680542 7949
1786136676689 -0.9756375551223755 7999
1786136679215 -0.9740979075431824 8049
1786136681839 -0.9758496284484863 8099
1786136684417 -0.9743796586990356 8149
1786136687018 -0.9774141311645508 8199
1786136689578 -0.9814639687538147 8249
1786136692191 -0.9794393181800842 8299
1786136694701 -0.9798647165298462 8349
1786136697307 -0.9763268828392029 8399
1786136699841 -0.9798182249069214 8449
1786136702362 -0.9811136722564697 8499
1786136704942 -0.9803892970085144 8549
1786136707487 -0.9808491468429565 8599
1786136709990 -0.9782838225364685 8649
1786136712527 -0.9734523892402649 8699
1786136715062 -0.9789277911186218 8749
1786136717588 -0.9826586842536926 8799
1786136720154 -0.9785805940628052 8849
1786136722755 -0.9799560308456421 8899
1786136725333 -0.9705772995948792 8949
1786136727846 -0.9795068502426147 8999
1786136730505 -0.980089545249939 9049
1786136733108 -0.9736384749412537 9099
1786136735720 -0.9727669954299927 9149
1786136738271 -0.9708621501922607 9199
1786136740817 -0.9703505039215088 9249
1786136743351 -0.9808197617530823 9299
1786136745933 -0.9733785390853882 9349
1786136748414 -0.9737151265144348 9399
1786136751001 -0.9706242680549622 9449
1786136753545 -0.9724264144897461 9499
1786136756044 -0.9678137302398682 9549
1786136797467 -0.9775092601776123 9599
1786136799977 -0.9665589332580566 9649
1786136802619 -0.9742422699928284 9699
1786136805165 -0.9645876288414001 9749
1786136807756 -0.9761486649513245 9799
1786136810376 -0.9808823466300964 9849
1786136812864 -0.9756990075111389 9899
1786136815398 -0.9706812500953674 9949
1786136817935 -0.9762380123138428 9999
1786136820442 -0.9758721590042114 10049
1786136823005 -0.9786991477012634 10099
1786136825510 -0.9797860383987427 10149
1786136828042 -0.9763211011886597 10199
1786136830597 -0.9613747000694275 10249
1786136833094 -0.9772477746009827 10299
1786136835654 -0.9808692932128906 10349
1786136838191 -0.9753996133804321 10399
1786136840748 -0.9812163710594177 10449
1786136843292 -0.9774757027626038 10499
1786136846035 -0.9811888933181763 10549
1786136848587 -0.9727835059165955 10599
1786136851127 -0.9801756739616394 10649
1786136853683 -0.9786559343338013 10699
1786136856326 -0.9754800796508789 10749
1786136858954 -0.9784934520721436 10799
1786136861484 -0.9743232727050781 10849
1786136864034 -0.9724699258804321 10899
1786136866548 -0.9757844805717468 10949
1786136869173 -0.9715829491615295 10999
1786136871767 -0.9791118502616882 11049
1786136874393 -0.9752739071846008 11099
1786136876945 -0.9811912775039673 11149
1786136879881 -0.9739341735839844 11199
1786136882410 -0.9724307060241699 11249
1786136884964 -0.975580096244812 11299
1786136887559 -0.9767682552337646 11349
1786136890154 -0.9765315055847168 11399
1786136892713 -0.9788315892219543 11449
1786136895296 -0.9715282917022705 11499
1786136897833 -0.9804993271827698 11549
1786136900443 -0.9761592745780945 11599
1786136903035 -0.979295015335083 11649
1786136905598 -0.9776815176010132 11699
1786136908258 -0.9758223295211792 11749
1786136910819 -0.9814695715904236 11799
1786136913366 -0.9759862422943115 11849
1786136915922 -0.9753326177597046 11899
1786136918550 -0.9685642123222351 11949
1786136921131 -0.9783684015274048 11999
1786136923747 -0.9786556959152222 12049
1786136926279 -0.976535975933075 12099
1786136928906 -0.9632263779640198 12149
1786136931455 -0.9720696210861206 12199
1786136933990 -0.9727514386177063 12249
1786136936521 -0.9787906408309937 12299
1786136938992 -0.979584276676178 12349
1786136941521 -0.9722921252250671 12399
1786136944107 -0.9712631702423096 12449
1786136946705 -0.9809958934783936 12499
1786136949267 -0.9680103063583374 12549
1786136951872 -0.9767642617225647 12599
1786136954407 -0.9754899740219116 12649
1786136956994 -0.9709844589233398 12699
1786136959560 -0.9785789251327515 12749
1786136962373 -0.9737122058868408 12799
1786136964887 -0.9792081713676453 12849
1786136967487 -0.9802629947662354 12899
1786136970022 -0.9765309691429138 12949
1786136972572 -0.9791892766952515 12999
1786136975117 -0.975027859210968 13049
1786136977653 -0.9835880994796753 13099
1786136980161 -0.9746742844581604 13149
1786136982754 -0.9774097204208374 13199
1786136985321 -0.9794309139251709 13249
1786136987889 -0.979537844657898 13299
1786136990742 -0.9772170782089233 13349
1786136993348 -0.9761155247688293 13399
1786136995873 -0.9803497195243835 13449
1786136998395 -0.9771004915237427 13499
1786137000933 -0.9784063696861267 13549
1786137003451 -0.9693543910980225 13599
1786137006074 -0.9804462790489197 13649
1786137008638 -0.9723008871078491 13699
1786137011209 -0.9785794019699097 13749
1786137013758 -0.9738335013389587 13799
1786137016360 -0.9768496155738831 13849
1786137018953 -0.9784665107727051 13899
1786137021455 -0.9780450463294983 13949
1786137024016 -0.9748551845550537 13999
1786137026605 -0.9777980446815491 14049
1786137029151 -0.9741937518119812 14099
1786137031721 -0.9815342426300049 14149
1786137034234 -0.9786482453346252 14199
1786137036862 -0.9807521104812622 14249
1786137039462 -0.9812079668045044 14299
1786137042045 -0.9822878837585449 14349
1786137044864 -0.9783200025558472 14399
1786137047349 -0.9716264009475708 14449
1786137049889 -0.9828222990036011 14499
1786137052436 -0.9791445136070251 14549
1786137055001 -0.9759156703948975 14599
1786137057590 -0.9787409901618958 14649
1786137060127 -0.9706912040710449 14699
1786137062662 -0.9787276983261108 14749
1786137065282 -0.9732022285461426 14799
1786137067854 -0.9739137887954712 14849
1786137070420 -0.9774433970451355 14899
1786137073143 -0.9838970899581909 14949
1786137075729 -0.975225031375885 14999
1786137078446 -0.9785681962966919 15049
1786137080994 -0.9774942994117737 15099
1786137083630 -0.9781358242034912 15149
1786137086233 -0.9824967980384827 15199
1786137088812 -0.9803764224052429 15249
1786137091340 -0.9772439002990723 15299
1786137093954 -0.9772034883499146 15349
1786137096557 -0.9820451736450195 15399
1786137099132 -0.9777529239654541 15449
1786137101748 -0.980815589427948 15499
1786137104316 -0.9817795753479004 15549
1786137106869 -0.9820151329040527 15599
1786137109407 -0.978435218334198 15649
1786137112022 -0.9810311794281006 15699
1786137114574 -0.9776433110237122 15749
1786137117180 -0.9773958921432495 15799
1786137119768 -0.9787001013755798 15849
1786137122325 -0.9768182635307312 15899
1786137124965 -0.9787617325782776 15949
1786137127931 -0.9775715470314026 15999
1786137130507 -0.9775884747505188 16049
1786137133050 -0.9802941679954529 16099
1786137135660 -0.9740167856216431 16149
1786137138217 -0.983829140663147 16199
1786137140778 -0.9796006679534912 16249
1786137143421 -0.9805454015731812 16299
1786137146047 -0.982741117477417 16349
1786137148640 -0.9722681045532227 16399
1786137151252 -0.9791263341903687 16449
1786137153850 -0.9814137816429138 16499
1786137156385 -0.9785366654396057 16549
1786137158945 -0.9719848036766052 16599
1786137161511 -0.9777648448944092 16649
1786137164030 -0.982141375541687 16699
1786137166576 -0.9792852401733398 16749
1786137169136 -0.9761236906051636 16799
1786137171714 -0.9767265915870667 16849
1786137174268 -0.9823082685470581 16899
1786137176824 -0.9739506840705872 16949
1786137179314 -0.9724573493003845 16999
1786137181835 -0.9713431596755981 17049
1786137184388 -0.9746206402778625 17099
1786137186933 -0.978193998336792 17149
1786137189513 -0.9835744500160217 17199
1786137192100 -0.9787659645080566 17249
1786137194676 -0.9770923852920532 17299
1786137197175 -0.9793182015419006 17349
1786137199765 -0.9793894290924072 17399
1786137202390 -0.9794496297836304 17449
1786137205012 -0.9810279607772827 17499
1786137207613 -0.9825926423072815 17549
1786137210459 -0.9820277094841003 17599
1786137213028 -0.9822831749916077 17649
1786137215583 -0.979000985622406 17699
1786137218136 -0.977867841720581 17749
1786137220702 -0.978561520576477 17799
1786137223286 -0.9826555252075195 17849
1786137225925 -0.9752983450889587 17899
1786137228606 -0.978187084197998 17949
1786137231231 -0.9802635312080383 17999
1786137233863 -0.9819872975349426 18049
1786137236498 -0.9823247194290161 18099
1786137239067 -0.9684292674064636 18149
1786137241678 -0.9725469946861267 18199
1786137244347 -0.9754579663276672 18249
1786137246949 -0.9797313809394836 18299
1786137249515 -0.980885922908783 18349
1786137252108 -0.9783594012260437 18399
1786137254733 -0.9618175029754639 18449
1786137257326 -0.9758771061897278 18499
1786137259907 -0.9787806272506714 18549
1786137262515 -0.9790441989898682 18599
1786137265066 -0.9774219393730164 18649
1786137267639 -0.9777602553367615 18699
1786137270275 -0.9797357320785522 18749
1786137272944 -0.9817320108413696 18799
1786137275537 -0.9782488942146301 18849
1786137278107 -0.9791104197502136 18899
1786137280759 -0.9745811820030212 18949
1786137283324 -0.9791783690452576 18999
1786137285946 -0.9770668148994446 19049
1786137288578 -0.9771729111671448 19099
1786137291133 -0.9753662943840027 19149
1786137333930 -0.9810069799423218 19199
1786137336588 -0.9768171310424805 19249
1786137339190 -0.9802295565605164 19299
1786137341760 -0.9694268703460693 19349
1786137344350 -0.9769479036331177 19399
1786137347046 -0.9773521423339844 19449
1786137349608 -0.9812729358673096 19499
1786137352216 -0.9763203263282776 19549
1786137354818 -0.9777291417121887 19599
1786137357379 -0.9759876132011414 19649
1786137360006 -0.9783518314361572 19699
1786137362620 -0.9796990752220154 19749
1786137365269 -0.9782293438911438 19799
1786137367940 -0.9820785522460938 19849
1786137370504 -0.97496098279953 19899
1786137373072 -0.9742971062660217 19949
1786137375601 -0.9760791063308716 19999
1786137378193 -0.9693040251731873 20049
1786137380773 -0.9795429706573486 20099
1786137383359 -0.9812780022621155 20149
1786137385874 -0.975588321685791 20199
1786137388589 -0.982448399066925 20249
1786137391159 -0.9797599911689758 20299
1786137393692 -0.9793773293495178 20349
1786137396289 -0.977885901927948 20399
1786137398877 -0.981381356716156 20449
1786137401414 -0.9733567833900452 20499
1786137403967 -0.9783574938774109 20549
1786137406532 -0.9821639060974121 20599
1786137409109 -0.9809529185295105 20649
1786137411678 -0.9719794988632202 20699
1786137414675 -0.9720414280891418 20749
1786137417227 -0.9772591590881348 20799
1786137419849 -0.9820170998573303 20849
1786137422484 -0.9790688753128052 20899
1786137425100 -0.9793769121170044 20949
1786137427678 -0.98154616355896 20999
1786137430196 -0.9775552153587341 21049
1786137432756 -0.9799965023994446 21099
1786137435318 -0.9803873300552368 21149
1786137437884 -0.9702111482620239 21199
1786137440487 -0.9781918525695801 21249
1786137443076 -0.9807400703430176 21299
1786137445680 -0.974213719367981 21349
1786137448277 -0.977944552898407 21399
1786137450946 -0.9796018600463867 21449
1786137453553 -0.9751181602478027 21499
1786137456208 -0.9803168177604675 21549
1786137458904 -0.9814893007278442 21599
1786137461495 -0.9794434905052185 21649
1786137464060 -0.9772098064422607 21699
1786137466618 -0.9772505164146423 21749
1786137469163 -0.9823797941207886 21799
1786137471696 -0.9852175712585449 21849
1786137474311 -0.9820213913917542 21899
1786137476826 -0.9794626235961914 21949
1786137479459 -0.9772873520851135 21999
1786137482022 -0.9760739803314209 22049
1786137484711 -0.9791246056556702 22099
1786137487315 -0.9771135449409485 22149
1786137489904 -0.9780305027961731 22199
1786137492493 -0.9768749475479126 22249
1786137495141 -0.9808120727539062 22299
1786137498045 -0.9795635342597961 22349
1786137500606 -0.9781962633132935 22399
1786137503197 -0.9744529724121094 22449
1786137505732 -0.9792526364326477 22499
1786137508282 -0.9719122052192688 22549
1786137510790 -0.9773587584495544 22599
1786137513342 -0.9799706935882568 22649
1786137515887 -0.9737604260444641 22699
1786137518436 -0.9793190360069275 22749
1786137520970 -0.9761980772018433 22799
1786137523524 -0.9751402735710144 22849
1786137526117 -0.9794758558273315 22899
1786137528739 -0.984373927116394 22949
1786137531374 -0.9828696250915527 22999
1786137533974 -0.982922375202179 23049
1786137536491 -0.982714056968689 23099
1786137539088 -0.9801472425460815 23149
1786137541667 -0.9809534549713135 23199
1786137544223 -0.978367269039154 23249
1786137546777 -0.9840669631958008 23299
1786137549436 -0.9746565222740173 23349
1786137552000 -0.9729828238487244 23399
1786137554601 -0.9801245927810669 23449
1786137557199 -0.9794988036155701 23499
1786137559744 -0.9829954504966736 23549
1786137562318 -0.9745591878890991 23599
1786137564945 -0.9771243333816528 23649
1786137567566 -0.9791123867034912 23699
1786137570206 -0.9844128489494324 23749
1786137572850 -0.9820740818977356 23799
1786137575425 -0.9796462655067444 23849
1786137578013 -0.9785254597663879 23899
1786137581078 -0.9707881212234497 23949
1786137583700 -0.9806787967681885 23999
1786137586243 -0.9805250763893127 24049
1786137588884 -0.9763516187667847 24099
1786137591464 -0.9725673198699951 24149
1786137594015 -0.9783501625061035 24199
1786137596531 -0.9788330793380737 24249
1786137599068 -0.9785300493240356 24299
1786137601632 -0.980945348739624 24349
1786137604314 -0.9771221876144409 24399
1786137606840 -0.976263701915741 24449
1786137609386 -0.9830054640769958 24499
1786137611865 -0.9820628762245178 24549
1786137614351 -0.9841447472572327 24599
1786137616870 -0.9803208112716675 24649
1786137619347 -0.9829503297805786 24699
1786137621891 -0.9789301156997681 24749
1786137624441 -0.9795092940330505 24799
1786137627008 -0.9842326641082764 24849
1786137629532 -0.9830993413925171 24899
1786137632091 -0.983300507068634 24949
1786137634720 -0.9716029167175293 24999
1786137637237 -0.9801937937736511 25049
1786137639827 -0.9795321822166443 25099
1786137642442 -0.9832051396369934 25149
1786137644910 -0.9755635261535645 25199
1786137647489 -0.9817581176757812 25249
1786137650025 -0.9840297698974609 25299
1786137652610 -0.9800967574119568 25349
1786137655270 -0.9784917235374451 25399
1786137657811 -0.9816218018531799 25449
1786137660285 -0.9759849905967712 25499
1786137663163 -0.9834698438644409 25549
1786137665649 -0.9768893718719482 25599
1786137668263 -0.9754430651664734 25649
1786137670870 -0.9720515012741089 25699
1786137673482 -0.9821207523345947 25749
1786137676046 -0.9804139137268066 25799
1786137678744 -0.9789790511131287 25849
1786137681353 -0.9791898131370544 25899
1786137683938 -0.9795535206794739 25949
1786137686555 -0.978884220123291 25999
1786137689129 -0.9840267300605774 26049
1786137691655 -0.9813162684440613 26099
1786137694152 -0.9757787585258484 26149
1786137696826 -0.9783972501754761 26199
1786137699355 -0.9764177203178406 26249
1786137701874 -0.9712329506874084 26299
1786137704437 -0.9785429239273071 26349
1786137707034 -0.9731930494308472 26399
1786137709544 -0.9812061786651611 26449
1786137712088 -0.9782029986381531 26499
1786137714628 -0.9799457788467407 26549
1786137717161 -0.9801267981529236 26599
1786137719810 -0.9794391393661499 26649
1786137722387 -0.9843089580535889 26699
1786137724989 -0.9838611483573914 26749
1786137727580 -0.9759805798530579 26799
1786137730166 -0.9782065153121948 26849
1786137732693 -0.9815261960029602 26899
1786137735255 -0.9835247993469238 26949
1786137737870 -0.9815167188644409 26999
1786137740498 -0.977763831615448 27049
1786137743029 -0.9801990985870361 27099
1786137746067 -0.983597457408905 27149
1786137748612 -0.9826858639717102 27199
1786137751180 -0.9782977104187012 27249
1786137753728 -0.9819456934928894 27299
1786137756294 -0.9759114384651184 27349
1786137758936 -0.9788942337036133 27399
1786137761500 -0.9828716516494751 27449
1786137764041 -0.9734331965446472 27499
1786137766608 -0.9749159216880798 27549
1786137769144 -0.9839731454849243 27599
1786137771751 -0.9812642335891724 27649
1786137774328 -0.9811734557151794 27699
1786137776907 -0.9777500629425049 27749
1786137779521 -0.9780198335647583 27799
1786137782047 -0.9727138876914978 27849
1786137784573 -0.9781268835067749 27899
1786137787190 -0.9827267527580261 27949
1786137789700 -0.9848431944847107 27999
1786137792264 -0.9836525917053223 28049
1786137794860 -0.9802467823028564 28099
1786137797460 -0.9816086292266846 28149
1786137799955 -0.9810657501220703 28199
1786137802539 -0.9838421940803528 28249
1786137805105 -0.981376588344574 28299
1786137807680 -0.9755104780197144 28349
1786137810240 -0.9784612059593201 28399
1786137813033 -0.9790234565734863 28449
1786137815627 -0.9827255010604858 28499
1786137818278 -0.9790423512458801 28549
1786137820878 -0.9815206527709961 28599
1786137823411 -0.9776360392570496 28649
1786137825996 -0.984075665473938 28699
