1786136338641 0.9960010647773743 1595
1786136422641 0.9960669279098511 3191
1786136507178 0.9961791038513184 4787
1786136591635 0.9963590502738953 6383
1786136675353 0.9965724945068359 7979
1786136795988 0.9968350529670715 9575
1786136878170 0.9971254467964172 11171
1786136960485 0.9974465370178223 12767
1786137042799 0.9977801442146301 14363
1786137125649 0.9981198906898499 15959
1786137207976 0.9984524846076965 17555
1786137331245 0.9987738728523254 19151
1786137414142 0.9990623593330383 20747
1786137497373 0.9993208050727844 22343
1786137580153 0.9995548725128174 23939
1786137662158 0.999712347984314 25535
1786137744666 0.999834418296814 27131
1786137867278 0.9998774528503418 28727
