1786136259517 0.9960000514984131 49
1786136262230 0.9960001111030579 99
1786136264746 0.9960002303123474 149
1786136267300 0.9960004687309265 199
1786136269809 0.9960007071495056 249
1786136272670 0.9960010647773743 299
1786136275235 0.9960014224052429 349
1786136277802 0.9960018396377563 399
1786136280367 0.9960023760795593 449
1786136282947 0.9960029125213623 499
1786136285451 0.9960035085678101 549
1786136287980 0.9960041642189026 599
1786136290515 0.9960048794746399 649
1786136293144 0.9960057139396667 699
1786136295646 0.9960065484046936 749
1786136298185 0.9960074424743652 799
1786136300706 0.9960083961486816 849
1786136303196 0.9960094094276428 899
1786136305758 0.9960104823112488 949
1786136308276 0.9960116147994995 999
1786136310790 0.996012806892395 1049
1786136313293 0.9960140585899353 1099
1786136315912 0.9960153698921204 1149
1786136318434 0.9960167407989502 1199
1786136321060 0.9960181713104248 1249
1786136323633 0.9960196614265442 1299
1786136326215 0.9960211515426636 1349
1786136328747 0.9960227608680725 1399
1786136331268 0.9960244297981262 1449
1786136333786 0.9960261583328247 1499
1786136336329 0.9960278868675232 1549
1786136339242 0.9960297346115112 1599
1786136341801 0.996031641960144 1649
1786136344540 0.9960335493087769 1699
1786136347301 0.9960355758666992 1749
1786136349867 0.9960376024246216 1799
1786136352405 0.9960397481918335 1849
1786136355103 0.9960418939590454 1899
1786136357746 0.9960440993309021 1949
1786136360288 0.9960464239120483 1999
1786136362915 0.9960487484931946 2049
1786136365567 0.9960511326789856 2099
1786136368154 0.9960535764694214 2149
1786136370776 0.9960561394691467 2199
1786136373283 0.9960587024688721 2249
1786136375900 0.9960613250732422 2299
1786136378458 0.9960640072822571 2349
1786136381056 0.9960667490959167 2399
1786136383654 0.9960694909095764 2449
1786136386469 0.9960723519325256 2499
1786136389065 0.9960752725601196 2549
1786136391606 0.9960782527923584 2599
1786136394176 0.9960812330245972 2649
1786136396767 0.9960843324661255 2699
1786136399383 0.9960874319076538 2749
1786136402046 0.9960906505584717 2799
1786136404670 0.9960938692092896 2849
1786136407313 0.9960971474647522 2899
1786136409916 0.9961005449295044 2949
1786136412555 0.9961039423942566 2999
1786136415114 0.9961073994636536 3049
1786136417820 0.9961109161376953 3099
1786136420471 0.9961144924163818 3149
1786136423416 0.9961181282997131 3199
1786136426008 0.9961217641830444 3249
1786136428675 0.9961255192756653 3299
1786136431222 0.9961293339729309 3349
1786136433801 0.9961331486701965 3399
1786136436470 0.9961370825767517 3449
1786136439254 0.9961410164833069 3499
1786136441873 0.9961450099945068 3549
1786136444496 0.9961490631103516 3599
1786136447127 0.9961531758308411 3649
1786136449944 0.9961573481559753 3699
1786136452536 0.9961615800857544 3749
1786136455149 0.9961658716201782 3799
1786136457722 0.9961702227592468 3849
1786136460473 0.9961745738983154 3899
1786136463133 0.9961790442466736 3949
1786136465692 0.9961835145950317 3999
1786136468305 0.9961880445480347 4049
1786136470916 0.9961926341056824 4099
1786136473594 0.9961972832679749 4149
1786136476304 0.9962019920349121 4199
1786136478971 0.9962067604064941 4249
1786136481577 0.9962115287780762 4299
1786136484161 0.9962164163589478 4349
1786136486765 0.9962213039398193 4399
1786136489335 0.9962262511253357 4449
1786136491944 0.9962312579154968 4499
1786136494476 0.9962363243103027 4549
1786136497063 0.9962414503097534 4599
1786136499666 0.9962466359138489 4649
1786136502310 0.9962518215179443 4699
1786136505208 0.9962571263313293 4749
1786136508156 0.9962624311447144 4799
1786136510681 0.9962677955627441 4849
1786136513386 0.9962732195854187 4899
1786136516036 0.996278703212738 4949
1786136518626 0.9962841868400574 4999
1786136521215 0.9962897896766663 5049
1786136523818 0.9962953925132751 5099
1786136526471 0.9963010549545288 5149
1786136529042 0.9963067770004272 5199
1786136531690 0.9963124990463257 5249
1786136534287 0.9963183403015137 5299
1786136536877 0.9963241815567017 5349
1786136539448 0.9963301420211792 5399
1786136542086 0.9963361024856567 5449
1786136544732 0.9963420629501343 5499
1786136547367 0.9963481426239014 5549
1786136550046 0.9963542222976685 5599
1786136552704 0.9963604211807251 5649
1786136555354 0.9963666200637817 5699
1786136557946 0.9963728189468384 5749
1786136560570 0.9963791370391846 5799
1786136563360 0.9963854551315308 5849
1786136565978 0.9963918924331665 5899
1786136568564 0.9963982701301575 5949
1786136571204 0.996404767036438 5999
1786136573831 0.9964113235473633 6049
1786136576549 0.9964178800582886 6099
1786136579237 0.9964244961738586 6149
1786136581842 0.9964311718940735 6199
1786136584514 0.9964378476142883 6249
1786136587216 0.9964446425437927 6299
1786136589841 0.9964514374732971 6349
1786136592889 0.9964582920074463 6399
1786136595690 0.9964651465415955 6449
1786136598340 0.9964721202850342 6499
1786136600925 0.9964790940284729 6549
1786136603440 0.9964860677719116 6599
1786136606293 0.9964931607246399 6649
1786136608864 0.9965002536773682 6699
1786136611406 0.9965074062347412 6749
1786136614053 0.996514618396759 6799
1786136616600 0.9965218305587769 6849
1786136619211 0.9965291619300842 6899
1786136621762 0.9965364336967468 6949
1786136624265 0.996543824672699 6999
1786136626938 0.9965512156486511 7049
1786136629596 0.996558666229248 7099
1786136632287 0.9965661764144897 7149
1786136634896 0.9965736865997314 7199
1786136637515 0.9965812563896179 7249
1786136640183 0.9965888857841492 7299
1786136642830 0.9965965747833252 7349
1786136645526 0.9966042637825012 7399
1786136648088 0.996612012386322 7449
1786136650646 0.9966197609901428 7499
1786136653221 0.9966275691986084 7549
1786136655753 0.9966354370117188 7599
1786136658299 0.9966433048248291 7649
1786136660962 0.9966512322425842 7699
1786136663584 0.9966592192649841 7749
1786136666126 0.9966672658920288 7799
1786136668654 0.9966753125190735 7849
1786136671220 0.9966833591461182 7899
1786136673772 0.9966915249824524 7949
1786136676689 0.9966996908187866 7999
1786136679215 0.9967078566551208 8049
1786136681839 0.9967160820960999 8099
1786136684417 0.9967243671417236 8149
1786136687018 0.9967327117919922 8199
1786136689578 0.9967410564422607 8249
1786136692191 0.9967494010925293 8299
1786136694701 0.9967578649520874 8349
1786136697307 0.9967663288116455 8399
1786136699841 0.9967747926712036 8449
1786136702362 0.9967833161354065 8499
1786136704942 0.9967918992042542 8549
1786136707487 0.9968004822731018 8599
1786136709990 0.9968091249465942 8649
1786136712527 0.9968177676200867 8699
1786136715062 0.9968264698982239 8749
1786136717588 0.9968351721763611 8799
1786136720154 0.9968439340591431 8849
1786136722755 0.9968527555465698 8899
1786136725333 0.9968615770339966 8949
1786136727846 0.9968704581260681 8999
1786136730505 0.9968793392181396 9049
1786136733108 0.996888279914856 9099
1786136735720 0.9968972206115723 9149
1786136738271 0.9969062209129333 9199
1786136740817 0.9969152212142944 9249
1786136743351 0.9969242811203003 9299
1786136745933 0.9969334006309509 9349
1786136748414 0.9969425201416016 9399
1786136751001 0.9969516396522522 9449
1786136753545 0.9969608187675476 9499
1786136756044 0.996969997882843 9549
1786136797467 0.9969792366027832 9599
1786136799977 0.9969885349273682 9649
1786136802619 0.9969977736473083 9699
1786136805165 0.9970071315765381 9749
1786136807756 0.9970164895057678 9799
1786136810376 0.9970258474349976 9849
1786136812864 0.9970352649688721 9899
1786136815398 0.9970446825027466 9949
1786136817935 0.9970541596412659 9999
1786136820442 0.9970636367797852 10049
1786136823005 0.9970731139183044 10099
1786136825510 0.9970826506614685 10149
1786136828042 0.9970922470092773 10199
1786136830597 0.9971018433570862 10249
1786136833094 0.997111439704895 10299
1786136835654 0.9971210360527039 10349
1786136838191 0.9971307516098022 10399
1786136840748 0.9971404075622559 10449
1786136843292 0.9971501231193542 10499
1786136846035 0.9971598386764526 10549
1786136848587 0.9971696138381958 10599
1786136851127 0.997179388999939 10649
1786136853683 0.9971892237663269 10699
1786136856326 0.9971990585327148 10749
1786136858954 0.9972088932991028 10799
1786136861484 0.9972187876701355 10849
1786136864034 0.9972286820411682 10899
1786136866548 0.9972385764122009 10949
1786136869173 0.9972485303878784 10999
1786136871767 0.9972584843635559 11049
1786136874393 0.9972684383392334 11099
1786136876945 0.9972784519195557 11149
1786136879881 0.9972884654998779 11199
1786136882410 0.997298538684845 11249
1786136884964 0.9973085522651672 11299
1786136887559 0.9973186254501343 11349
1786136890154 0.9973287582397461 11399
1786136892713 0.9973388910293579 11449
1786136895296 0.9973490238189697 11499
1786136897833 0.9973591566085815 11549
1786136900443 0.9973693490028381 11599
1786136903035 0.99737948179245 11649
1786136905598 0.9973897337913513 11699
1786136908258 0.9973999261856079 11749
1786136910819 0.9974101781845093 11799
1786136913366 0.9974204301834106 11849
1786136915922 0.997430682182312 11899
1786136918550 0.9974409937858582 11949
1786136921131 0.9974513053894043 11999
1786136923747 0.9974616169929504 12049
1786136926279 0.9974719285964966 12099
1786136928906 0.9974822402000427 12149
1786136931455 0.9974926114082336 12199
1786136933990 0.9975029826164246 12249
1786136936521 0.9975133538246155 12299
1786136938992 0.9975237846374512 12349
1786136941521 0.9975342154502869 12399
1786136944107 0.9975445866584778 12449
1786136946705 0.9975550770759583 12499
1786136949267 0.997565507888794 12549
1786136951872 0.9975759387016296 12599
1786136954407 0.9975864291191101 12649
1786136956994 0.9975969195365906 12699
1786136959560 0.997607409954071 12749
1786136962373 0.9976179003715515 12799
1786136964887 0.997628390789032 12849
1786136967487 0.9976389408111572 12899
1786136970022 0.9976494312286377 12949
1786136972572 0.9976599812507629 12999
1786136975117 0.9976705312728882 13049
1786136977653 0.9976810812950134 13099
1786136980161 0.9976916909217834 13149
1786136982754 0.9977022409439087 13199
1786136985321 0.9977127909660339 13249
1786136987889 0.997723400592804 13299
1786136990742 0.997734010219574 13349
1786136993348 0.997744619846344 13399
1786136995873 0.997755229473114 13449
1786136998395 0.997765839099884 13499
1786137000933 0.997776448726654 13549
1786137003451 0.9977870583534241 13599
1786137006074 0.9977976679801941 13649
1786137008638 0.9978083372116089 13699
1786137011209 0.9978189468383789 13749
1786137013758 0.9978296160697937 13799
1786137016360 0.9978402256965637 13849
1786137018953 0.9978508949279785 13899
1786137021455 0.9978615045547485 13949
1786137024016 0.9978721737861633 13999
1786137026605 0.9978828430175781 14049
1786137029151 0.9978935122489929 14099
1786137031721 0.9979041814804077 14149
1786137034234 0.9979147911071777 14199
1786137036862 0.9979254603385925 14249
1786137039462 0.9979361295700073 14299
1786137042045 0.9979467988014221 14349
1786137044864 0.9979574680328369 14399
1786137047349 0.9979681372642517 14449
1786137049889 0.9979788064956665 14499
1786137052436 0.9979894757270813 14549
1786137055001 0.9980000853538513 14599
1786137057590 0.9980107545852661 14649
1786137060127 0.9980214238166809 14699
1786137062662 0.9980320930480957 14749
1786137065282 0.9980427026748657 14799
1786137067854 0.9980533719062805 14849
1786137070420 0.9980640411376953 14899
1786137073143 0.9980746507644653 14949
1786137075729 0.9980853199958801 14999
1786137078446 0.9980959296226501 15049
1786137080994 0.9981065392494202 15099
1786137083630 0.998117208480835 15149
1786137086233 0.998127818107605 15199
1786137088812 0.998138427734375 15249
1786137091340 0.998149037361145 15299
1786137093954 0.998159646987915 15349
1786137096557 0.9981702566146851 15399
1786137099132 0.9981808066368103 15449
1786137101748 0.9981914162635803 15499
1786137104316 0.9982019662857056 15549
1786137106869 0.9982125759124756 15599
1786137109407 0.9982231259346008 15649
1786137112022 0.9982336759567261 15699
1786137114574 0.9982442259788513 15749
1786137117180 0.9982547760009766 15799
1786137119768 0.998265266418457 15849
1786137122325 0.9982758164405823 15899
1786137124965 0.9982863068580627 15949
1786137127931 0.9982967972755432 15999
1786137130507 0.9983072876930237 16049
1786137133050 0.9983177781105042 16099
1786137135660 0.9983282089233398 16149
1786137138217 0.9983386993408203 16199
1786137140778 0.998349130153656 16249
1786137143421 0.9983595609664917 16299
1786137146047 0.9983699917793274 16349
1786137148640 0.9983803629875183 16399
1786137151252 0.998390793800354 16449
1786137153850 0.9984011650085449 16499
1786137156385 0.9984115362167358 16549
1786137158945 0.998421847820282 16599
1786137161511 0.9984322190284729 16649
1786137164030 0.998442530632019 16699
1786137166576 0.9984528422355652 16749
1786137169136 0.9984631538391113 16799
1786137171714 0.9984734058380127 16849
1786137174268 0.9984836578369141 16899
1786137176824 0.9984939098358154 16949
1786137179314 0.9985041618347168 16999
1786137181835 0.9985143542289734 17049
1786137184388 0.99852454662323 17099
1786137186933 0.9985347390174866 17149
1786137189513 0.9985449314117432 17199
1786137192100 0.998555064201355 17249
1786137194676 0.9985651969909668 17299
1786137197175 0.9985752701759338 17349
1786137199765 0.9985854029655457 17399
1786137202390 0.9985954761505127 17449
1786137205012 0.998605489730835 17499
1786137207613 0.998615562915802 17549
1786137210459 0.9986255764961243 17599
1786137213028 0.9986355304718018 17649
1786137215583 0.9986454844474792 17699
1786137218136 0.9986554384231567 17749
1786137220702 0.9986653923988342 17799
1786137223286 0.9986752867698669 17849
1786137225925 0.9986851811408997 17899
1786137228606 0.9986950755119324 17949
1786137231231 0.9987049102783203 17999
1786137233863 0.9987146854400635 18049
1786137236498 0.9987245202064514 18099
1786137239067 0.9987342953681946 18149
1786137241678 0.998744010925293 18199
1786137244347 0.9987537860870361 18249
1786137246949 0.9987634420394897 18299
1786137249515 0.9987731575965881 18349
1786137252108 0.9987828135490417 18399
1786137254733 0.9987924098968506 18449
1786137257326 0.9988020062446594 18499
1786137259907 0.9988116025924683 18549
1786137262515 0.9988211393356323 18599
1786137265066 0.9988306760787964 18649
1786137267639 0.9988401532173157 18699
1786137270275 0.998849630355835 18749
1786137272944 0.9988591074943542 18799
1786137275537 0.9988685250282288 18849
1786137278107 0.9988778829574585 18899
1786137280759 0.998887300491333 18949
1786137283324 0.998896598815918 18999
1786137285946 0.9989058971405029 19049
1786137288578 0.9989151954650879 19099
1786137291133 0.9989244341850281 19149
1786137333930 0.9989336729049683 19199
1786137336588 0.9989428520202637 19249
1786137339190 0.9989520311355591 19299
1786137341760 0.9989611506462097 19349
1786137344350 0.9989702701568604 19399
1786137347046 0.9989793300628662 19449
1786137349608 0.9989883899688721 19499
1786137352216 0.9989973902702332 19549
1786137354818 0.9990063309669495 19599
1786137357379 0.9990152716636658 19649
1786137360006 0.9990242123603821 19699
1786137362620 0.9990330934524536 19749
1786137365269 0.9990419745445251 19799
1786137367940 0.9990507364273071 19849
1786137370504 0.9990595579147339 19899
1786137373072 0.9990683197975159 19949
1786137375601 0.9990770220756531 19999
1786137378193 0.9990857243537903 20049
1786137380773 0.9990943670272827 20099
1786137383359 0.9991029500961304 20149
1786137385874 0.999111533164978 20199
1786137388589 0.9991201162338257 20249
1786137391159 0.9991285800933838 20299
1786137393692 0.9991371035575867 20349
1786137396289 0.9991455078125 20399
1786137398877 0.9991539120674133 20449
1786137401414 0.9991623163223267 20499
1786137403967 0.9991706609725952 20549
1786137406532 0.999178946018219 20599
1786137409109 0.999187171459198 20649
1786137411678 0.999195396900177 20699
1786137414675 0.999203622341156 20749
1786137417227 0.9992117285728455 20799
1786137419849 0.9992198348045349 20849
1786137422484 0.9992279410362244 20899
1786137425100 0.999235987663269 20949
1786137427678 0.999243974685669 20999
1786137430196 0.9992519021034241 21049
1786137432756 0.9992598295211792 21099
1786137435318 0.9992676973342896 21149
1786137437884 0.9992755651473999 21199
1786137440487 0.9992833733558655 21249
1786137443076 0.9992911219596863 21299
1786137445680 0.9992988109588623 21349
1786137448277 0.9993064999580383 21399
1786137450946 0.9993141293525696 21449
1786137453553 0.9993217587471008 21499
1786137456208 0.9993293285369873 21549
1786137458904 0.999336838722229 21599
1786137461495 0.9993442893028259 21649
1786137464060 0.9993517398834229 21699
1786137466618 0.999359130859375 21749
1786137469163 0.9993664622306824 21799
1786137471696 0.9993737936019897 21849
1786137474311 0.9993810653686523 21899
1786137476826 0.9993882775306702 21949
1786137479459 0.9993954300880432 21999
1786137482022 0.9994025826454163 22049
1786137484711 0.9994096755981445 22099
1786137487315 0.999416708946228 22149
1786137489904 0.9994237422943115 22199
1786137492493 0.9994306564331055 22249
1786137495141 0.9994376301765442 22299
1786137498045 0.9994444847106934 22349
1786137500606 0.9994512796401978 22399
1786137503197 0.9994580745697021 22449
1786137505732 0.9994648098945618 22499
1786137508282 0.9994714856147766 22549
1786137510790 0.9994781613349915 22599
1786137513342 0.9994847774505615 22649
1786137515887 0.9994913339614868 22699
1786137518436 0.9994978308677673 22749
1786137520970 0.9995042681694031 22799
1786137523524 0.9995107054710388 22849
1786137526117 0.9995170831680298 22899
1786137528739 0.999523401260376 22949
1786137531374 0.9995296597480774 22999
1786137533974 0.9995359182357788 23049
1786137536491 0.9995420575141907 23099
1786137539088 0.9995481967926025 23149
1786137541667 0.9995542764663696 23199
1786137544223 0.9995602965354919 23249
1786137546777 0.9995663166046143 23299
1786137549436 0.9995722770690918 23349
1786137552000 0.9995781183242798 23399
1786137554601 0.9995839595794678 23449
1786137557199 0.9995898008346558 23499
1786137559744 0.9995955228805542 23549
1786137562318 0.9996012449264526 23599
1786137564945 0.9996068477630615 23649
1786137567566 0.9996124505996704 23699
1786137570206 0.9996179938316345 23749
1786137572850 0.9996235370635986 23799
1786137575425 0.9996289610862732 23849
1786137578013 0.9996343851089478 23899
1786137581078 0.9996396899223328 23949
1786137583700 0.9996449947357178 23999
1786137586243 0.999650239944458 24049
1786137588884 0.9996554255485535 24099
1786137591464 0.9996606111526489 24149
1786137594015 0.9996656775474548 24199
1786137596531 0.9996707439422607 24249
1786137599068 0.9996756911277771 24299
1786137601632 0.9996806383132935 24349
1786137604314 0.999685525894165 24399
1786137606840 0.9996903538703918 24449
1786137609386 0.9996951818466187 24499
1786137611865 0.9996998906135559 24549
1786137614351 0.9997045993804932 24599
1786137616870 0.9997091889381409 24649
1786137619347 0.9997137784957886 24699
1786137621891 0.9997183084487915 24749
1786137624441 0.9997227787971497 24799
1786137627008 0.999727189540863 24849
1786137629532 0.9997315406799316 24899
1786137632091 0.9997358322143555 24949
1786137634720 0.9997401237487793 24999
1786137637237 0.9997442960739136 25049
1786137639827 0.9997484683990479 25099
1786137642442 0.9997525215148926 25149
1786137644910 0.9997565746307373 25199
1786137647489 0.9997605681419373 25249
1786137650025 0.9997645020484924 25299
1786137652610 0.9997683763504028 25349
1786137655270 0.9997721910476685 25399
1786137657811 0.9997759461402893 25449
1786137660285 0.9997797012329102 25499
1786137663163 0.9997833371162415 25549
1786137665649 0.9997869729995728 25599
1786137668263 0.9997904896736145 25649
1786137670870 0.9997940063476562 25699
1786137673482 0.9997974634170532 25749
1786137676046 0.9998008012771606 25799
1786137678744 0.9998041391372681 25849
1786137681353 0.9998074173927307 25899
1786137683938 0.9998106360435486 25949
1786137686555 0.9998137950897217 25999
1786137689129 0.99981689453125 26049
1786137691655 0.9998199939727783 26099
1786137694152 0.9998229742050171 26149
1786137696826 0.9998258948326111 26199
1786137699355 0.9998287558555603 26249
1786137701874 0.9998316168785095 26299
1786137704437 0.9998343586921692 26349
1786137707034 0.9998371005058289 26399
1786137709544 0.9998397827148438 26449
1786137712088 0.9998423457145691 26499
1786137714628 0.9998449087142944 26549
1786137717161 0.999847412109375 26599
1786137719810 0.999849796295166 26649
1786137722387 0.999852180480957 26699
1786137724989 0.9998545050621033 26749
1786137727580 0.9998567700386047 26799
1786137730166 0.9998589754104614 26849
1786137732693 0.9998611211776733 26899
1786137735255 0.9998632073402405 26949
1786137737870 0.9998652338981628 26999
1786137740498 0.9998672008514404 27049
1786137743029 0.999869167804718 27099
1786137746067 0.999871015548706 27149
1786137748612 0.9998728036880493 27199
1786137751180 0.9998745322227478 27249
1786137753728 0.9998762607574463 27299
1786137756294 0.9998778700828552 27349
1786137758936 0.9998794198036194 27399
1786137761500 0.9998809695243835 27449
1786137764041 0.9998824000358582 27499
1786137766608 0.9998838305473328 27549
1786137769144 0.9998851418495178 27599
1786137771751 0.9998864531517029 27649
1786137774328 0.9998876452445984 27699
1786137776907 0.9998888373374939 27749
1786137779521 0.9998899698257446 27799
1786137782047 0.9998909831047058 27849
1786137784573 0.999891996383667 27899
1786137787190 0.9998929500579834 27949
1786137789700 0.9998937845230103 27999
1786137792264 0.9998946189880371 28049
1786137794860 0.9998953938484192 28099
1786137797460 0.9998961091041565 28149
1786137799955 0.999896764755249 28199
1786137802539 0.999897301197052 28249
1786137805105 0.999897837638855 28299
1786137807680 0.9998983144760132 28349
1786137810240 0.9998987317085266 28399
1786137813033 0.9998990893363953 28449
1786137815627 0.9998993873596191 28499
1786137818278 0.9998996257781982 28549
1786137820878 0.9998998045921326 28599
1786137823411 0.9998999238014221 28649
1786137825996 0.9998999834060669 28699
