1786136259517 1.159238576889038 49
1786136262230 0.8495104312896729 99
1786136264746 0.8177797794342041 149
1786136267300 0.7782852649688721 199
1786136269809 0.7754002809524536 249
1786136272670 0.8170923590660095 299
1786136275235 0.7756980061531067 349
1786136277802 0.7494208812713623 399
1786136280367 0.7778234481811523 449
1786136282947 0.8157708048820496 499
1786136285451 0.8093098402023315 549
1786136287980 0.7730388641357422 599
1786136290515 0.9544135928153992 649
1786136293144 1.0651092529296875 699
1786136295646 0.9402732253074646 749
1786136298185 1.0521767139434814 799
1786136300706 1.337693214416504 849
1786136303196 1.1797009706497192 899
1786136305758 1.464963436126709 949
1786136308276 1.4168286323547363 999
1786136310790 1.5270062685012817 1049
1786136313293 1.9463505744934082 1099
1786136315912 2.2595181465148926 1149
1786136318434 2.4918816089630127 1199
1786136321060 2.2468879222869873 1249
1786136323633 2.476158857345581 1299
1786136326215 2.7785913944244385 1349
1786136328747 2.859825372695923 1399
1786136331268 3.0445618629455566 1449
1786136333786 2.9218831062316895 1499
1786136336329 2.9352996349334717 1549
1786136339242 3.708984136581421 1599
1786136341801 3.7417635917663574 1649
1786136344540 3.9606075286865234 1699
1786136347301 2.993809700012207 1749
1786136349867 4.149019241333008 1799
1786136352405 3.4196200370788574 1849
1786136355103 3.710925340652466 1899
1786136357746 5.116540908813477 1949
1786136360288 4.464946269989014 1999
1786136362915 4.775402069091797 2049
1786136365567 4.513980388641357 2099
1786136368154 4.541326522827148 2149
1786136370776 5.2084550857543945 2199
1786136373283 4.795726299285889 2249
1786136375900 5.538453578948975 2299
1786136378458 7.768915176391602 2349
1786136381056 5.790744781494141 2399
1786136383654 5.8917365074157715 2449
1786136386469 4.307310581207275 2499
1786136389065 5.116727828979492 2549
1786136391606 6.303884506225586 2599
1786136394176 5.622077465057373 2649
1786136396767 5.705933570861816 2699
1786136399383 3.498300552368164 2749
1786136402046 6.244160175323486 2799
1786136404670 4.914815902709961 2849
1786136407313 5.768378734588623 2899
1786136409916 6.227771759033203 2949
1786136412555 5.306719779968262 2999
1786136415114 5.607639789581299 3049
1786136417820 6.557887077331543 3099
1786136420471 4.7581586837768555 3149
1786136423416 6.143171787261963 3199
1786136426008 6.385818004608154 3249
1786136428675 5.93282413482666 3299
1786136431222 6.369836807250977 3349
1786136433801 6.160645484924316 3399
1786136436470 5.933534622192383 3449
1786136439254 8.789411544799805 3499
1786136441873 5.7325334548950195 3549
1786136444496 7.245849609375 3599
1786136447127 4.901265621185303 3649
1786136449944 7.156162261962891 3699
1786136452536 6.667842388153076 3749
1786136455149 7.449512004852295 3799
1786136457722 5.373884677886963 3849
1786136460473 7.901057243347168 3899
1786136463133 8.777647018432617 3949
1786136465692 6.12877082824707 3999
1786136468305 10.501299858093262 4049
1786136470916 7.618066787719727 4099
1786136473594 6.30341911315918 4149
1786136476304 6.8916168212890625 4199
1786136478971 7.121705055236816 4249
1786136481577 6.881872177124023 4299
1786136484161 6.188302040100098 4349
1786136486765 7.833111763000488 4399
1786136489335 5.196866989135742 4449
1786136491944 6.37248420715332 4499
1786136494476 7.678563117980957 4549
1786136497063 10.958050727844238 4599
1786136499666 9.788414001464844 4649
1786136502310 7.780184745788574 4699
1786136505208 6.473379611968994 4749
1786136508156 9.837610244750977 4799
1786136510681 7.877305030822754 4849
1786136513386 7.79567813873291 4899
1786136516036 7.777472496032715 4949
1786136518626 6.120532512664795 4999
1786136521215 9.47224235534668 5049
1786136523818 6.881046772003174 5099
1786136526471 8.770414352416992 5149
1786136529042 5.455030918121338 5199
1786136531690 8.65732479095459 5249
1786136534287 10.20071029663086 5299
1786136536877 6.513327598571777 5349
1786136539448 10.732400894165039 5399
1786136542086 6.52862548828125 5449
1786136544732 9.651018142700195 5499
1786136547367 6.941474914550781 5549
1786136550046 6.546058654785156 5599
1786136552704 7.690371513366699 5649
1786136555354 9.753374099731445 5699
1786136557946 8.800008773803711 5749
1786136560570 6.817309379577637 5799
1786136563360 10.364927291870117 5849
1786136565978 12.573953628540039 5899
1786136568564 9.863359451293945 5949
1786136571204 7.987793922424316 5999
1786136573831 7.244502544403076 6049
1786136576549 9.609038352966309 6099
1786136579237 10.49354362487793 6149
1786136581842 6.559274196624756 6199
1786136584514 11.398857116699219 6249
1786136587216 11.768077850341797 6299
1786136589841 7.7376885414123535 6349
1786136592889 7.830976486206055 6399
1786136595690 9.984916687011719 6449
1786136598340 6.884395122528076 6499
1786136600925 7.120974540710449 6549
1786136603440 8.181282997131348 6599
1786136606293 8.84702205657959 6649
1786136608864 8.765625 6699
1786136611406 6.066037654876709 6749
1786136614053 9.456686973571777 6799
1786136616600 9.969867706298828 6849
1786136619211 6.480644226074219 6899
1786136621762 6.84359073638916 6949
1786136624265 5.778393268585205 6999
1786136626938 9.415584564208984 7049
1786136629596 6.322152137756348 7099
1786136632287 11.406713485717773 7149
1786136634896 8.800007820129395 7199
1786136637515 8.785700798034668 7249
1786136640183 6.208605766296387 7299
1786136642830 6.587916851043701 7349
1786136645526 8.78707504272461 7399
1786136648088 8.197160720825195 7449
1786136650646 7.180946350097656 7499
1786136653221 8.288434028625488 7549
1786136655753 9.793813705444336 7599
1786136658299 8.51303768157959 7649
1786136660962 7.0675578117370605 7699
1786136663584 7.806240558624268 7749
1786136666126 8.939498901367188 7799
1786136668654 8.154690742492676 7849
1786136671220 5.9904961585998535 7899
1786136673772 10.465383529663086 7949
1786136676689 9.245030403137207 7999
1786136679215 5.103599548339844 8049
1786136681839 7.974825382232666 8099
1786136684417 9.652347564697266 8149
1786136687018 9.486085891723633 8199
1786136689578 7.9669928550720215 8249
1786136692191 8.669947624206543 8299
1786136694701 8.585177421569824 8349
1786136697307 7.913753509521484 8399
1786136699841 8.924335479736328 8449
1786136702362 8.135732650756836 8499
1786136704942 7.145083904266357 8549
1786136707487 10.519867897033691 8599
1786136709990 7.633152008056641 8649
1786136712527 6.133075714111328 8699
1786136715062 9.877228736877441 8749
1786136717588 10.204097747802734 8799
1786136720154 9.132222175598145 8849
1786136722755 11.809191703796387 8899
1786136725333 8.023648262023926 8949
1786136727846 11.370059967041016 8999
1786136730505 10.522028923034668 9049
1786136733108 10.927359580993652 9099
1786136735720 9.098396301269531 9149
1786136738271 9.191206932067871 9199
1786136740817 9.714239120483398 9249
1786136743351 10.934081077575684 9299
1786136745933 7.092235088348389 9349
1786136748414 10.994514465332031 9399
1786136751001 9.520315170288086 9449
1786136753545 11.433953285217285 9499
1786136756044 5.644412994384766 9549
1786136797467 10.471029281616211 9599
1786136799977 10.62285041809082 9649
1786136802619 13.336158752441406 9699
1786136805165 8.85314655303955 9749
1786136807756 15.139825820922852 9799
1786136810376 8.880475044250488 9849
1786136812864 9.254298210144043 9899
1786136815398 10.734267234802246 9949
1786136817935 9.403704643249512 9999
1786136820442 8.988243103027344 10049
1786136823005 9.487442016601562 10099
1786136825510 11.75383186340332 10149
1786136828042 9.886200904846191 10199
1786136830597 7.944854259490967 10249
1786136833094 9.672416687011719 10299
1786136835654 10.249534606933594 10349
1786136838191 6.735215663909912 10399
1786136840748 10.102733612060547 10449
1786136843292 5.323103904724121 10499
1786136846035 6.867587566375732 10549
1786136848587 10.411736488342285 10599
1786136851127 11.204647064208984 10649
1786136853683 13.34604549407959 10699
1786136856326 7.965720176696777 10749
1786136858954 8.251404762268066 10799
1786136861484 10.875293731689453 10849
1786136864034 10.173160552978516 10899
1786136866548 10.558342933654785 10949
1786136869173 7.925662517547607 10999
1786136871767 10.586380004882812 11049
1786136874393 13.873042106628418 11099
1786136876945 9.0860013961792 11149
1786136879881 6.645028114318848 11199
1786136882410 11.064231872558594 11249
1786136884964 9.621320724487305 11299
1786136887559 11.238697052001953 11349
1786136890154 10.523700714111328 11399
1786136892713 6.928628921508789 11449
1786136895296 12.452239990234375 11499
1786136897833 9.391674041748047 11549
1786136900443 11.570588111877441 11599
1786136903035 9.74553108215332 11649
1786136905598 11.393287658691406 11699
1786136908258 11.526840209960938 11749
1786136910819 9.538372993469238 11799
1786136913366 9.845500946044922 11849
1786136915922 8.465032577514648 11899
1786136918550 9.769865989685059 11949
1786136921131 8.039623260498047 11999
1786136923747 7.00506067276001 12049
1786136926279 12.459342956542969 12099
1786136928906 6.170131206512451 12149
1786136931455 9.847905158996582 12199
1786136933990 9.306242942810059 12249
1786136936521 11.001888275146484 12299
1786136938992 12.485424041748047 12349
1786136941521 11.692687034606934 12399
1786136944107 12.876786231994629 12449
1786136946705 10.396505355834961 12499
1786136949267 8.32396411895752 12549
1786136951872 11.466341018676758 12599
1786136954407 9.49839973449707 12649
1786136956994 10.160064697265625 12699
1786136959560 8.681859016418457 12749
1786136962373 11.503829956054688 12799
1786136964887 8.568458557128906 12849
1786136967487 12.504759788513184 12899
1786136970022 11.687893867492676 12949
1786136972572 8.752610206604004 12999
1786136975117 9.34646224975586 13049
1786136977653 9.657669067382812 13099
1786136980161 11.39177417755127 13149
1786136982754 9.514250755310059 13199
1786136985321 9.307243347167969 13249
1786136987889 11.515883445739746 13299
1786136990742 12.143716812133789 13349
1786136993348 13.284521102905273 13399
1786136995873 10.193617820739746 13449
1786136998395 8.961569786071777 13499
1786137000933 12.228328704833984 13549
1786137003451 10.045144081115723 13599
1786137006074 10.948060989379883 13649
1786137008638 10.810730934143066 13699
1786137011209 8.928548812866211 13749
1786137013758 10.600544929504395 13799
1786137016360 12.902379989624023 13849
1786137018953 9.27178955078125 13899
1786137021455 12.524691581726074 13949
1786137024016 9.189962387084961 13999
1786137026605 12.211498260498047 14049
1786137029151 11.861759185791016 14099
1786137031721 9.113661766052246 14149
1786137034234 13.71577262878418 14199
1786137036862 10.727968215942383 14249
1786137039462 10.075851440429688 14299
1786137042045 10.46824836730957 14349
1786137044864 9.691550254821777 14399
1786137047349 11.884775161743164 14449
1786137049889 10.35630989074707 14499
1786137052436 11.299965858459473 14549
1786137055001 11.592185020446777 14599
1786137057590 11.040156364440918 14649
1786137060127 11.039825439453125 14699
1786137062662 11.07683277130127 14749
1786137065282 11.992408752441406 14799
1786137067854 8.630999565124512 14849
1786137070420 8.21180248260498 14899
1786137073143 11.266020774841309 14949
1786137075729 11.204946517944336 14999
1786137078446 12.3187894821167 15049
1786137080994 11.54506778717041 15099
1786137083630 10.750435829162598 15149
1786137086233 8.742269515991211 15199
1786137088812 10.599328994750977 15249
1786137091340 9.289941787719727 15299
1786137093954 8.033045768737793 15349
1786137096557 9.75937557220459 15399
1786137099132 12.661786079406738 15449
1786137101748 11.429180145263672 15499
1786137104316 16.880685806274414 15549
1786137106869 10.00560188293457 15599
1786137109407 10.061175346374512 15649
1786137112022 9.129690170288086 15699
1786137114574 10.36768913269043 15749
1786137117180 13.14473819732666 15799
1786137119768 13.100799560546875 15849
1786137122325 9.933512687683105 15899
1786137124965 11.50208854675293 15949
1786137127931 9.56184196472168 15999
1786137130507 12.223939895629883 16049
1786137133050 9.414215087890625 16099
1786137135660 9.762410163879395 16149
1786137138217 10.494486808776855 16199
1786137140778 7.738560676574707 16249
1786137143421 11.278468132019043 16299
1786137146047 8.96950626373291 16349
1786137148640 11.034882545471191 16399
1786137151252 12.35489559173584 16449
1786137153850 10.979995727539062 16499
1786137156385 10.148118019104004 16549
1786137158945 11.40445327758789 16599
1786137161511 14.05324649810791 16649
1786137164030 13.07811164855957 16699
1786137166576 12.756361961364746 16749
1786137169136 11.455037117004395 16799
1786137171714 12.06739330291748 16849
1786137174268 9.993773460388184 16899
1786137176824 11.610833168029785 16949
1786137179314 11.880768775939941 16999
1786137181835 9.471892356872559 17049
1786137184388 10.493085861206055 17099
1786137186933 10.267457008361816 17149
1786137189513 10.648466110229492 17199
1786137192100 8.464864730834961 17249
1786137194676 11.181304931640625 17299
1786137197175 11.636468887329102 17349
1786137199765 11.941534042358398 17399
1786137202390 8.446855545043945 17449
1786137205012 10.561456680297852 17499
1786137207613 10.283464431762695 17549
1786137210459 12.804794311523438 17599
1786137213028 9.43955135345459 17649
1786137215583 8.93765640258789 17699
1786137218136 11.18324089050293 17749
1786137220702 10.94006633758545 17799
1786137223286 9.919456481933594 17849
1786137225925 9.08586311340332 17899
1786137228606 12.16689682006836 17949
1786137231231 13.067893981933594 17999
1786137233863 9.789408683776855 18049
1786137236498 9.646865844726562 18099
1786137239067 11.841958045959473 18149
1786137241678 13.24570083618164 18199
1786137244347 9.476085662841797 18249
1786137246949 10.748655319213867 18299
1786137249515 10.925230026245117 18349
1786137252108 9.460654258728027 18399
1786137254733 8.909428596496582 18449
1786137257326 9.959452629089355 18499
1786137259907 10.89172649383545 18549
1786137262515 11.328640937805176 18599
1786137265066 7.457357406616211 18649
1786137267639 7.911586761474609 18699
1786137270275 12.867807388305664 18749
1786137272944 10.702327728271484 18799
1786137275537 9.67843246459961 18849
1786137278107 7.1396098136901855 18899
1786137280759 10.792091369628906 18949
1786137283324 11.377975463867188 18999
1786137285946 9.343779563903809 19049
1786137288578 11.22104263305664 19099
1786137291133 10.222600936889648 19149
1786137333930 9.995121002197266 19199
1786137336588 9.58314037322998 19249
1786137339190 10.956978797912598 19299
1786137341760 6.924249649047852 19349
1786137344350 9.515460014343262 19399
1786137347046 10.956281661987305 19449
1786137349608 12.256183624267578 19499
1786137352216 8.165471076965332 19549
1786137354818 10.270883560180664 19599
1786137357379 9.189582824707031 19649
1786137360006 12.165586471557617 19699
1786137362620 12.000348091125488 19749
1786137365269 10.357850074768066 19799
1786137367940 9.25193977355957 19849
1786137370504 15.487717628479004 19899
1786137373072 6.826480865478516 19949
1786137375601 11.946126937866211 19999
1786137378193 11.898930549621582 20049
1786137380773 11.616765022277832 20099
1786137383359 10.400017738342285 20149
1786137385874 12.496112823486328 20199
1786137388589 11.780975341796875 20249
1786137391159 10.868121147155762 20299
1786137393692 10.649385452270508 20349
1786137396289 12.420746803283691 20399
1786137398877 11.569525718688965 20449
1786137401414 11.485218048095703 20499
1786137403967 10.867430686950684 20549
1786137406532 12.604324340820312 20599
1786137409109 8.060946464538574 20649
1786137411678 9.010908126831055 20699
1786137414675 11.395322799682617 20749
1786137417227 7.054366588592529 20799
1786137419849 6.960653781890869 20849
1786137422484 11.16235065460205 20899
1786137425100 10.898534774780273 20949
1786137427678 9.105056762695312 20999
1786137430196 9.770302772521973 21049
1786137432756 12.211616516113281 21099
1786137435318 10.069917678833008 21149
1786137437884 12.452948570251465 21199
1786137440487 8.279327392578125 21249
1786137443076 10.166757583618164 21299
1786137445680 8.579981803894043 21349
1786137448277 8.513420104980469 21399
1786137450946 8.95234489440918 21449
1786137453553 13.987688064575195 21499
1786137456208 10.281702995300293 21549
1786137458904 9.461909294128418 21599
1786137461495 12.822457313537598 21649
1786137464060 11.975423812866211 21699
1786137466618 11.830818176269531 21749
1786137469163 10.423200607299805 21799
1786137471696 8.551345825195312 21849
1786137474311 10.213431358337402 21899
1786137476826 10.027050018310547 21949
1786137479459 9.335487365722656 21999
1786137482022 12.86037826538086 22049
1786137484711 9.411748886108398 22099
1786137487315 7.392177581787109 22149
1786137489904 13.50343132019043 22199
1786137492493 14.673397064208984 22249
1786137495141 10.115652084350586 22299
1786137498045 11.464365005493164 22349
1786137500606 11.55657958984375 22399
1786137503197 9.923624992370605 22449
1786137505732 12.396965026855469 22499
1786137508282 12.944806098937988 22549
1786137510790 13.229140281677246 22599
1786137513342 9.565164566040039 22649
1786137515887 11.916041374206543 22699
1786137518436 11.06791877746582 22749
1786137520970 10.999783515930176 22799
1786137523524 10.340757369995117 22849
1786137526117 12.293027877807617 22899
1786137528739 14.006097793579102 22949
1786137531374 14.662240982055664 22999
1786137533974 9.841925621032715 23049
1786137536491 9.087386131286621 23099
1786137539088 8.482843399047852 23149
1786137541667 11.371728897094727 23199
1786137544223 11.366238594055176 23249
1786137546777 12.349688529968262 23299
1786137549436 10.05213737487793 23349
1786137552000 6.110185146331787 23399
1786137554601 10.325800895690918 23449
1786137557199 12.259979248046875 23499
1786137559744 8.84610366821289 23549
1786137562318 9.378326416015625 23599
1786137564945 9.897587776184082 23649
1786137567566 15.284330368041992 23699
1786137570206 9.95616626739502 23749
1786137572850 10.45338249206543 23799
1786137575425 11.77606201171875 23849
1786137578013 11.021215438842773 23899
1786137581078 10.308585166931152 23949
1786137583700 9.145785331726074 23999
1786137586243 8.518401145935059 24049
1786137588884 12.79847240447998 24099
1786137591464 11.84371566772461 24149
1786137594015 10.998462677001953 24199
1786137596531 8.93455696105957 24249
1786137599068 9.83574390411377 24299
1786137601632 8.134638786315918 24349
1786137604314 10.783157348632812 24399
1786137606840 10.701424598693848 24449
1786137609386 12.055752754211426 24499
1786137611865 10.69611644744873 24549
1786137614351 9.753315925598145 24599
1786137616870 9.702982902526855 24649
1786137619347 10.98900032043457 24699
1786137621891 10.35316276550293 24749
1786137624441 9.457789421081543 24799
1786137627008 11.977696418762207 24849
1786137629532 10.552144050598145 24899
1786137632091 8.807026863098145 24949
1786137634720 10.17752456665039 24999
1786137637237 6.950274467468262 25049
1786137639827 9.772841453552246 25099
1786137642442 10.634212493896484 25149
1786137644910 11.024019241333008 25199
1786137647489 8.420574188232422 25249
1786137650025 9.34829330444336 25299
1786137652610 9.06973934173584 25349
1786137655270 8.533163070678711 25399
1786137657811 11.892915725708008 25449
1786137660285 10.294021606445312 25499
1786137663163 12.50423526763916 25549
1786137665649 8.566941261291504 25599
1786137668263 11.022554397583008 25649
1786137670870 11.92935848236084 25699
1786137673482 10.476600646972656 25749
1786137676046 9.333555221557617 25799
1786137678744 11.66977310180664 25849
1786137681353 10.625826835632324 25899
1786137683938 9.825462341308594 25949
1786137686555 12.322694778442383 25999
1786137689129 11.571930885314941 26049
1786137691655 10.146860122680664 26099
1786137694152 7.335679054260254 26149
1786137696826 9.703954696655273 26199
1786137699355 9.892928123474121 26249
1786137701874 13.449609756469727 26299
1786137704437 9.935062408447266 26349
1786137707034 9.95682144165039 26399
1786137709544 8.731908798217773 26449
1786137712088 12.183194160461426 26499
1786137714628 9.550250053405762 26549
1786137717161 9.685816764831543 26599
1786137719810 9.287413597106934 26649
1786137722387 10.235472679138184 26699
1786137724989 9.5698823928833 26749
1786137727580 10.643980026245117 26799
1786137730166 8.889800071716309 26849
1786137732693 9.297362327575684 26899
1786137735255 8.452909469604492 26949
1786137737870 9.34908676147461 26999
1786137740498 13.195483207702637 27049
1786137743029 8.683526039123535 27099
1786137746067 10.138670921325684 27149
1786137748612 11.828214645385742 27199
1786137751180 12.11605453491211 27249
1786137753728 10.05774974822998 27299
1786137756294 11.517366409301758 27349
1786137758936 11.65585708618164 27399
1786137761500 9.378593444824219 27449
1786137764041 7.423278331756592 27499
1786137766608 10.20593547821045 27549
1786137769144 15.119484901428223 27599
1786137771751 8.808745384216309 27649
1786137774328 9.877754211425781 27699
1786137776907 10.310065269470215 27749
1786137779521 10.443167686462402 27799
1786137782047 10.88608169555664 27849
1786137784573 8.339221954345703 27899
1786137787190 10.83685302734375 27949
1786137789700 9.983728408813477 27999
1786137792264 11.085697174072266 28049
1786137794860 9.05919361114502 28099
1786137797460 11.589593887329102 28149
1786137799955 8.980541229248047 28199
1786137802539 13.78243637084961 28249
1786137805105 14.272262573242188 28299
1786137807680 8.741127014160156 28349
1786137810240 11.291352272033691 28399
1786137813033 13.181760787963867 28449
1786137815627 8.85891342163086 28499
1786137818278 11.501163482666016 28549
1786137820878 10.67660903930664 28599
1786137823411 9.689224243164062 28649
1786137825996 13.91989517211914 28699
