1786136338641 1.6123191118240356 1595
1786136422641 5.1878437995910645 3191
1786136507178 7.270078182220459 4787
1786136591635 8.267473220825195 6383
1786136675353 7.978528022766113 7979
1786136795988 9.038108825683594 9575
1786136878170 9.895621299743652 11171
1786136960485 10.299108505249023 12767
1786137042799 10.470934867858887 14363
1786137125649 10.606523513793945 15959
1786137207976 10.491957664489746 17555
1786137331245 10.450316429138184 19151
1786137414142 10.47130012512207 20747
1786137497373 10.374631881713867 22343
1786137580153 10.455405235290527 23939
1786137662158 10.477510452270508 25535
1786137744666 10.407084465026855 27131
1786137867278 10.463949203491211 28727
