1786136259517 0.5199854373931885 49
1786136262230 0.6075581312179565 99
1786136264746 0.6304506063461304 149
1786136267300 0.5944767594337463 199
1786136269809 0.5628633499145508 249
1786136272670 0.5405405759811401 299
1786136275235 0.5505700707435608 349
1786136277802 0.5457848906517029 399
1786136280367 0.5392441749572754 449
1786136282947 0.5436046719551086 499
1786136285451 0.5327034592628479 549
1786136287980 0.5370639562606812 599
1786136290515 0.4818314015865326 649
1786136293144 0.4702034890651703 699
1786136295646 0.4818314015865326 749
1786136298185 0.46693313121795654 799
1786136300706 0.42514535784721375 849
1786136303196 0.44840115308761597 899
1786136305758 0.4033430218696594 949
1786136308276 0.38719069957733154 999
1786136310790 0.39026162028312683 1049
1786136313293 0.3401162922382355 1099
1786136315912 0.33502906560897827 1149
1786136318434 0.2957848906517029 1199
1786136321060 0.31177324056625366 1249
1786136323633 0.2888808250427246 1299
1786136326215 0.2787064015865326 1349
1786136328747 0.28197672963142395 1399
1786136331268 0.25722649693489075 1449
1786136333786 0.30159884691238403 1499
1786136336329 0.2742290794849396 1549
1786136339242 0.25726744532585144 1599
1786136341801 0.2318314015865326 1649
1786136344540 0.2019650638103485 1699
1786136347301 0.265625 1749
1786136349867 0.21438953280448914 1799
1786136352405 0.26090115308761597 1849
1786136355103 0.2329215109348297 1899
1786136357746 0.19549418985843658 1949
1786136360288 0.21039244532585144 1999
1786136362915 0.17950581014156342 2049
1786136365567 0.20930232107639313 2099
1786136368154 0.2172965109348297 2149
1786136370776 0.20421510934829712 2199
1786136373283 0.20784883201122284 2249
1786136375900 0.20530523359775543 2299
1786136378458 0.2252907007932663 2349
1786136381056 0.18428781628608704 2399
1786136383654 0.18204942345619202 2449
1786136386469 0.23401162028312683 2499
1786136389065 0.21984010934829712 2549
1786136391606 0.19840116798877716 2599
1786136394176 0.2071220874786377 2649
1786136396767 0.21838662028312683 2699
1786136399383 0.2514534890651703 2749
1786136402046 0.2252907007932663 2799
1786136404670 0.19731104373931885 2849
1786136407313 0.17222222685813904 2899
1786136409916 0.16715116798877716 2949
1786136412555 0.20675872266292572 2999
1786136415114 0.20603197813034058 3049
1786136417820 0.19186046719551086 3099
1786136420471 0.19949127733707428 3149
1786136423416 0.19840116798877716 3199
1786136426008 0.23071324825286865 3249
1786136428675 0.20930232107639313 3299
1786136431222 0.18859010934829712 3349
1786136433801 0.19925926625728607 3399
1786136436470 0.1835029125213623 3449
1786136439254 0.1577034890651703 3499
1786136441873 0.213662788271904 3549
1786136444496 0.182412788271904 3599
1786136447127 0.20930232107639313 3649
1786136449944 0.1889534890651703 3699
1786136452536 0.21293604373931885 3749
1786136455149 0.1524745225906372 3799
1786136457722 0.2162064015865326 3849
1786136460473 0.16460755467414856 3899
1786136463133 0.1446220874786377 3949
1786136465692 0.22856104373931885 3999
1786136468305 0.1289970874786377 4049
1786136470916 0.15639811754226685 4099
1786136473594 0.17732557654380798 4149
1786136476304 0.192587211728096 4199
1786136478971 0.20276162028312683 4249
1786136481577 0.13375093042850494 4299
1786136484161 0.18859010934829712 4349
1786136486765 0.17114825546741486 4399
1786136489335 0.23800872266292572 4449
1786136491944 0.17005814611911774 4499
1786136494476 0.21693314611911774 4549
1786136497063 0.16606104373931885 4599
1786136499666 0.18683339655399323 4649
1786136502310 0.17025154829025269 4699
1786136505208 0.18677325546741486 4749
1786136508156 0.1497092992067337 4799
1786136510681 0.19876453280448914 4849
1786136513386 0.16170057654380798 4899
1786136516036 0.14752906560897827 4949
1786136518626 0.176756352186203 4999
1786136521215 0.2177419364452362 5049
1786136523818 0.16315406560897827 5099
1786136526471 0.15734010934829712 5149
1786136529042 0.18931685388088226 5199
1786136531690 0.14607557654380798 5249
1786136534287 0.19367732107639313 5299
1786136536877 0.19077034294605255 5349
1786136539448 0.13953489065170288 5399
1786136542086 0.16242732107639313 5449
1786136544732 0.1002907007932663 5499
1786136547367 0.16860465705394745 5549
1786136550046 0.1957787573337555 5599
1786136552704 0.18313953280448914 5649
1786136555354 0.15952034294605255 5699
1786136557946 0.16824127733707428 5749
1786136560570 0.2096657007932663 5799
1786136563360 0.14483261108398438 5849
1786136565978 0.1380814015865326 5899
1786136568564 0.15777860581874847 5949
1786136571204 0.18188460171222687 5999
1786136573831 0.208212211728096 6049
1786136576549 0.16242732107639313 6099
1786136579237 0.151162788271904 6149
1786136581842 0.1914970874786377 6199
1786136584514 0.13517442345619202 6249
1786136587216 0.1551598757505417 6299
1786136589841 0.16969476640224457 6349
1786136592889 0.1900435984134674 6399
1786136595690 0.17623546719551086 6449
1786136598340 0.14171510934829712 6499
1786136600925 0.18459302186965942 6549
1786136603440 0.15952034294605255 6599
1786136606293 0.1678779125213623 6649
1786136608864 0.14537444710731506 6699
1786136611406 0.18942731618881226 6749
1786136614053 0.17659883201122284 6799
1786136616600 0.13190406560897827 6849
1786136619211 0.2020348757505417 6899
1786136621762 0.17877906560897827 6949
1786136624265 0.22965116798877716 6999
1786136626938 0.15952034294605255 7049
1786136629596 0.182412788271904 7099
1786136632287 0.08866278827190399 7149
1786136634896 0.1497092992067337 7199
1786136637515 0.13771802186965942 7249
1786136640183 0.15625 7299
1786136642830 0.1875 7349
1786136645526 0.16869693994522095 7399
1786136648088 0.14134405553340912 7449
1786136650646 0.17805232107639313 7499
1786136653221 0.16351744532585144 7549
1786136655753 0.13880814611911774 7599
1786136658299 0.16424418985843658 7649
1786136660962 0.182412788271904 7699
1786136663584 0.16860465705394745 7749
1786136666126 0.11809592694044113 7799
1786136668654 0.1644185185432434 7849
1786136671220 0.20893895626068115 7899
1786136673772 0.13299418985843658 7949
1786136676689 0.1627907007932663 7999
1786136679215 0.2409157007932663 8049
1786136681839 0.15696389973163605 8099
1786136684417 0.15261627733707428 8149
1786136687018 0.16206395626068115 8199
1786136689578 0.17514534294605255 8249
1786136692191 0.13481104373931885 8299
1786136694701 0.14861918985843658 8349
1786136697307 0.19694767892360687 8399
1786136699841 0.14643895626068115 8449
1786136702362 0.1371827870607376 8499
1786136704942 0.16332483291625977 8549
1786136707487 0.16315406560897827 8599
1786136709990 0.1391715109348297 8649
1786136712527 0.19767442345619202 8699
1786136715062 0.12572674453258514 8749
1786136717588 0.13950073719024658 8799
1786136720154 0.12681685388088226 8849
1786136722755 0.14607557654380798 8899
1786136725333 0.18059593439102173 8949
1786136727846 0.1431685984134674 8999
1786136730505 0.11373546719551086 9049
1786136733108 0.15660446882247925 9099
1786136735720 0.1537064015865326 9149
1786136738271 0.1264534890651703 9199
1786136740817 0.16315406560897827 9249
1786136743351 0.12885461747646332 9299
1786136745933 0.22856104373931885 9349
1786136748414 0.15115851163864136 9399
1786136751001 0.19985465705394745 9449
1786136753545 0.14497041702270508 9499
1786136756044 0.21402616798877716 9549
1786136797467 0.11264535039663315 9599
1786136799977 0.16770872473716736 9649
1786136802619 0.12718023359775543 9699
1786136805165 0.14296351373195648 9749
1786136807756 0.140625 9799
1786136810376 0.16242732107639313 9849
1786136812864 0.15588662028312683 9899
1786136815398 0.21511627733707428 9949
1786136817935 0.16170057654380798 9999
1786136820442 0.1497092992067337 10049
1786136823005 0.15915697813034058 10099
1786136825510 0.14233443140983582 10149
1786136828042 0.13590116798877716 10199
1786136830597 0.20130814611911774 10249
1786136833094 0.13372093439102173 10299
1786136835654 0.11882267147302628 10349
1786136838191 0.22056685388088226 10399
1786136840748 0.12827034294605255 10449
1786136843292 0.19840116798877716 10499
1786136846035 0.1577034890651703 10549
1786136848587 0.12572674453258514 10599
1786136851127 0.13590116798877716 10649
1786136853683 0.10319767147302628 10699
1786136856326 0.14752906560897827 10749
1786136858954 0.151162788271904 10799
1786136861484 0.10864825546741486 10849
1786136864034 0.16170057654380798 10899
1786136866548 0.14934593439102173 10949
1786136869173 0.1551598757505417 10999
1786136871767 0.12863372266292572 11049
1786136874393 0.13299418985843658 11099
1786136876945 0.12136627733707428 11149
1786136879881 0.20893895626068115 11199
1786136882410 0.125 11249
1786136884964 0.145712211728096 11299
1786136887559 0.15952034294605255 11349
1786136890154 0.16642442345619202 11399
1786136892713 0.1733284890651703 11449
1786136895296 0.1028342992067337 11499
1786136897833 0.13904134929180145 11549
1786136900443 0.08648255467414856 11599
1786136903035 0.15334302186965942 11649
1786136905598 0.16079294681549072 11699
1786136908258 0.1470160186290741 11749
1786136910819 0.1758720874786377 11799
1786136913366 0.13190406560897827 11849
1786136915922 0.15988372266292572 11899
1786136918550 0.14934593439102173 11949
1786136921131 0.16035307943820953 11999
1786136923747 0.20784883201122284 12049
1786136926279 0.09011627733707428 12099
1786136928906 0.2005814015865326 12149
1786136931455 0.12790697813034058 12199
1786136933990 0.17005814611911774 12249
1786136936521 0.145712211728096 12299
1786136938992 0.13335755467414856 12349
1786136941521 0.1522529125213623 12399
1786136944107 0.11228197813034058 12449
1786136946705 0.1380814015865326 12499
1786136949267 0.18023255467414856 12549
1786136951872 0.11773255467414856 12599
1786136954407 0.1784157007932663 12649
1786136956994 0.13045057654380798 12699
1786136959560 0.14898255467414856 12749
1786136962373 0.10428778827190399 12799
1786136964887 0.14135174453258514 12849
1786136967487 0.12681685388088226 12899
1786136970022 0.12863372266292572 12949
1786136972572 0.14898255467414856 12999
1786136975117 0.1471657007932663 13049
1786136977653 0.14643895626068115 13099
1786136980161 0.13699127733707428 13149
1786136982754 0.13372093439102173 13199
1786136985321 0.14861918985843658 13249
1786136987889 0.13517442345619202 13299
1786136990742 0.10973837226629257 13349
1786136993348 0.10058736801147461 13399
1786136995873 0.1289970874786377 13449
1786136998395 0.1707848757505417 13499
1786137000933 0.10356104373931885 13549
1786137003451 0.12936046719551086 13599
1786137006074 0.1380814015865326 13649
1786137008638 0.14353197813034058 13699
1786137011209 0.1289970874786377 13749
1786137013758 0.10138081014156342 13799
1786137016360 0.13335755467414856 13849
1786137018953 0.16460755467414856 13899
1786137021455 0.14389534294605255 13949
1786137024016 0.14353197813034058 13999
1786137026605 0.14026162028312683 14049
1786137029151 0.11123307794332504 14099
1786137031721 0.11809592694044113 14149
1786137034234 0.13081395626068115 14199
1786137036862 0.14317020773887634 14249
1786137039462 0.11664243787527084 14299
1786137042045 0.11518895626068115 14349
1786137044864 0.12354651093482971 14399
1786137047349 0.1707848757505417 14449
1786137049889 0.11621920019388199 14499
1786137052436 0.12856100499629974 14549
1786137055001 0.12390988320112228 14599
1786137057590 0.11119186133146286 14649
1786137060127 0.15047480165958405 14699
1786137062662 0.122456394135952 14749
1786137065282 0.09738372266292572 14799
1786137067854 0.1653342992067337 14849
1786137070420 0.16551221907138824 14899
1786137073143 0.11409883946180344 14949
1786137075729 0.13299418985843658 14999
1786137078446 0.11773255467414856 15049
1786137080994 0.10319767147302628 15099
1786137083630 0.10465116053819656 15149
1786137086233 0.1497092992067337 15199
1786137088812 0.13444767892360687 15249
1786137091340 0.15152616798877716 15299
1786137093954 0.12427325546741486 15349
1786137096557 0.11809592694044113 15399
1786137099132 0.125 15449
1786137101748 0.1159157007932663 15499
1786137104316 0.09415226429700851 15549
1786137106869 0.11736918240785599 15599
1786137109407 0.1380814015865326 15649
1786137112022 0.12100290507078171 15699
1786137114574 0.12718023359775543 15749
1786137117180 0.11082848906517029 15799
1786137119768 0.11046511679887772 15849
1786137122325 0.16388081014156342 15899
1786137124965 0.10210755467414856 15949
1786137127931 0.15552325546741486 15999
1786137130507 0.14270032942295074 16049
1786137133050 0.12100290507078171 16099
1786137135660 0.122456394135952 16149
1786137138217 0.15188953280448914 16199
1786137140778 0.151162788271904 16249
1786137143421 0.15661336481571198 16299
1786137146047 0.13481104373931885 16349
1786137148640 0.14534883201122284 16399
1786137151252 0.10501453280448914 16449
1786137153850 0.13913363218307495 16499
1786137156385 0.15079942345619202 16549
1786137158945 0.135537788271904 16599
1786137161511 0.1366279125213623 16649
1786137164030 0.11991278827190399 16699
1786137166576 0.10356104373931885 16749
1786137169136 0.12390988320112228 16799
1786137171714 0.13335755467414856 16849
1786137174268 0.12281976640224457 16899
1786137176824 0.09847383946180344 16949
1786137179314 0.1366279125213623 16999
1786137181835 0.13880814611911774 17049
1786137184388 0.11300872266292572 17099
1786137186933 0.15261627733707428 17149
1786137189513 0.12027616053819656 17199
1786137192100 0.16315406560897827 17249
1786137194676 0.12681685388088226 17299
1786137197175 0.130087211728096 17349
1786137199765 0.11259259283542633 17399
1786137202390 0.13844476640224457 17449
1786137205012 0.13117732107639313 17499
1786137207613 0.10390084236860275 17549
1786137210459 0.1159157007932663 17599
1786137213028 0.12063953280448914 17649
1786137215583 0.14098836481571198 17699
1786137218136 0.1379183530807495 17749
1786137220702 0.1380814015865326 17799
1786137223286 0.15007267892360687 17849
1786137225925 0.13626453280448914 17899
1786137228606 0.10391511023044586 17949
1786137231231 0.1289970874786377 17999
1786137233863 0.12827034294605255 18049
1786137236498 0.13844476640224457 18099
1786137239067 0.11373546719551086 18149
1786137241678 0.08175872266292572 18199
1786137244347 0.15261627733707428 18249
1786137246949 0.13481104373931885 18299
1786137249515 0.11373546719551086 18349
1786137252108 0.11664243787527084 18399
1786137254733 0.20197947323322296 18449
1786137257326 0.11773255467414856 18499
1786137259907 0.14934593439102173 18549
1786137262515 0.09774709492921829 18599
1786137265066 0.161337211728096 18649
1786137267639 0.14498546719551086 18699
1786137270275 0.09375 18749
1786137272944 0.1431685984134674 18799
1786137275537 0.13735465705394745 18849
1786137278107 0.176962211728096 18899
1786137280759 0.151162788271904 18949
1786137283324 0.13590116798877716 18999
1786137285946 0.13973799347877502 19049
1786137288578 0.13335755467414856 19099
1786137291133 0.18822674453258514 19149
1786137333930 0.12790697813034058 19199
1786137336588 0.12609010934829712 19249
1786137339190 0.13937409222126007 19299
1786137341760 0.18313953280448914 19349
1786137344350 0.17260174453258514 19399
1786137347046 0.1431685984134674 19449
1786137349608 0.10101743787527084 19499
1786137352216 0.14607557654380798 19549
1786137354818 0.13045057654380798 19599
1786137357379 0.16752199828624725 19649
1786137360006 0.1577034890651703 19699
1786137362620 0.11337209492921829 19749
1786137365269 0.14026162028312683 19799
1786137367940 0.13626453280448914 19849
1786137370504 0.09447674453258514 19899
1786137373072 0.16061046719551086 19949
1786137375601 0.10537790507078171 19999
1786137378193 0.12390988320112228 20049
1786137380773 0.1264534890651703 20099
1786137383359 0.13989825546741486 20149
1786137385874 0.119161456823349 20199
1786137388589 0.13045057654380798 20249
1786137391159 0.13081395626068115 20299
1786137393692 0.140625 20349
1786137396289 0.15043604373931885 20399
1786137398877 0.13880814611911774 20449
1786137401414 0.11431702226400375 20499
1786137403967 0.13226744532585144 20549
1786137406532 0.09543110430240631 20599
1786137409109 0.1707848757505417 20649
1786137411678 0.17151162028312683 20699
1786137414675 0.12100290507078171 20749
1786137417227 0.19295057654380798 20799
1786137419849 0.18059593439102173 20849
1786137422484 0.15988372266292572 20899
1786137425100 0.12609010934829712 20949
1786137427678 0.16606104373931885 20999
1786137430196 0.13626453280448914 21049
1786137432756 0.13045057654380798 21099
1786137435318 0.12972383201122284 21149
1786137437884 0.1391715109348297 21199
1786137440487 0.1602470874786377 21249
1786137443076 0.15079942345619202 21299
1786137445680 0.1366279125213623 21349
1786137448277 0.15334302186965942 21399
1786137450946 0.15806685388088226 21449
1786137453553 0.10828488320112228 21499
1786137456208 0.09992732852697372 21549
1786137458904 0.12476929277181625 21599
1786137461495 0.10501453280448914 21649
1786137464060 0.13481104373931885 21699
1786137466618 0.10864825546741486 21749
1786137469163 0.12281976640224457 21799
1786137471696 0.15261627733707428 21849
1786137474311 0.13771802186965942 21899
1786137476826 0.12318313866853714 21949
1786137479459 0.1691230684518814 21999
1786137482022 0.13263081014156342 22049
1786137484711 0.15188953280448914 22099
1786137487315 0.1914970874786377 22149
1786137489904 0.0956902876496315 22199
1786137492493 0.11446221172809601 22249
1786137495141 0.12172964960336685 22299
1786137498045 0.13081395626068115 22349
1786137500606 0.12172964960336685 22399
1786137503197 0.13735465705394745 22449
1786137505732 0.09193313866853714 22499
1786137508282 0.1184592992067337 22549
1786137510790 0.11627906560897827 22599
1786137513342 0.1348973661661148 22649
1786137515887 0.12863372266292572 22699
1786137518436 0.11664243787527084 22749
1786137520970 0.10829661786556244 22799
1786137523524 0.14244185388088226 22849
1786137526117 0.11155523359775543 22899
1786137528739 0.09229651093482971 22949
1786137531374 0.11306256800889969 22999
1786137533974 0.14389534294605255 23049
1786137536491 0.140625 23099
1786137539088 0.14343807101249695 23149
1786137541667 0.145712211728096 23199
1786137544223 0.106831394135952 23249
1786137546777 0.11627906560897827 23299
1786137549436 0.12354651093482971 23349
1786137552000 0.2020348757505417 23399
1786137554601 0.1420784890651703 23449
1786137557199 0.09824690222740173 23499
1786137559744 0.14498546719551086 23549
1786137562318 0.1471657007932663 23599
1786137564945 0.13699127733707428 23649
1786137567566 0.08866278827190399 23699
1786137570206 0.12463662773370743 23749
1786137572850 0.145712211728096 23799
1786137575425 0.13226744532585144 23849
1786137578013 0.14135174453258514 23899
1786137581078 0.13045057654380798 23949
1786137583700 0.15734010934829712 23999
1786137586243 0.16084425151348114 24049
1786137588884 0.12463662773370743 24099
1786137591464 0.11482558399438858 24149
1786137594015 0.13517442345619202 24199
1786137596531 0.1698320060968399 24249
1786137599068 0.17005814611911774 24299
1786137601632 0.16061046719551086 24349
1786137604314 0.11337209492921829 24399
1786137606840 0.13117732107639313 24449
1786137609386 0.12172964960336685 24499
1786137611865 0.11627906560897827 24549
1786137614351 0.16206395626068115 24599
1786137616870 0.12172964960336685 24649
1786137619347 0.1446220874786377 24699
1786137621891 0.12863372266292572 24749
1786137624441 0.1577034890651703 24799
1786137627008 0.1315407007932663 24849
1786137629532 0.13190406560897827 24899
1786137632091 0.1391715109348297 24949
1786137634720 0.14898255467414856 24999
1786137637237 0.18713662028312683 25049
1786137639827 0.13735465705394745 25099
1786137642442 0.10610464960336685 25149
1786137644910 0.14789244532585144 25199
1786137647489 0.14425872266292572 25249
1786137650025 0.16372980177402496 25299
1786137652610 0.1522529125213623 25349
1786137655270 0.18261505663394928 25399
1786137657811 0.15588662028312683 25449
1786137660285 0.140625 25499
1786137663163 0.10610464960336685 25549
1786137665649 0.1497092992067337 25599
1786137668263 0.1366279125213623 25649
1786137670870 0.11155523359775543 25699
1786137673482 0.12209302186965942 25749
1786137676046 0.12027616053819656 25799
1786137678744 0.11300872266292572 25849
1786137681353 0.12350746244192123 25899
1786137683938 0.13735465705394745 25949
1786137686555 0.09920058399438858 25999
1786137689129 0.11300872266292572 26049
1786137691655 0.1514814794063568 26099
1786137694152 0.19622093439102173 26149
1786137696826 0.13771802186965942 26199
1786137699355 0.14425872266292572 26249
1786137701874 0.13045057654380798 26299
1786137704437 0.1547965109348297 26349
1786137707034 0.13233137130737305 26399
1786137709544 0.145712211728096 26449
1786137712088 0.11918604373931885 26499
1786137714628 0.15552325546741486 26549
1786137717161 0.15440906584262848 26599
1786137719810 0.16460755467414856 26649
1786137722387 0.13937409222126007 26699
1786137724989 0.1420784890651703 26749
1786137727580 0.13626453280448914 26799
1786137730166 0.13045057654380798 26849
1786137732693 0.135537788271904 26899
1786137735255 0.1577034890651703 26949
1786137737870 0.13735465705394745 26999
1786137740498 0.10646802186965942 27049
1786137743029 0.1627907007932663 27099
1786137746067 0.13190406560897827 27149
1786137748612 0.12609010934829712 27199
1786137751180 0.12172964960336685 27249
1786137753728 0.13953489065170288 27299
1786137756294 0.10646802186965942 27349
1786137758936 0.14825581014156342 27399
1786137761500 0.1627907007932663 27449
1786137764041 0.15734010934829712 27499
1786137766608 0.12718023359775543 27549
1786137769144 0.09883721172809601 27599
1786137771751 0.1340842992067337 27649
1786137774328 0.11809592694044113 27699
1786137776907 0.1547965109348297 27749
1786137779521 0.1471657007932663 27799
1786137782047 0.12030623853206635 27849
1786137784573 0.18859010934829712 27899
1786137787190 0.14098836481571198 27949
1786137789700 0.1275435984134674 27999
1786137792264 0.13335755467414856 28049
1786137794860 0.17005814611911774 28099
1786137797460 0.12100290507078171 28149
1786137799955 0.14534883201122284 28199
1786137802539 0.10973837226629257 28249
1786137805105 0.12636961042881012 28299
1786137807680 0.1849564015865326 28349
1786137810240 0.1366279125213623 28399
1786137813033 0.14010189473628998 28449
1786137815627 0.15845198929309845 28499
1786137818278 0.11390101909637451 28549
1786137820878 0.10247092694044113 28599
1786137823411 0.13735465705394745 28649
1786137825996 0.10646802186965942 28699
