1786136338641 0.4260310232639313 1595
1786136422641 0.20983053743839264 3191
1786136507178 0.18380026519298553 4787
1786136591635 0.17333489656448364 6383
1786136675353 0.1695728600025177 7979
1786136795988 0.1559460163116455 9575
1786136878170 0.15007473528385162 11171
1786136960485 0.14128583669662476 12767
1786137042799 0.1336280107498169 14363
1786137125649 0.12894530594348907 15959
1786137207976 0.13363206386566162 17555
1786137331245 0.13627935945987701 19151
1786137414142 0.13660241663455963 20747
1786137497373 0.137395977973938 22343
1786137580153 0.1366853415966034 23939
1786137662158 0.13690602779388428 25535
1786137744666 0.13827788829803467 27131
1786137867278 0.1380447894334793 28727
