1786136259517 0.0 49
1786136262230 0.0 99
1786136264746 0.0 149
1786136267300 0.0 199
1786136269809 0.0 249
1786136272670 0.0 299
1786136275235 0.0 349
1786136277802 0.0 399
1786136280367 0.0 449
1786136282947 0.0 499
1786136285451 0.0 549
1786136287980 0.0 599
1786136290515 0.00010850694525288418 649
1786136293144 0.00016276042151730508 699
1786136295646 0.00027126737404614687 749
1786136298185 0.00027126737404614687 799
1786136300706 0.00048828125 849
1786136303196 0.0014105902519077063 899
1786136305758 0.0005425347480922937 949
1786136308276 0.0006521739414893091 999
1786136310790 0.0011393228778615594 1049
1786136313293 0.0010850694961845875 1099
1786136315912 0.0009223090601153672 1149
1786136318434 0.0020616319961845875 1199
1786136321060 0.0022786457557231188 1249
1786136323633 0.0020616319961845875 1299
1786136326215 0.0030924479942768812 1349
1786136328747 0.0035264757461845875 1399
1786136331268 0.004425262100994587 1449
1786136333786 0.0018446181202307343 1499
1786136336329 0.0021929824724793434 1549
1786136339242 0.0040690102614462376 1599
1786136341801 0.00390625 1649
1786136344540 0.004293478559702635 1699
1786136347301 0.0030381944961845875 1749
1786136349867 0.00390625 1799
1786136352405 0.0035264757461845875 1849
1786136355103 0.003146701492369175 1899
1786136357746 0.001953125 1949
1786136360288 0.0030381944961845875 1999
1786136362915 0.0042317709885537624 2049
1786136365567 0.0049913194961845875 2099
1786136368154 0.0050455727614462376 2149
1786136370776 0.0022786457557231188 2199
1786136373283 0.00244140625 2249
1786136375900 0.0017361111240461469 2299
1786136378458 0.0016818576259538531 2349
1786136381056 0.0019188596634194255 2399
1786136383654 0.00482855923473835 2449
1786136386469 0.006076388992369175 2499
1786136389065 0.0025499132461845875 2549
1786136391606 0.0021158854942768812 2599
1786136394176 0.0037434895057231188 2649
1786136396767 0.0033094617538154125 2699
1786136399383 0.0026041667442768812 2749
1786136402046 0.00678168423473835 2799
1786136404670 0.0029296875 2849
1786136407313 0.006194690242409706 2899
1786136409916 0.0040690102614462376 2949
1786136412555 0.0022243924904614687 2999
1786136415114 0.0029839409980922937 3049
1786136417820 0.005099826492369175 3099
1786136420471 0.0068359375 3149
1786136423416 0.00580512173473835 3199
1786136426008 0.01097826100885868 3249
1786136428675 0.008083767257630825 3299
1786136431222 0.007107204757630825 3349
1786136433801 0.01122787594795227 3399
1786136436470 0.009928385727107525 3449
1786136439254 0.01323784701526165 3499
1786136441873 0.0066731772385537624 3549
1786136444496 0.0064561632461845875 3599
1786136447127 0.010362413711845875 3649
1786136449944 0.011990017257630825 3699
1786136452536 0.01226128451526165 3749
1786136455149 0.008152173832058907 3799
1786136457722 0.006076388992369175 3849
1786136460473 0.0076497397385537624 3899
1786136463133 0.00634765625 3949
1786136465692 0.011555989272892475 3999
1786136468305 0.0074869790114462376 4049
1786136470916 0.01116071455180645 4099
1786136473594 0.009114583022892475 4149
1786136476304 0.012369791977107525 4199
1786136478971 0.00775824673473835 4249
1786136481577 0.010288291610777378 4299
1786136484161 0.011447482742369175 4349
1786136486765 0.008138020522892475 4399
1786136489335 0.009494357742369175 4449
1786136491944 0.014431423507630825 4499
1786136494476 0.007921007461845875 4549
1786136497063 0.01616753451526165 4599
1786136499666 0.01054481603205204 4649
1786136502310 0.010180748999118805 4699
1786136505208 0.011447482742369175 4749
1786136508156 0.01714409701526165 4799
1786136510681 0.02197265625 4849
1786136513386 0.0150282122194767 4899
1786136516036 0.01318359375 4949
1786136518626 0.009654018096625805 4999
1786136521215 0.0088660242035985 5049
1786136523818 0.01974826492369175 5099
1786136526471 0.01372612826526165 5149
1786136529042 0.0087890625 5199
1786136531690 0.007107204757630825 5249
1786136534287 0.009440104477107525 5299
1786136536877 0.013888888992369175 5349
1786136539448 0.0111219622194767 5399
1786136542086 0.0130750872194767 5449
1786136544732 0.01822916604578495 5499
1786136547367 0.00971137173473835 5549
1786136550046 0.013423913158476353 5599
1786136552704 0.014756944961845875 5649
1786136555354 0.011013454757630825 5699
1786136557946 0.013400607742369175 5749
1786136560570 0.01806640625 5799
1786136563360 0.008260869421064854 5849
1786136565978 0.006890191230922937 5899
1786136568564 0.008347978815436363 5949
1786136571204 0.014943281188607216 5999
1786136573831 0.0171983502805233 6049
1786136576549 0.01215277798473835 6099
1786136579237 0.0064561632461845875 6149
1786136581842 0.009006076492369175 6199
1786136584514 0.009874132461845875 6249
1786136587216 0.0074327257461845875 6299
1786136589841 0.015245226211845875 6349
1786136592889 0.01508246548473835 6399
1786136595690 0.007541232742369175 6449
1786136598340 0.008897569961845875 6499
1786136600925 0.01079644076526165 6549
1786136603440 0.01177300326526165 6599
1786136606293 0.01513671875 6649
1786136608864 0.008442983031272888 6699
1786136611406 0.016173245385289192 6749
1786136614053 0.011935763992369175 6799
1786136616600 0.010579426772892475 6849
1786136619211 0.01513671875 6899
1786136621762 0.01947699673473835 6949
1786136624265 0.012315538711845875 6999
1786136626938 0.0178493931889534 7049
1786136629596 0.006618923507630825 7099
1786136632287 0.00933159701526165 7149
1786136634896 0.0183376744389534 7199
1786136637515 0.01763237826526165 7249
1786136640183 0.009928385727107525 7299
1786136642830 0.005588107742369175 7349
1786136645526 0.012235449627041817 7399
1786136648088 0.01232547964900732 7449
1786136650646 0.014322916977107525 7499
1786136653221 0.011990017257630825 7549
1786136655753 0.01595052145421505 7599
1786136658299 0.009060329757630825 7649
1786136660962 0.00726996548473835 7699
1786136663584 0.01019965298473835 7749
1786136666126 0.00830078125 7799
1786136668654 0.011051828972995281 7849
1786136671220 0.01312934048473835 7899
1786136673772 0.013671875 7949
1786136676689 0.008029513992369175 7999
1786136679215 0.01410590298473835 8049
1786136681839 0.009738115593791008 8099
1786136684417 0.02349175326526165 8149
1786136687018 0.01567925326526165 8199
1786136689578 0.009006076492369175 8249
1786136692191 0.0087890625 8299
1786136694701 0.012424045242369175 8349
1786136697307 0.01839192770421505 8399
1786136699841 0.009548611007630825 8449
1786136702362 0.015048330649733543 8499
1786136704942 0.016387194395065308 8549
1786136707487 0.0188259556889534 8599
1786136709990 0.010525173507630825 8649
1786136712527 0.010525173507630825 8699
1786136715062 0.012803819961845875 8749
1786136717588 0.010581140406429768 8799
1786136720154 0.014268663711845875 8849
1786136722755 0.01752387173473835 8899
1786136725333 0.02072482742369175 8949
1786136727846 0.012478298507630825 8999
1786136730505 0.0168728306889534 9049
1786136733108 0.014423076994717121 9099
1786136735720 0.011990017257630825 9149
1786136738271 0.02327474020421505 9199
1786136740817 0.0181749127805233 9249
1786136743351 0.017763158306479454 9299
1786136745933 0.0223524309694767 9349
1786136748414 0.015213093720376492 9399
1786136751001 0.01779513992369175 9449
1786136753545 0.012367491610348225 9499
1786136756044 0.01318359375 9549
1786136797467 0.01578775979578495 9599
1786136799977 0.019771529361605644 9649
1786136802619 0.02023654617369175 9699
1786136805165 0.012233096174895763 9749
1786136807756 0.0160047747194767 9799
1786136810376 0.02099609375 9849
1786136812864 0.02267795242369175 9899
1786136815398 0.01312934048473835 9949
1786136817935 0.0155164934694767 9999
1786136820442 0.012912326492369175 10049
1786136823005 0.01627604104578495 10099
1786136825510 0.014641608111560345 10149
1786136828042 0.01665581576526165 10199
1786136830597 0.02560763992369175 10249
1786136833094 0.014919704757630825 10299
1786136835654 0.009060329757630825 10349
1786136838191 0.01898871548473835 10399
1786136840748 0.01812065951526165 10449
1786136843292 0.011881510727107525 10499
1786136846035 0.014811198227107525 10549
1786136848587 0.014973958022892475 10599
1786136851127 0.0155164934694767 10649
1786136853683 0.013400607742369175 10699
1786136856326 0.01557074673473835 10749
1786136858954 0.0140516497194767 10799
1786136861484 0.0140516497194767 10849
1786136864034 0.0120985247194767 10899
1786136866548 0.0160047747194767 10949
1786136869173 0.0193142369389534 10999
1786136871767 0.02018229104578495 11049
1786136874393 0.01421440951526165 11099
1786136876945 0.011013454757630825 11149
1786136879881 0.02143012173473835 11199
1786136882410 0.0179578997194767 11249
1786136884964 0.01633029617369175 11299
1786136887559 0.01871744729578495 11349
1786136890154 0.01730685867369175 11399
1786136892713 0.02045355923473835 11449
1786136895296 0.0130750872194767 11499
1786136897833 0.013330419547855854 11549
1786136900443 0.01470269076526165 11599
1786136903035 0.013346354477107525 11649
1786136905598 0.023135965690016747 11699
1786136908258 0.008478260599076748 11749
1786136910819 0.0173611119389534 11799
1786136913366 0.0189344622194767 11849
1786136915922 0.01969400979578495 11899
1786136918550 0.0296766497194767 11949
1786136921131 0.011039103381335735 11999
1786136923747 0.02327474020421505 12049
1786136926279 0.010470920242369175 12099
1786136928906 0.0145399309694767 12149
1786136931455 0.0343967005610466 12199
1786136933990 0.02756076492369175 12249
1786136936521 0.01953125 12299
1786136938992 0.014973958022892475 12349
1786136941521 0.01801215298473835 12399
1786136944107 0.01220703125 12449
1786136946705 0.01801215298473835 12499
1786136949267 0.02143012173473835 12549
1786136951872 0.013834635727107525 12599
1786136954407 0.01850043423473835 12649
1786136956994 0.02180989645421505 12699
1786136959560 0.02804904617369175 12749
1786136962373 0.01616753451526165 12799
1786136964887 0.01974826492369175 12849
1786136967487 0.01714409701526165 12899
1786136970022 0.0212673619389534 12949
1786136972572 0.0300564244389534 12999
1786136975117 0.0333658866584301 13049
1786136977653 0.0224609375 13099
1786136980161 0.01752387173473835 13149
1786136982754 0.02473958395421505 13199
1786136985321 0.01774088479578495 13249
1786136987889 0.0252821184694767 13299
1786136990742 0.01633029617369175 13349
1786136993348 0.018037281930446625 13399
1786136995873 0.0222439244389534 13449
1786136998395 0.012912326492369175 13499
1786137000933 0.01871744729578495 13549
1786137003451 0.0196397565305233 13599
1786137006074 0.0160047747194767 13649
1786137008638 0.0256618931889534 13699
1786137011209 0.01725260354578495 13749
1786137013758 0.01888020895421505 13799
1786137016360 0.01741536520421505 13849
1786137018953 0.02360025979578495 13899
1786137021455 0.01633029617369175 13949
1786137024016 0.008897569961845875 13999
1786137026605 0.0250108502805233 14049
1786137029151 0.013822115026414394 14099
1786137031721 0.0257703997194767 14149
1786137034234 0.0198025181889534 14199
1786137036862 0.023287521675229073 14249
1786137039462 0.012424045242369175 14299
1786137042045 0.0183376744389534 14349
1786137044864 0.0150282122194767 14399
1786137047349 0.0294053815305233 14449
1786137049889 0.01664103753864765 14499
1786137052436 0.014179755933582783 14549
1786137055001 0.01828342117369175 14599
1786137057590 0.014485676772892475 14649
1786137060127 0.022960297763347626 14699
1786137062662 0.02414279617369175 14749
1786137065282 0.013671875 14799
1786137067854 0.01763237826526165 14849
1786137070420 0.02395470440387726 14899
1786137073143 0.0186631940305233 14949
1786137075729 0.02837456576526165 14999
1786137078446 0.01806640625 15049
1786137080994 0.01974826492369175 15099
1786137083630 0.01584201492369175 15149
1786137086233 0.01790364645421505 15199
1786137088812 0.0202907994389534 15249
1786137091340 0.0222439244389534 15299
1786137093954 0.014973958022892475 15349
1786137096557 0.0155164934694767 15399
1786137099132 0.01953125 15449
1786137101748 0.01643880270421505 15499
1786137104316 0.01647627353668213 15549
1786137106869 0.0201280377805233 15599
1786137109407 0.02311197854578495 15649
1786137112022 0.0201280377805233 15699
1786137114574 0.0211046002805233 15749
1786137117180 0.02267795242369175 15799
1786137119768 0.02034505270421505 15849
1786137122325 0.03081597201526165 15899
1786137124965 0.01812065951526165 15949
1786137127931 0.02007378451526165 15999
1786137130507 0.016335226595401764 16049
1786137133050 0.014973958022892475 16099
1786137135660 0.0246853306889534 16149
1786137138217 0.0228407122194767 16199
1786137140778 0.01790364645421505 16249
1786137143421 0.0213758684694767 16299
1786137146047 0.02327474020421505 16349
1786137148640 0.02642144076526165 16399
1786137151252 0.02143012173473835 16449
1786137153850 0.024835526943206787 16499
1786137156385 0.021484375 16549
1786137158945 0.014756944961845875 16599
1786137161511 0.01692708395421505 16649
1786137164030 0.02457682229578495 16699
1786137166576 0.01714409701526165 16749
1786137169136 0.0217556431889534 16799
1786137171714 0.0271267369389534 16849
1786137174268 0.02300347201526165 16899
1786137176824 0.011338976211845875 16949
1786137179314 0.0213758684694767 16999
1786137181835 0.02425130270421505 17049
1786137184388 0.01909722201526165 17099
1786137186933 0.0213758684694767 17149
1786137189513 0.02338324673473835 17199
1786137192100 0.02164713479578495 17249
1786137194676 0.011338976211845875 17299
1786137197175 0.02560763992369175 17349
1786137199765 0.020132742822170258 17399
1786137202390 0.02132161520421505 17449
1786137205012 0.014268663711845875 17499
1786137207613 0.01785714365541935 17549
1786137210459 0.02083333395421505 17599
1786137213028 0.0212673619389534 17649
1786137215583 0.02251519076526165 17699
1786137218136 0.022023286670446396 17749
1786137220702 0.02490234375 17799
1786137223286 0.02197265625 17849
1786137225925 0.0217556431889534 17899
1786137228606 0.019886363297700882 17949
1786137231231 0.0277235247194767 17999
1786137233863 0.0198025181889534 18049
1786137236498 0.0261501744389534 18099
1786137239067 0.01584201492369175 18149
1786137241678 0.009765625 18199
1786137244347 0.0327690988779068 18249
1786137246949 0.0271267369389534 18299
1786137249515 0.01860894076526165 18349
1786137252108 0.0168728306889534 18399
1786137254733 0.04646453633904457 18449
1786137257326 0.0186631940305233 18499
1786137259907 0.02609592117369175 18549
1786137262515 0.01985677145421505 18599
1786137265066 0.0246853306889534 18649
1786137267639 0.0235460065305233 18699
1786137270275 0.02132161520421505 18749
1786137272944 0.01850043423473835 18799
1786137275537 0.0166015625 18849
1786137278107 0.02685546875 18899
1786137280759 0.0166015625 18949
1786137283324 0.03043619729578495 18999
1786137285946 0.02548913098871708 19049
1786137288578 0.0257703997194767 19099
1786137291133 0.0232204869389534 19149
1786137333930 0.02121310867369175 19199
1786137336588 0.02506510354578495 19249
1786137339190 0.018586957827210426 19299
1786137341760 0.02701822854578495 19349
1786137344350 0.0358072929084301 19399
1786137347046 0.0176866315305233 19449
1786137349608 0.02072482742369175 19499
1786137352216 0.0179578997194767 19549
1786137354818 0.02875434048473835 19599
1786137357379 0.02982705645263195 19649
1786137360006 0.0336371548473835 19699
1786137362620 0.02164713479578495 19749
1786137365269 0.02609592117369175 19799
1786137367940 0.02484809048473835 19849
1786137370504 0.02376302145421505 19899
1786137373072 0.0205078125 19949
1786137375601 0.0174696184694767 19999
1786137378193 0.02349175326526165 20049
1786137380773 0.02718099020421505 20099
1786137383359 0.02349175326526165 20149
1786137385874 0.019387083128094673 20199
1786137388589 0.01730685867369175 20249
1786137391159 0.02338324673473835 20299
1786137393692 0.01996527798473835 20349
1786137396289 0.01654730923473835 20399
1786137398877 0.025390625 20449
1786137401414 0.01341623067855835 20499
1786137403967 0.02213541604578495 20549
1786137406532 0.018155809491872787 20599
1786137409109 0.02300347201526165 20649
1786137411678 0.0168728306889534 20699
1786137414675 0.01898871548473835 20749
1786137417227 0.0277235247194767 20799
1786137419849 0.0234375 20849
1786137422484 0.02115885354578495 20899
1786137425100 0.03011067770421505 20949
1786137427678 0.0326605923473835 20999
1786137430196 0.01806640625 21049
1786137432756 0.015407986007630825 21099
1786137435318 0.01958550326526165 21149
1786137437884 0.01888020895421505 21199
1786137440487 0.0324978306889534 21249
1786137443076 0.02425130270421505 21299
1786137445680 0.0166015625 21349
1786137448277 0.0181749127805233 21399
1786137450946 0.02197265625 21449
1786137453553 0.02202690951526165 21499
1786137456208 0.02294921875 21549
1786137458904 0.019290123134851456 21599
1786137461495 0.0173611119389534 21649
1786137464060 0.0237087681889534 21699
1786137466618 0.013671875 21749
1786137469163 0.013943142257630825 21799
1786137471696 0.02240668423473835 21849
1786137474311 0.02522786520421505 21899
1786137476826 0.012803819961845875 21949
1786137479459 0.02052156627178192 21999
1786137482022 0.014865451492369175 22049
1786137484711 0.02034505270421505 22099
1786137487315 0.0327690988779068 22149
1786137489904 0.01521596871316433 22199
1786137492493 0.014919704757630825 22249
1786137495141 0.01665581576526165 22299
1786137498045 0.02267795242369175 22349
1786137500606 0.02983940951526165 22399
1786137503197 0.0244140625 22449
1786137505732 0.01953125 22499
1786137508282 0.009385851211845875 22549
1786137510790 0.012858073227107525 22599
1786137513342 0.023642731830477715 22649
1786137515887 0.0164930559694767 22699
1786137518436 0.0196397565305233 22749
1786137520970 0.01140350941568613 22799
1786137523524 0.01871744729578495 22849
1786137526117 0.0196397565305233 22899
1786137528739 0.0181749127805233 22949
1786137531374 0.020924387499690056 22999
1786137533974 0.02620442770421505 23049
1786137536491 0.01839192770421505 23099
1786137539088 0.026777826249599457 23149
1786137541667 0.02587890625 23199
1786137544223 0.0217556431889534 23249
1786137546777 0.0181749127805233 23299
1786137549436 0.0243055559694767 23349
1786137552000 0.0370008684694767 23399
1786137554601 0.0212673619389534 23449
1786137557199 0.018488220870494843 23499
1786137559744 0.0251736119389534 23549
1786137562318 0.0300564244389534 23599
1786137564945 0.013292101211845875 23649
1786137567566 0.011881510727107525 23699
1786137570206 0.01703559048473835 23749
1786137572850 0.01985677145421505 23799
1786137575425 0.0244140625 23849
1786137578013 0.01936849020421505 23899
1786137581078 0.02115885354578495 23949
1786137583700 0.013454861007630825 23999
1786137586243 0.0186956524848938 24049
1786137588884 0.0150282122194767 24099
1786137591464 0.01725260354578495 24149
1786137594015 0.02240668423473835 24199
1786137596531 0.023778360337018967 24249
1786137599068 0.03000217117369175 24299
1786137601632 0.02121310867369175 24349
1786137604314 0.01681857742369175 24399
1786137606840 0.0202907994389534 24449
1786137609386 0.01470269076526165 24499
1786137611865 0.013020833022892475 24549
1786137614351 0.02739800326526165 24599
1786137616870 0.0174696184694767 24649
1786137619347 0.01557074673473835 24699
1786137621891 0.014811198227107525 24749
1786137624441 0.0277235247194767 24799
1786137627008 0.02365451492369175 24849
1786137629532 0.0262586809694767 24899
1786137632091 0.0218641497194767 24949
1786137634720 0.02414279617369175 24999
1786137637237 0.0282118059694767 25049
1786137639827 0.014322916977107525 25099
1786137642442 0.0217556431889534 25149
1786137644910 0.02750650979578495 25199
1786137647489 0.02001953125 25249
1786137650025 0.02708333358168602 25299
1786137652610 0.02191840298473835 25349
1786137655270 0.027923211455345154 25399
1786137657811 0.0162217877805233 25449
1786137660285 0.0201280377805233 25499
1786137663163 0.0223524309694767 25549
1786137665649 0.0168728306889534 25599
1786137668263 0.0244140625 25649
1786137670870 0.01030815951526165 25699
1786137673482 0.0223524309694767 25749
1786137676046 0.01459418423473835 25799
1786137678744 0.01790364645421505 25849
1786137681353 0.01570855639874935 25899
1786137683938 0.02056206576526165 25949
1786137686555 0.01578775979578495 25999
1786137689129 0.02072482742369175 26049
1786137691655 0.026880530640482903 26099
1786137694152 0.02756076492369175 26149
1786137696826 0.0162217877805233 26199
1786137699355 0.01416015625 26249
1786137701874 0.02983940951526165 26299
1786137704437 0.02902560867369175 26349
1786137707034 0.025612959638237953 26399
1786137709544 0.025390625 26449
1786137712088 0.0168728306889534 26499
1786137714628 0.02045355923473835 26549
1786137717161 0.028354458510875702 26599
1786137719810 0.02511935867369175 26649
1786137722387 0.0255978275090456 26699
1786137724989 0.01654730923473835 26749
1786137727580 0.01920572854578495 26799
1786137730166 0.0215928815305233 26849
1786137732693 0.0184461809694767 26899
1786137735255 0.0162217877805233 26949
1786137737870 0.01947699673473835 26999
1786137740498 0.025390625 27049
1786137743029 0.0206163190305233 27099
1786137746067 0.02392578125 27149
1786137748612 0.02170138992369175 27199
1786137751180 0.01860894076526165 27249
1786137753728 0.014431423507630825 27299
1786137756294 0.012369791977107525 27349
1786137758936 0.013997395522892475 27399
1786137761500 0.02652994729578495 27449
1786137764041 0.02463107742369175 27499
1786137766608 0.02398003451526165 27549
1786137769144 0.015353732742369175 27599
1786137771751 0.0267469622194767 27649
1786137774328 0.01584201492369175 27699
1786137776907 0.0319010429084301 27749
1786137779521 0.0225694440305233 27799
1786137782047 0.014263937249779701 27849
1786137784573 0.03000217117369175 27899
1786137787190 0.02685546875 27949
1786137789700 0.0223524309694767 27999
1786137792264 0.0178493931889534 28049
1786137794860 0.02560763992369175 28099
1786137797460 0.01714409701526165 28149
1786137799955 0.0198025181889534 28199
1786137802539 0.0212673619389534 28249
1786137805105 0.01805192045867443 28299
1786137807680 0.02582465298473835 28349
1786137810240 0.02262369729578495 28399
1786137813033 0.03331521898508072 28449
1786137815627 0.020724259316921234 28499
1786137818278 0.017880436033010483 28549
1786137820878 0.01323784701526165 28599
1786137823411 0.01904296875 28649
1786137825996 0.02083333395421505 28699
