1786136259517 4.245966911315918 49
1786136262230 4.802515029907227 99
1786136264746 5.385733604431152 149
1786136267300 5.915842056274414 199
1786136269809 6.373653411865234 249
1786136272670 6.6492462158203125 299
1786136275235 6.939384460449219 349
1786136277802 7.117013454437256 399
1786136280367 7.278775691986084 449
1786136282947 7.496114253997803 499
1786136285451 7.783640384674072 549
1786136287980 8.154311180114746 599
1786136290515 8.371393203735352 649
1786136293144 8.532125473022461 699
1786136295646 8.640806198120117 749
1786136298185 8.789088249206543 799
1786136300706 8.917250633239746 849
1786136303196 9.033493995666504 899
1786136305758 9.050976753234863 949
1786136308276 9.257967948913574 999
1786136310790 9.217491149902344 1049
1786136313293 9.323989868164062 1099
1786136315912 9.35358715057373 1149
1786136318434 9.454743385314941 1199
1786136321060 9.555192947387695 1249
1786136323633 9.565397262573242 1299
1786136326215 9.511281967163086 1349
1786136328747 9.631412506103516 1399
1786136331268 9.68024730682373 1449
1786136333786 9.681731224060059 1499
1786136336329 9.688985824584961 1549
1786136339242 9.732575416564941 1599
1786136341801 9.703118324279785 1649
1786136344540 9.739543914794922 1699
1786136347301 9.71747875213623 1749
1786136349867 9.701201438903809 1799
1786136352405 9.751130104064941 1849
1786136355103 9.757547378540039 1899
1786136357746 9.730713844299316 1949
1786136360288 9.743644714355469 1999
1786136362915 9.70683765411377 2049
1786136365567 9.73273754119873 2099
1786136368154 9.752054214477539 2149
1786136370776 9.673046112060547 2199
1786136373283 9.69243335723877 2249
1786136375900 9.743611335754395 2299
1786136378458 9.702255249023438 2349
1786136381056 9.714824676513672 2399
1786136383654 9.721785545349121 2449
1786136386469 9.751349449157715 2499
1786136389065 9.674562454223633 2549
1786136391606 9.755332946777344 2599
1786136394176 9.7957763671875 2649
1786136396767 9.67265510559082 2699
1786136399383 9.779541969299316 2749
1786136402046 9.71794319152832 2799
1786136404670 9.719311714172363 2849
1786136407313 9.768372535705566 2899
1786136409916 9.776193618774414 2949
1786136412555 9.756393432617188 2999
1786136415114 9.780963897705078 3049
1786136417820 9.762409210205078 3099
1786136420471 9.763087272644043 3149
1786136423416 9.761414527893066 3199
1786136426008 9.72236156463623 3249
1786136428675 9.752264976501465 3299
1786136431222 9.752640724182129 3349
1786136433801 9.783125877380371 3399
1786136436470 9.763314247131348 3449
1786136439254 9.778709411621094 3499
1786136441873 9.75744342803955 3549
1786136444496 9.774998664855957 3599
1786136447127 9.743356704711914 3649
1786136449944 9.724133491516113 3699
1786136452536 9.703969955444336 3749
1786136455149 9.687955856323242 3799
1786136457722 9.752869606018066 3849
1786136460473 9.758557319641113 3899
1786136463133 9.704741477966309 3949
1786136465692 9.686230659484863 3999
1786136468305 9.706547737121582 4049
1786136470916 9.712214469909668 4099
1786136473594 9.778942108154297 4149
1786136476304 9.628290176391602 4199
1786136478971 9.724835395812988 4249
1786136481577 9.671175956726074 4299
1786136484161 9.706853866577148 4349
1786136486765 9.764724731445312 4399
1786136489335 9.684348106384277 4449
1786136491944 9.770434379577637 4499
1786136494476 9.719819068908691 4549
1786136497063 9.777887344360352 4599
1786136499666 9.694817543029785 4649
1786136502310 9.766243934631348 4699
1786136505208 9.750972747802734 4749
1786136508156 9.678834915161133 4799
1786136510681 9.562192916870117 4849
1786136513386 9.7589750289917 4899
1786136516036 9.698150634765625 4949
1786136518626 9.742888450622559 4999
1786136521215 9.591032028198242 5049
1786136523818 9.649563789367676 5099
1786136526471 9.731096267700195 5149
1786136529042 9.70517635345459 5199
1786136531690 9.74515438079834 5249
1786136534287 9.726907730102539 5299
1786136536877 9.664156913757324 5349
1786136539448 9.79585075378418 5399
1786136542086 9.787041664123535 5449
1786136544732 9.751212120056152 5499
1786136547367 9.697357177734375 5549
1786136550046 9.745185852050781 5599
1786136552704 9.699153900146484 5649
1786136555354 9.715322494506836 5699
1786136557946 9.799418449401855 5749
1786136560570 9.576499938964844 5799
1786136563360 9.717455863952637 5849
1786136565978 9.74171257019043 5899
1786136568564 9.71361255645752 5949
1786136571204 9.782498359680176 5999
1786136573831 9.694692611694336 6049
1786136576549 9.772281646728516 6099
1786136579237 9.771270751953125 6149
1786136581842 9.736800193786621 6199
1786136584514 9.718735694885254 6249
1786136587216 9.748059272766113 6299
1786136589841 9.747005462646484 6349
1786136592889 9.748491287231445 6399
1786136595690 9.721410751342773 6449
1786136598340 9.78136157989502 6499
1786136600925 9.78190803527832 6549
1786136603440 9.724349975585938 6599
1786136606293 9.727543830871582 6649
1786136608864 9.745529174804688 6699
1786136611406 9.771040916442871 6749
1786136614053 9.684004783630371 6799
1786136616600 9.761993408203125 6849
1786136619211 9.795400619506836 6899
1786136621762 9.755148887634277 6949
1786136624265 9.60425090789795 6999
1786136626938 9.782291412353516 7049
1786136629596 9.717226028442383 7099
1786136632287 9.761856079101562 7149
1786136634896 9.783955574035645 7199
1786136637515 9.744921684265137 7249
1786136640183 9.75774097442627 7299
1786136642830 9.754834175109863 7349
1786136645526 9.79201889038086 7399
1786136648088 9.76187515258789 7449
1786136650646 9.769858360290527 7499
1786136653221 9.757716178894043 7549
1786136655753 9.735827445983887 7599
1786136658299 9.764739990234375 7649
1786136660962 9.75364875793457 7699
1786136663584 9.707018852233887 7749
1786136666126 9.744917869567871 7799
1786136668654 9.75843334197998 7849
1786136671220 9.778228759765625 7899
1786136673772 9.804821968078613 7949
1786136676689 9.722993850708008 7999
1786136679215 9.707649230957031 8049
1786136681839 9.725107192993164 8099
1786136684417 9.710457801818848 8149
1786136687018 9.740697860717773 8199
1786136689578 9.781058311462402 8249
1786136692191 9.760880470275879 8299
1786136694701 9.765120506286621 8349
1786136697307 9.729863166809082 8399
1786136699841 9.764657020568848 8449
1786136702362 9.777566909790039 8499
1786136704942 9.770347595214844 8549
1786136707487 9.774930953979492 8599
1786136709990 9.74936580657959 8649
1786136712527 9.701216697692871 8699
1786136715062 9.755783081054688 8749
1786136717588 9.792963981628418 8799
1786136720154 9.752323150634766 8849
1786136722755 9.766030311584473 8899
1786136725333 9.672564506530762 8949
1786136727846 9.761553764343262 8999
1786136730505 9.76736068725586 9049
1786136733108 9.703071594238281 9099
1786136735720 9.69438648223877 9149
1786136738271 9.675402641296387 9199
1786136740817 9.670303344726562 9249
1786136743351 9.774638175964355 9299
1786136745933 9.700480461120605 9349
1786136748414 9.703834533691406 9399
1786136751001 9.6730318069458 9449
1786136753545 9.690991401672363 9499
1786136756044 9.645023345947266 9549
1786136797467 9.741645812988281 9599
1786136799977 9.63251781463623 9649
1786136802619 9.709088325500488 9699
1786136805165 9.612872123718262 9749
1786136807756 9.728087425231934 9799
1786136810376 9.775261878967285 9849
1786136812864 9.72360610961914 9899
1786136815398 9.673600196838379 9949
1786136817935 9.72897720336914 9999
1786136820442 9.72533130645752 10049
1786136823005 9.753504753112793 10099
1786136825510 9.764336585998535 10149
1786136828042 9.729805946350098 10199
1786136830597 9.580852508544922 10249
1786136833094 9.73904037475586 10299
1786136835654 9.775132179260254 10349
1786136838191 9.720622062683105 10399
1786136840748 9.77859115600586 10449
1786136843292 9.741312026977539 10499
1786136846035 9.77831745147705 10549
1786136848587 9.694550514221191 10599
1786136851127 9.768219947814941 10649
1786136853683 9.753073692321777 10699
1786136856326 9.721424102783203 10749
1786136858954 9.75145435333252 10799
1786136861484 9.709895133972168 10849
1786136864034 9.691425323486328 10899
1786136866548 9.724457740783691 10949
1786136869173 9.682585716247559 10999
1786136871767 9.757616996765137 11049
1786136874393 9.719369888305664 11099
1786136876945 9.778340339660645 11149
1786136879881 9.70601749420166 11199
1786136882410 9.691034317016602 11249
1786136884964 9.722420692443848 11299
1786136887559 9.734261512756348 11349
1786136890154 9.731902122497559 11399
1786136892713 9.7548246383667 11449
1786136895296 9.68204116821289 11499
1786136897833 9.771444320678711 11549
1786136900443 9.728193283081055 11599
1786136903035 9.759443283081055 11649
1786136905598 9.743363380432129 11699
1786136908258 9.724834442138672 11749
1786136910819 9.78111457824707 11799
1786136913366 9.726468086242676 11849
1786136915922 9.719954490661621 11899
1786136918550 9.652502059936523 11949
1786136921131 9.750207901000977 11999
1786136923747 9.753071784973145 12049
1786136926279 9.73194694519043 12099
1786136928906 9.599306106567383 12149
1786136931455 9.6874361038208 12199
1786136933990 9.694231033325195 12249
1786136936521 9.754416465759277 12299
1786136938992 9.762325286865234 12349
1786136941521 9.689653396606445 12399
1786136944107 9.679399490356445 12449
1786136946705 9.77639389038086 12499
1786136949267 9.646982192993164 12549
1786136951872 9.734222412109375 12599
1786136954407 9.72152328491211 12649
1786136956994 9.676621437072754 12699
1786136959560 9.75230598449707 12749
1786136962373 9.703805923461914 12799
1786136964887 9.758577346801758 12849
1786136967487 9.769089698791504 12899
1786136970022 9.73189640045166 12949
1786136972572 9.758389472961426 12999
1786136975117 9.716917037963867 13049
1786136977653 9.802227020263672 13099
1786136980161 9.713393211364746 13149
1786136982754 9.740653991699219 13199
1786136985321 9.760797500610352 13249
1786136987889 9.761862754821777 13299
1786136990742 9.73873519897461 13349
1786136993348 9.72775650024414 13399
1786136995873 9.769953727722168 13449
1786136998395 9.73757266998291 13499
1786137000933 9.75058650970459 13549
1786137003451 9.66037654876709 13599
1786137006074 9.770915985107422 13649
1786137008638 9.689741134643555 13699
1786137011209 9.752310752868652 13749
1786137013758 9.7050142288208 13799
1786137016360 9.735072135925293 13849
1786137018953 9.75118637084961 13899
1786137021455 9.74698543548584 13949
1786137024016 9.71519660949707 13999
1786137026605 9.744524955749512 14049
1786137029151 9.70860481262207 14099
1786137031721 9.781758308410645 14149
1786137034234 9.752997398376465 14199
1786137036862 9.773963928222656 14249
1786137039462 9.778507232666016 14299
1786137042045 9.789268493652344 14349
1786137044864 9.749726295471191 14399
1786137047349 9.683019638061523 14449
1786137049889 9.794594764709473 14499
1786137052436 9.757943153381348 14549
1786137055001 9.725765228271484 14599
1786137057590 9.753921508789062 14649
1786137060127 9.673699378967285 14699
1786137062662 9.753788948059082 14749
1786137065282 9.698723793029785 14799
1786137067854 9.705814361572266 14849
1786137070420 9.740989685058594 14899
1786137073143 9.805305480957031 14949
1786137075729 9.71888256072998 14999
1786137078446 9.75220012664795 15049
1786137080994 9.741497993469238 15099
1786137083630 9.74789047241211 15149
1786137086233 9.791351318359375 15199
1786137088812 9.770219802856445 15249
1786137091340 9.739002227783203 15299
1786137093954 9.73859977722168 15349
1786137096557 9.786849975585938 15399
1786137099132 9.744074821472168 15449
1786137101748 9.774596214294434 15499
1786137104316 9.78420352935791 15549
1786137106869 9.786550521850586 15599
1786137109407 9.750874519348145 15649
1786137112022 9.776744842529297 15699
1786137114574 9.742981910705566 15749
1786137117180 9.740516662597656 15799
1786137119768 9.753514289855957 15849
1786137122325 9.734760284423828 15899
1786137124965 9.754128456115723 15949
1786137127931 9.742267608642578 15999
1786137130507 9.742435455322266 16049
1786137133050 9.769399642944336 16099
1786137135660 9.706841468811035 16149
1786137138217 9.8046293258667 16199
1786137140778 9.762489318847656 16249
1786137143421 9.771903991699219 16299
1786137146047 9.79378604888916 16349
1786137148640 9.689414024353027 16399
1786137151252 9.75776195526123 16449
1786137153850 9.780558586120605 16499
1786137156385 9.751885414123535 16549
1786137158945 9.686591148376465 16599
1786137161511 9.744194030761719 16649
1786137164030 9.787809371948242 16699
1786137166576 9.759345054626465 16749
1786137169136 9.727838516235352 16799
1786137171714 9.733846664428711 16849
1786137174268 9.789472579956055 16899
1786137176824 9.706182479858398 16949
1786137179314 9.691300392150879 16999
1786137181835 9.680195808410645 17049
1786137184388 9.712859153747559 17099
1786137186933 9.748470306396484 17149
1786137189513 9.802090644836426 17199
1786137192100 9.754170417785645 17249
1786137194676 9.737491607666016 17299
1786137197175 9.759674072265625 17349
1786137199765 9.760383605957031 17399
1786137202390 9.76098346710205 17449
1786137205012 9.776712417602539 17499
1786137207613 9.792305946350098 17549
1786137210459 9.786676406860352 17599
1786137213028 9.78922176361084 17649
1786137215583 9.756512641906738 17699
1786137218136 9.745220184326172 17749
1786137220702 9.7521333694458 17799
1786137223286 9.792932510375977 17849
1786137225925 9.719613075256348 17899
1786137228606 9.748401641845703 17949
1786137231231 9.769094467163086 17999
1786137233863 9.786273956298828 18049
1786137236498 9.789636611938477 18099
1786137239067 9.65115737915039 18149
1786137241678 9.692193984985352 18199
1786137244347 9.721203804016113 18249
1786137246949 9.76379108428955 18299
1786137249515 9.775298118591309 18349
1786137252108 9.75011920928955 18399
1786137254733 9.58526611328125 18449
1786137257326 9.725380897521973 18499
1786137259907 9.754316329956055 18549
1786137262515 9.756942749023438 18599
1786137265066 9.740776062011719 18649
1786137267639 9.744147300720215 18699
1786137270275 9.763834953308105 18749
1786137272944 9.783729553222656 18799
1786137275537 9.749017715454102 18849
1786137278107 9.757603645324707 18899
1786137280759 9.712465286254883 18949
1786137283324 9.758280754089355 18999
1786137285946 9.737236976623535 19049
1786137288578 9.73829460144043 19099
1786137291133 9.720290184020996 19149
1786137333930 9.776503562927246 19199
1786137336588 9.734748840332031 19249
1786137339190 9.768755912780762 19299
1786137341760 9.661099433898926 19349
1786137344350 9.736051559448242 19399
1786137347046 9.740080833435059 19449
1786137349608 9.779153823852539 19499
1786137352216 9.729798316955566 19549
1786137354818 9.7438383102417 19599
1786137357379 9.726482391357422 19649
1786137360006 9.750042915344238 19699
1786137362620 9.763469696044922 19749
1786137365269 9.748822212219238 19799
1786137367940 9.787182807922363 19849
1786137370504 9.7162504196167 19899
1786137373072 9.709634780883789 19949
1786137375601 9.727394104003906 19999
1786137378193 9.65987491607666 20049
1786137380773 9.761914253234863 20099
1786137383359 9.779205322265625 20149
1786137385874 9.722502708435059 20199
1786137388589 9.790868759155273 20249
1786137391159 9.764077186584473 20299
1786137393692 9.760262489318848 20349
1786137396289 9.745400428771973 20399
1786137398877 9.780235290527344 20449
1786137401414 9.700263977050781 20499
1786137403967 9.750099182128906 20549
1786137406532 9.788033485412598 20599
1786137409109 9.775964736938477 20649
1786137411678 9.686537742614746 20699
1786137414675 9.687154769897461 20749
1786137417227 9.739153861999512 20799
1786137419849 9.78657054901123 20849
1786137422484 9.757189750671387 20899
1786137425100 9.760258674621582 20949
1786137427678 9.781877517700195 20999
1786137430196 9.742104530334473 21049
1786137432756 9.766433715820312 21099
1786137435318 9.770328521728516 21149
1786137437884 9.668914794921875 21199
1786137440487 9.748449325561523 21249
1786137443076 9.773843765258789 21299
1786137445680 9.7088041305542 21349
1786137448277 9.745984077453613 21399
1786137450946 9.762500762939453 21449
1786137453553 9.717817306518555 21499
1786137456208 9.769625663757324 21549
1786137458904 9.78131103515625 21599
1786137461495 9.7609224319458 21649
1786137464060 9.738661766052246 21699
1786137466618 9.739068031311035 21749
1786137469163 9.79018497467041 21799
1786137471696 9.818466186523438 21849
1786137474311 9.786613464355469 21899
1786137476826 9.761113166809082 21949
1786137479459 9.739435195922852 21999
1786137482022 9.72734260559082 22049
1786137484711 9.757744789123535 22099
1786137487315 9.737703323364258 22149
1786137489904 9.746840476989746 22199
1786137492493 9.73532485961914 22249
1786137495141 9.774561882019043 22299
1786137498045 9.76211929321289 22349
1786137500606 9.748493194580078 22399
1786137503197 9.711188316345215 22449
1786137505732 9.759020805358887 22499
1786137508282 9.685867309570312 22549
1786137510790 9.74014663696289 22599
1786137513342 9.766176223754883 22649
1786137515887 9.704285621643066 22699
1786137518436 9.759682655334473 22749
1786137520970 9.7285795211792 22799
1786137523524 9.718037605285645 22849
1786137526117 9.761245727539062 22899
1786137528739 9.81005859375 22949
1786137531374 9.795066833496094 22999
1786137533974 9.795592308044434 23049
1786137536491 9.793516159057617 23099
1786137539088 9.767935752868652 23149
1786137541667 9.775970458984375 23199
1786137544223 9.750197410583496 23249
1786137546777 9.806999206542969 23299
1786137549436 9.713216781616211 23349
1786137552000 9.696537017822266 23399
1786137554601 9.76771068572998 23449
1786137557199 9.761473655700684 23499
1786137559744 9.796320915222168 23549
1786137562318 9.712246894836426 23599
1786137564945 9.737810134887695 23649
1786137567566 9.757622718811035 23699
1786137570206 9.810445785522461 23749
1786137572850 9.787137985229492 23799
1786137575425 9.762943267822266 23849
1786137578013 9.751773834228516 23899
1786137581078 9.674665451049805 23949
1786137583700 9.773233413696289 23999
1786137586243 9.771700859069824 24049
1786137588884 9.730109214782715 24099
1786137591464 9.69239616394043 24149
1786137594015 9.75002670288086 24199
1786137596531 9.754838943481445 24249
1786137599068 9.751819610595703 24299
1786137601632 9.775890350341797 24349
1786137604314 9.737789154052734 24399
1786137606840 9.729232788085938 24449
1786137609386 9.79642105102539 24499
1786137611865 9.787027359008789 24549
1786137614351 9.807774543762207 24599
1786137616870 9.769665718078613 24649
1786137619347 9.795870780944824 24699
1786137621891 9.755806922912598 24749
1786137624441 9.761578559875488 24799
1786137627008 9.808650970458984 24849
1786137629532 9.797356605529785 24899
1786137632091 9.799361228942871 24949
1786137634720 9.682785034179688 24999
1786137637237 9.768400192260742 25049
1786137639827 9.76180648803711 25099
1786137642442 9.798410415649414 25149
1786137644910 9.72225570678711 25199
1786137647489 9.783989906311035 25249
1786137650025 9.806628227233887 25299
1786137652610 9.76743221282959 25349
1786137655270 9.751437187194824 25399
1786137657811 9.782630920410156 25449
1786137660285 9.726455688476562 25499
1786137663163 9.801048278808594 25549
1786137665649 9.735468864440918 25599
1786137668263 9.721055030822754 25649
1786137670870 9.687255859375 25699
1786137673482 9.787603378295898 25749
1786137676046 9.770593643188477 25799
1786137678744 9.756294250488281 25849
1786137681353 9.758394241333008 25899
1786137683938 9.762019157409668 25949
1786137686555 9.755349159240723 25999
1786137689129 9.806597709655762 26049
1786137691655 9.779585838317871 26099
1786137694152 9.724400520324707 26149
1786137696826 9.750495910644531 26199
1786137699355 9.730768203735352 26249
1786137701874 9.679098129272461 26299
1786137704437 9.751948356628418 26349
1786137707034 9.69863224029541 26399
1786137709544 9.778489112854004 26449
1786137712088 9.748559951782227 26499
1786137714628 9.765928268432617 26549
1786137717161 9.767732620239258 26599
1786137719810 9.760879516601562 26649
1786137722387 9.80941104888916 26699
1786137724989 9.804947853088379 26749
1786137727580 9.726411819458008 26799
1786137730166 9.748595237731934 26849
1786137732693 9.781678199768066 26899
1786137735255 9.801595687866211 26949
1786137737870 9.781583786010742 26999
1786137740498 9.744183540344238 27049
1786137743029 9.768452644348145 27099
1786137746067 9.80232048034668 27149
1786137748612 9.793235778808594 27199
1786137751180 9.749504089355469 27249
1786137753728 9.785859107971191 27299
1786137756294 9.725722312927246 27349
1786137758936 9.755449295043945 27399
1786137761500 9.795086860656738 27449
1786137764041 9.701025009155273 27499
1786137766608 9.715802192687988 27549
1786137769144 9.806063652038574 27599
1786137771751 9.779067993164062 27649
1786137774328 9.778162956237793 27699
1786137776907 9.744046211242676 27749
1786137779521 9.746734619140625 27799
1786137782047 9.693857192993164 27849
1786137784573 9.747801780700684 27899
1786137787190 9.7936429977417 27949
1786137789700 9.81473445892334 27999
1786137792264 9.802868843078613 28049
1786137794860 9.768928527832031 28099
1786137797460 9.782499313354492 28149
1786137799955 9.777090072631836 28199
1786137802539 9.80475902557373 28249
1786137805105 9.780187606811523 28299
1786137807680 9.72172737121582 28349
1786137810240 9.75113296508789 28399
1786137813033 9.756736755371094 28449
1786137815627 9.793630599975586 28499
1786137818278 9.756925582885742 28549
1786137820878 9.781622886657715 28599
1786137823411 9.742910385131836 28649
1786137825996 9.807085990905762 28699
