1786136338641 0.750811755657196 1595
1786136422641 0.9849891066551208 3191
1786136507178 0.9846667647361755 4787
1786136591635 0.9781712293624878 6383
1786136675353 0.9823170900344849 7979
1786136795988 0.9813712239265442 9575
1786136878170 0.9765728116035461 11171
1786136960485 0.9753527045249939 12767
1786137042799 0.9741967916488647 14363
1786137125649 0.9765093922615051 15959
1786137207976 0.9747857451438904 17555
1786137331245 0.973574697971344 19151
1786137414142 0.9737133383750916 20747
1786137497373 0.9756100177764893 22343
1786137580153 0.9763390421867371 23939
1786137662158 0.9760844707489014 25535
1786137744666 0.9760268926620483 27131
1786137867278 0.9760036468505859 28727
