1786136338641 7.482428073883057 1595
1786136422641 9.81618881225586 3191
1786136507178 9.812976837158203 4787
1786136591635 9.74824333190918 6383
1786136675353 9.789560317993164 7979
1786136795988 9.780134201049805 9575
1786136878170 9.732314109802246 11171
1786136960485 9.720154762268066 12767
1786137042799 9.708635330200195 14363
1786137125649 9.731681823730469 15959
1786137207976 9.71450424194336 17555
1786137331245 9.702435493469238 19151
1786137414142 9.703817367553711 20747
1786137497373 9.722719192504883 22343
1786137580153 9.729984283447266 23939
1786137662158 9.727447509765625 25535
1786137744666 9.726873397827148 27131
1786137867278 9.726641654968262 28727
