1786136259517 3.029083728790283 49
1786136262230 2.8848960399627686 99
1786136264746 3.0154783725738525 149
1786136267300 3.3018646240234375 199
1786136269809 3.639091968536377 249
1786136272670 3.9130821228027344 299
1786136275235 4.106988906860352 349
1786136277802 4.37275505065918 399
1786136280367 4.731267929077148 449
1786136282947 4.9609785079956055 499
1786136285451 5.012660503387451 549
1786136287980 5.336329460144043 599
1786136290515 5.780853271484375 649
1786136293144 5.956831932067871 699
1786136295646 6.427031517028809 749
1786136298185 6.644584655761719 799
1786136300706 6.903343200683594 849
1786136303196 7.166505813598633 899
1786136305758 7.270950794219971 949
1786136308276 7.615609169006348 999
1786136310790 7.690789699554443 1049
1786136313293 7.9449639320373535 1099
1786136315912 8.06186580657959 1149
1786136318434 8.305685997009277 1199
1786136321060 8.48582649230957 1249
1786136323633 8.603277206420898 1299
1786136326215 8.64139461517334 1349
1786136328747 8.783172607421875 1399
1786136331268 8.878683090209961 1449
1786136333786 8.922279357910156 1499
1786136336329 8.993160247802734 1549
1786136339242 9.131896018981934 1599
1786136341801 9.217592239379883 1649
1786136344540 9.341938018798828 1699
1786136347301 9.284956932067871 1749
1786136349867 9.321381568908691 1799
1786136352405 9.3611421585083 1849
1786136355103 9.340316772460938 1899
1786136357746 9.397207260131836 1949
1786136360288 9.398174285888672 1999
1786136362915 9.436932563781738 2049
1786136365567 9.4857816696167 2099
1786136368154 9.477039337158203 2149
1786136370776 9.326675415039062 2199
1786136373283 9.457429885864258 2249
1786136375900 9.46954345703125 2299
1786136378458 9.297606468200684 2349
1786136381056 9.463895797729492 2399
1786136383654 9.479182243347168 2449
1786136386469 9.494754791259766 2499
1786136389065 9.396181106567383 2549
1786136391606 9.474407196044922 2599
1786136394176 9.505929946899414 2649
1786136396767 9.378417015075684 2699
1786136399383 9.543756484985352 2749
1786136402046 9.448484420776367 2799
1786136404670 9.458930969238281 2849
1786136407313 9.530280113220215 2899
1786136409916 9.421615600585938 2949
1786136412555 9.486527442932129 2999
1786136415114 9.491113662719727 3049
1786136417820 9.392951965332031 3099
1786136420471 9.539352416992188 3149
1786136423416 9.556478500366211 3199
1786136426008 9.450149536132812 3249
1786136428675 9.48288345336914 3299
1786136431222 9.456197738647461 3349
1786136433801 9.519758224487305 3399
1786136436470 9.499682426452637 3449
1786136439254 9.51545524597168 3499
1786136441873 9.54027271270752 3549
1786136444496 9.511445999145508 3599
1786136447127 9.511526107788086 3649
1786136449944 9.48169994354248 3699
1786136452536 9.383011817932129 3749
1786136455149 9.437663078308105 3799
1786136457722 9.397371292114258 3849
1786136460473 9.472356796264648 3899
1786136463133 9.485599517822266 3949
1786136465692 9.297492980957031 3999
1786136468305 9.249903678894043 4049
1786136470916 9.484435081481934 4099
1786136473594 9.48781967163086 4149
1786136476304 9.390791893005371 4199
1786136478971 9.34547233581543 4249
1786136481577 9.494418144226074 4299
1786136484161 9.446873664855957 4349
1786136486765 9.485504150390625 4399
1786136489335 9.40306282043457 4449
1786136491944 9.566186904907227 4499
1786136494476 9.403468132019043 4549
1786136497063 9.396760940551758 4599
1786136499666 9.307577133178711 4649
1786136502310 9.47952651977539 4699
1786136505208 9.497726440429688 4749
1786136508156 9.354671478271484 4799
1786136510681 9.271541595458984 4849
1786136513386 9.36102294921875 4899
1786136516036 9.447270393371582 4949
1786136518626 9.431316375732422 4999
1786136521215 9.193487167358398 5049
1786136523818 9.330377578735352 5099
1786136526471 9.458632469177246 5149
1786136529042 9.395734786987305 5199
1786136531690 9.414548873901367 5249
1786136534287 9.241405487060547 5299
1786136536877 9.321962356567383 5349
1786136539448 9.361032485961914 5399
1786136542086 9.46005630493164 5449
1786136544732 9.366131782531738 5499
1786136547367 9.489209175109863 5549
1786136550046 9.484814643859863 5599
1786136552704 9.337302207946777 5649
1786136555354 9.481319427490234 5699
1786136557946 9.515090942382812 5749
1786136560570 9.081195831298828 5799
1786136563360 9.174723625183105 5849
1786136565978 9.228759765625 5899
1786136568564 9.528545379638672 5949
1786136571204 9.319849014282227 5999
1786136573831 9.365961074829102 6049
1786136576549 9.350322723388672 6099
1786136579237 9.420907974243164 6149
1786136581842 9.465099334716797 6199
1786136584514 9.445083618164062 6249
1786136587216 9.267416000366211 6299
1786136589841 9.461407661437988 6349
1786136592889 9.31810474395752 6399
1786136595690 9.49055290222168 6449
1786136598340 9.54051399230957 6499
1786136600925 9.493314743041992 6549
1786136603440 9.416045188903809 6599
1786136606293 9.312814712524414 6649
1786136608864 9.473151206970215 6699
1786136611406 9.4320068359375 6749
1786136614053 9.398260116577148 6799
1786136616600 9.455795288085938 6849
1786136619211 9.447433471679688 6899
1786136621762 9.410717010498047 6949
1786136624265 9.12074089050293 6999
1786136626938 9.415793418884277 7049
1786136629596 9.515421867370605 7099
1786136632287 9.52369499206543 7149
1786136634896 9.49728775024414 7199
1786136637515 9.522438049316406 7249
1786136640183 9.434926986694336 7299
1786136642830 9.497087478637695 7349
1786136645526 9.571550369262695 7399
1786136648088 9.431611061096191 7449
1786136650646 9.490876197814941 7499
1786136653221 9.494979858398438 7549
1786136655753 9.391201972961426 7599
1786136658299 9.453337669372559 7649
1786136660962 9.367196083068848 7699
1786136663584 9.549177169799805 7749
1786136666126 9.542572975158691 7799
1786136668654 9.485581398010254 7849
1786136671220 9.45062255859375 7899
1786136673772 9.438660621643066 7949
1786136676689 9.427392959594727 7999
1786136679215 9.336484909057617 8049
1786136681839 9.516805648803711 8099
1786136684417 9.339405059814453 8149
1786136687018 9.52736759185791 8199
1786136689578 9.47041130065918 8249
1786136692191 9.530980110168457 8299
1786136694701 9.484792709350586 8349
1786136697307 9.382015228271484 8399
1786136699841 9.345781326293945 8449
1786136702362 9.572956085205078 8499
1786136704942 9.534408569335938 8549
1786136707487 9.374436378479004 8599
1786136709990 9.381155014038086 8649
1786136712527 9.49659252166748 8699
1786136715062 9.33369255065918 8749
1786136717588 9.470653533935547 8799
1786136720154 9.44883918762207 8849
1786136722755 9.39431381225586 8899
1786136725333 9.285985946655273 8949
1786136727846 9.455928802490234 8999
1786136730505 9.410202026367188 9049
1786136733108 9.397405624389648 9099
1786136735720 9.263849258422852 9149
1786136738271 9.412246704101562 9199
1786136740817 9.365589141845703 9249
1786136743351 9.445022583007812 9299
1786136745933 9.300561904907227 9349
1786136748414 9.341455459594727 9399
1786136751001 9.238768577575684 9449
1786136753545 9.416576385498047 9499
1786136756044 9.293872833251953 9549
1786136797467 9.467561721801758 9599
1786136799977 9.216217994689941 9649
1786136802619 9.31154727935791 9699
1786136805165 9.27903938293457 9749
1786136807756 9.329617500305176 9799
1786136810376 9.443439483642578 9849
1786136812864 9.280529975891113 9899
1786136815398 9.244402885437012 9949
1786136817935 9.357044219970703 9999
1786136820442 9.402274131774902 10049
1786136823005 9.155576705932617 10099
1786136825510 9.4410400390625 10149
1786136828042 9.370343208312988 10199
1786136830597 9.149097442626953 10249
1786136833094 9.307944297790527 10299
1786136835654 9.459522247314453 10349
1786136838191 9.358743667602539 10399
1786136840748 9.430876731872559 10449
1786136843292 9.429296493530273 10499
1786136846035 9.463991165161133 10549
1786136848587 9.459506034851074 10599
1786136851127 9.360078811645508 10649
1786136853683 9.381088256835938 10699
1786136856326 9.390467643737793 10749
1786136858954 9.367219924926758 10799
1786136861484 9.321128845214844 10849
1786136864034 9.265676498413086 10899
1786136866548 9.319116592407227 10949
1786136869173 9.388970375061035 10999
1786136871767 9.319326400756836 11049
1786136874393 9.170929908752441 11099
1786136876945 9.45236587524414 11149
1786136879881 9.347997665405273 11199
1786136882410 9.309213638305664 11249
1786136884964 9.46304702758789 11299
1786136887559 9.356053352355957 11349
1786136890154 9.306768417358398 11399
1786136892713 9.388605117797852 11449
1786136895296 9.208515167236328 11499
1786136897833 9.470293045043945 11549
1786136900443 9.418906211853027 11599
1786136903035 9.415315628051758 11649
1786136905598 9.403800964355469 11699
1786136908258 9.224797248840332 11749
1786136910819 9.390308380126953 11799
1786136913366 9.443665504455566 11849
1786136915922 9.397911071777344 11899
1786136918550 9.26749038696289 11949
1786136921131 9.338127136230469 11999
1786136923747 9.281831741333008 12049
1786136926279 9.384957313537598 12099
1786136928906 9.11561393737793 12149
1786136931455 9.39791202545166 12199
1786136933990 9.220245361328125 12249
1786136936521 9.291814804077148 12299
1786136938992 9.451565742492676 12349
1786136941521 9.195758819580078 12399
1786136944107 9.435419082641602 12449
1786136946705 9.404521942138672 12499
1786136949267 9.304475784301758 12549
1786136951872 9.462488174438477 12599
1786136954407 9.325082778930664 12649
1786136956994 9.305648803710938 12699
1786136959560 9.339216232299805 12749
1786136962373 9.376775741577148 12799
1786136964887 9.360965728759766 12849
1786136967487 9.32682991027832 12899
1786136970022 9.348960876464844 12949
1786136972572 9.41250991821289 12999
1786136975117 9.291118621826172 13049
1786136977653 9.403459548950195 13099
1786136980161 9.146950721740723 13149
1786136982754 9.323668479919434 13199
1786136985321 9.366165161132812 13249
1786136987889 9.303210258483887 13299
1786136990742 9.412729263305664 13349
1786136993348 9.234500885009766 13399
1786136995873 9.448546409606934 13449
1786136998395 9.293651580810547 13499
1786137000933 9.279751777648926 13549
1786137003451 9.390311241149902 13599
1786137006074 9.34865665435791 13649
1786137008638 9.352046966552734 13699
1786137011209 9.456005096435547 13749
1786137013758 9.48305892944336 13799
1786137016360 9.190427780151367 13849
1786137018953 9.33232307434082 13899
1786137021455 9.257516860961914 13949
1786137024016 9.338617324829102 13999
1786137026605 9.305931091308594 14049
1786137029151 9.392339706420898 14099
1786137031721 9.488466262817383 14149
1786137034234 9.178533554077148 14199
1786137036862 9.446419715881348 14249
1786137039462 9.476844787597656 14299
1786137042045 9.421525955200195 14349
1786137044864 9.385220527648926 14399
1786137047349 9.287239074707031 14449
1786137049889 9.442739486694336 14499
1786137052436 9.518180847167969 14549
1786137055001 9.390155792236328 14599
1786137057590 9.46937084197998 14649
1786137060127 9.361106872558594 14699
1786137062662 9.383071899414062 14749
1786137065282 9.45770263671875 14799
1786137067854 9.37187671661377 14849
1786137070420 9.45090103149414 14899
1786137073143 9.507817268371582 14949
1786137075729 9.281147003173828 14999
1786137078446 9.359936714172363 15049
1786137080994 9.472070693969727 15099
1786137083630 9.389296531677246 15149
1786137086233 9.506105422973633 15199
1786137088812 9.40673828125 15249
1786137091340 9.327619552612305 15299
1786137093954 9.465171813964844 15349
1786137096557 9.357922554016113 15399
1786137099132 9.428674697875977 15449
1786137101748 9.362022399902344 15499
1786137104316 9.454505920410156 15549
1786137106869 9.484816551208496 15599
1786137109407 9.331830978393555 15649
1786137112022 9.40078067779541 15699
1786137114574 9.447587966918945 15749
1786137117180 9.460187911987305 15799
1786137119768 9.40958023071289 15849
1786137122325 9.366731643676758 15899
1786137124965 9.34075927734375 15949
1786137127931 9.414161682128906 15999
1786137130507 9.350442886352539 16049
1786137133050 9.518367767333984 16099
1786137135660 9.335474967956543 16149
1786137138217 9.392721176147461 16199
1786137140778 9.409344673156738 16249
1786137143421 9.419235229492188 16299
1786137146047 9.361746788024902 16349
1786137148640 9.274085998535156 16399
1786137151252 9.416136741638184 16449
1786137153850 9.408724784851074 16499
1786137156385 9.309051513671875 16549
1786137158945 9.452020645141602 16599
1786137161511 9.287250518798828 16649
1786137164030 9.288427352905273 16699
1786137166576 9.422358512878418 16749
1786137169136 9.361562728881836 16799
1786137171714 9.32614517211914 16849
1786137174268 9.40075397491455 16899
1786137176824 9.34124755859375 16949
1786137179314 9.380147933959961 16999
1786137181835 9.207175254821777 17049
1786137184388 9.486215591430664 17099
1786137186933 9.434932708740234 17149
1786137189513 9.361474990844727 17199
1786137192100 9.420269012451172 17249
1786137194676 9.37878131866455 17299
1786137197175 9.361024856567383 17349
1786137199765 9.469208717346191 17399
1786137202390 9.353023529052734 17449
1786137205012 9.364927291870117 17499
1786137207613 9.498788833618164 17549
1786137210459 9.44329833984375 17599
1786137213028 9.412935256958008 17649
1786137215583 9.349662780761719 17699
1786137218136 9.328397750854492 17749
1786137220702 9.35592269897461 17799
1786137223286 9.417375564575195 17849
1786137225925 9.429890632629395 17899
1786137228606 9.414435386657715 17949
1786137231231 9.232057571411133 17999
1786137233863 9.390939712524414 18049
1786137236498 9.433053970336914 18099
1786137239067 9.225593566894531 18149
1786137241678 9.310455322265625 18199
1786137244347 9.371719360351562 18249
1786137246949 9.45418930053711 18299
1786137249515 9.375629425048828 18349
1786137252108 9.40231990814209 18399
1786137254733 9.053324699401855 18449
1786137257326 9.357217788696289 18499
1786137259907 9.294086456298828 18549
1786137262515 9.457860946655273 18599
1786137265066 9.391096115112305 18649
1786137267639 9.36928939819336 18699
1786137270275 9.302799224853516 18749
1786137272944 9.352521896362305 18799
1786137275537 9.274307250976562 18849
1786137278107 9.381349563598633 18899
1786137280759 9.28799057006836 18949
1786137283324 9.308860778808594 18999
1786137285946 9.39393138885498 19049
1786137288578 9.326520919799805 19099
1786137291133 9.255001068115234 19149
1786137333930 9.458932876586914 19199
1786137336588 9.365846633911133 19249
1786137339190 9.314746856689453 19299
1786137341760 9.188698768615723 19349
1786137344350 9.339484214782715 19399
1786137347046 9.324779510498047 19449
1786137349608 9.345117568969727 19499
1786137352216 9.408073425292969 19549
1786137354818 9.333057403564453 19599
1786137357379 9.403982162475586 19649
1786137360006 9.265193939208984 19699
1786137362620 9.443463325500488 19749
1786137365269 9.34921646118164 19799
1786137367940 9.470298767089844 19849
1786137370504 9.401641845703125 19899
1786137373072 9.330174446105957 19949
1786137375601 9.438026428222656 19999
1786137378193 9.288797378540039 20049
1786137380773 9.344822883605957 20099
1786137383359 9.381551742553711 20149
1786137385874 9.354795455932617 20199
1786137388589 9.385997772216797 20249
1786137391159 9.368295669555664 20299
1786137393692 9.471534729003906 20349
1786137396289 9.454289436340332 20399
1786137398877 9.364599227905273 20449
1786137401414 9.421355247497559 20499
1786137403967 9.491630554199219 20549
1786137406532 9.529655456542969 20599
1786137409109 9.485363006591797 20649
1786137411678 9.199930191040039 20699
1786137414675 9.367143630981445 20749
1786137417227 9.234147071838379 20799
1786137419849 9.492051124572754 20849
1786137422484 9.263776779174805 20899
1786137425100 9.309637069702148 20949
1786137427678 9.357582092285156 20999
1786137430196 9.410078048706055 21049
1786137432756 9.375375747680664 21099
1786137435318 9.471988677978516 21149
1786137437884 9.33107852935791 21199
1786137440487 9.369616508483887 21249
1786137443076 9.408796310424805 21299
1786137445680 9.47400188446045 21349
1786137448277 9.36443042755127 21399
1786137450946 9.454471588134766 21449
1786137453553 9.264559745788574 21499
1786137456208 9.467660903930664 21549
1786137458904 9.477100372314453 21599
1786137461495 9.382634162902832 21649
1786137464060 9.3366117477417 21699
1786137466618 9.349278450012207 21749
1786137469163 9.465944290161133 21799
1786137471696 9.42701530456543 21849
1786137474311 9.383562088012695 21899
1786137476826 9.255491256713867 21949
1786137479459 9.354276657104492 21999
1786137482022 9.376434326171875 22049
1786137484711 9.353372573852539 22099
1786137487315 9.381762504577637 22149
1786137489904 9.373884201049805 22199
1786137492493 9.253679275512695 22249
1786137495141 9.420937538146973 22299
1786137498045 9.429494857788086 22349
1786137500606 9.3652982711792 22399
1786137503197 9.410260200500488 22449
1786137505732 9.455880165100098 22499
1786137508282 9.313610076904297 22549
1786137510790 9.371135711669922 22599
1786137513342 9.439860343933105 22649
1786137515887 9.348995208740234 22699
1786137518436 9.468242645263672 22749
1786137520970 9.472030639648438 22799
1786137523524 9.450447082519531 22849
1786137526117 9.358686447143555 22899
1786137528739 9.437164306640625 22949
1786137531374 9.323864936828613 22999
1786137533974 9.465478897094727 23049
1786137536491 9.401287078857422 23099
1786137539088 9.493350982666016 23149
1786137541667 9.41905403137207 23199
1786137544223 9.350086212158203 23249
1786137546777 9.455286026000977 23299
1786137549436 9.337823867797852 23349
1786137552000 9.329439163208008 23399
1786137554601 9.420944213867188 23449
1786137557199 9.41069507598877 23499
1786137559744 9.503607749938965 23549
1786137562318 9.358988761901855 23599
1786137564945 9.362139701843262 23649
1786137567566 9.304313659667969 23699
1786137570206 9.482341766357422 23749
1786137572850 9.37784194946289 23799
1786137575425 9.384319305419922 23849
1786137578013 9.335270881652832 23899
1786137581078 9.29185676574707 23949
1786137583700 9.425554275512695 23999
1786137586243 9.4631929397583 24049
1786137588884 9.293481826782227 24099
1786137591464 9.326414108276367 24149
1786137594015 9.351423263549805 24199
1786137596531 9.343864440917969 24249
1786137599068 9.388490676879883 24299
1786137601632 9.449954986572266 24349
1786137604314 9.475883483886719 24399
1786137606840 9.4381103515625 24449
1786137609386 9.411880493164062 24499
1786137611865 9.443262100219727 24549
1786137614351 9.468826293945312 24599
1786137616870 9.378965377807617 24649
1786137619347 9.458853721618652 24699
1786137621891 9.283234596252441 24749
1786137624441 9.358858108520508 24799
1786137627008 9.408008575439453 24849
1786137629532 9.47683334350586 24899
1786137632091 9.410625457763672 24949
1786137634720 9.325705528259277 24999
1786137637237 9.341726303100586 25049
1786137639827 9.512482643127441 25099
1786137642442 9.464996337890625 25149
1786137644910 9.383305549621582 25199
1786137647489 9.461416244506836 25249
1786137650025 9.487445831298828 25299
1786137652610 9.45529556274414 25349
1786137655270 9.400636672973633 25399
1786137657811 9.357068061828613 25449
1786137660285 9.250811576843262 25499
1786137663163 9.44658088684082 25549
1786137665649 9.357196807861328 25599
1786137668263 9.354475021362305 25649
1786137670870 9.41447639465332 25699
1786137673482 9.421026229858398 25749
1786137676046 9.376672744750977 25799
1786137678744 9.495405197143555 25849
1786137681353 9.437883377075195 25899
1786137683938 9.36722183227539 25949
1786137686555 9.323738098144531 25999
1786137689129 9.414642333984375 26049
1786137691655 9.427504539489746 26099
1786137694152 9.293999671936035 26149
1786137696826 9.436226844787598 26199
1786137699355 9.374761581420898 26249
1786137701874 9.263204574584961 26299
1786137704437 9.313870429992676 26349
1786137707034 9.426301956176758 26399
1786137709544 9.382254600524902 26449
1786137712088 9.370692253112793 26499
1786137714628 9.41716194152832 26549
1786137717161 9.456291198730469 26599
1786137719810 9.408832550048828 26649
1786137722387 9.419854164123535 26699
1786137724989 9.402591705322266 26749
1786137727580 9.436351776123047 26799
1786137730166 9.357911109924316 26849
1786137732693 9.472086906433105 26899
1786137735255 9.434657096862793 26949
1786137737870 9.441669464111328 26999
1786137740498 9.317727088928223 27049
1786137743029 9.444595336914062 27099
1786137746067 9.43420124053955 27149
1786137748612 9.468488693237305 27199
1786137751180 9.416025161743164 27249
1786137753728 9.522261619567871 27299
1786137756294 9.45255184173584 27349
1786137758936 9.461755752563477 27399
1786137761500 9.373604774475098 27449
1786137764041 9.290725708007812 27499
1786137766608 9.288278579711914 27549
1786137769144 9.4149169921875 27599
1786137771751 9.35516357421875 27649
1786137774328 9.323680877685547 27699
1786137776907 9.448296546936035 27749
1786137779521 9.37360954284668 27799
1786137782047 9.381278991699219 27849
1786137784573 9.312156677246094 27899
1786137787190 9.425338745117188 27949
1786137789700 9.402530670166016 27999
1786137792264 9.41235065460205 28049
1786137794860 9.41286563873291 28099
1786137797460 9.459281921386719 28149
1786137799955 9.403158187866211 28199
1786137802539 9.522674560546875 28249
1786137805105 9.416698455810547 28299
1786137807680 9.311569213867188 28349
1786137810240 9.375371932983398 28399
1786137813033 9.415242195129395 28449
1786137815627 9.415643692016602 28499
1786137818278 9.427794456481934 28549
1786137820878 9.457250595092773 28599
1786137823411 9.36301040649414 28649
1786137825996 9.380690574645996 28699
