1786136338641 0.006399980280548334 1595
1786136422641 0.011967777274549007 3191
1786136507178 0.023294296115636826 4787
1786136591635 0.030533745884895325 6383
1786136675353 0.02752063423395157 7979
1786136795988 0.03134636580944061 9575
1786136878170 0.038099490106105804 11171
1786136960485 0.05046907067298889 12767
1786137042799 0.04188371077179909 14363
1786137125649 0.03992244973778725 15959
1786137207976 0.04272890090942383 17555
1786137331245 0.04545827955007553 19151
1786137414142 0.038799989968538284 20747
1786137497373 0.03400758281350136 22343
1786137580153 0.0338880680501461 23939
1786137662158 0.03554784134030342 25535
1786137744666 0.03587977960705757 27131
1786137867278 0.03533128276467323 28727
