1786136259517 0.86328125 49
1786136262230 0.796875 99
1786136264746 0.71875 149
1786136267300 0.62109375 199
1786136269809 0.56640625 249
1786136272670 0.53125 299
1786136275235 0.5 349
1786136277802 0.46484375 399
1786136280367 0.4375 449
1786136282947 0.3984375 499
1786136285451 0.345703125 549
1786136287980 0.29296875 599
1786136290515 0.251953125 649
1786136293144 0.2119140625 699
1786136295646 0.1943359375 749
1786136298185 0.177734375 799
1786136300706 0.162109375 849
1786136303196 0.1328125 899
1786136305758 0.142578125 949
1786136308276 0.1240234375 999
1786136310790 0.08984375 1049
1786136313293 0.0615234375 1099
1786136315912 0.0625 1149
1786136318434 0.015625 1199
1786136321060 0.0234375 1249
1786136323633 0.0146484375 1299
1786136326215 0.0185546875 1349
1786136328747 0.015625 1399
1786136331268 0.005859375 1449
1786136333786 0.0 1499
1786136336329 0.0009765625 1549
1786136339242 0.0 1599
1786136341801 0.0 1649
1786136344540 0.0 1699
1786136347301 0.001953125 1749
1786136349867 0.0087890625 1799
1786136352405 0.005859375 1849
1786136355103 0.0107421875 1899
1786136357746 0.0146484375 1949
1786136360288 0.0126953125 1999
1786136362915 0.037109375 2049
1786136365567 0.0 2099
1786136368154 0.0 2149
1786136370776 0.0107421875 2199
1786136373283 0.015625 2249
1786136375900 0.0361328125 2299
1786136378458 0.013671875 2349
1786136381056 0.0126953125 2399
1786136383654 0.01171875 2449
1786136386469 0.0 2499
1786136389065 0.05859375 2549
1786136391606 0.015625 2599
1786136394176 0.0 2649
1786136396767 0.015625 2699
1786136399383 0.0087890625 2749
1786136402046 0.0 2799
1786136404670 0.0380859375 2849
1786136407313 0.0009765625 2899
1786136409916 0.0048828125 2949
1786136412555 0.013671875 2999
1786136415114 0.0185546875 3049
1786136417820 0.0 3099
1786136420471 0.01171875 3149
1786136423416 0.0 3199
1786136426008 0.0 3249
1786136428675 0.0 3299
1786136431222 0.0048828125 3349
1786136433801 0.0 3399
1786136436470 0.0009765625 3449
1786136439254 0.0 3499
1786136441873 0.0 3549
1786136444496 0.0 3599
1786136447127 0.0 3649
1786136449944 0.0 3699
1786136452536 0.0 3749
1786136455149 0.0 3799
1786136457722 0.0 3849
1786136460473 0.0 3899
1786136463133 0.0 3949
1786136465692 0.0 3999
1786136468305 0.0068359375 4049
1786136470916 0.0 4099
1786136473594 0.0 4149
1786136476304 0.0 4199
1786136478971 0.0 4249
1786136481577 0.01171875 4299
1786136484161 0.0 4349
1786136486765 0.0 4399
1786136489335 0.0 4449
1786136491944 0.0 4499
1786136494476 0.0 4549
1786136497063 0.0 4599
1786136499666 0.0 4649
1786136502310 0.0 4699
1786136505208 0.0 4749
1786136508156 0.0 4799
1786136510681 0.0 4849
1786136513386 0.0 4899
1786136516036 0.0 4949
1786136518626 0.0 4999
1786136521215 0.0126953125 5049
1786136523818 0.0 5099
1786136526471 0.0 5149
1786136529042 0.0 5199
1786136531690 0.0234375 5249
1786136534287 0.0 5299
1786136536877 0.0 5349
1786136539448 0.0 5399
1786136542086 0.0 5449
1786136544732 0.0 5499
1786136547367 0.0 5549
1786136550046 0.0 5599
1786136552704 0.0 5649
1786136555354 0.0 5699
1786136557946 0.0 5749
1786136560570 0.0 5799
1786136563360 0.0 5849
1786136565978 0.0 5899
1786136568564 0.0 5949
1786136571204 0.0 5999
1786136573831 0.0 6049
1786136576549 0.0 6099
1786136579237 0.0 6149
1786136581842 0.0 6199
1786136584514 0.0 6249
1786136587216 0.0 6299
1786136589841 0.0 6349
1786136592889 0.0 6399
1786136595690 0.0 6449
1786136598340 0.0 6499
1786136600925 0.0 6549
1786136603440 0.0 6599
1786136606293 0.0 6649
1786136608864 0.0 6699
1786136611406 0.0 6749
1786136614053 0.0 6799
1786136616600 0.0 6849
1786136619211 0.0 6899
1786136621762 0.0 6949
1786136624265 0.0 6999
1786136626938 0.0 7049
1786136629596 0.0 7099
1786136632287 0.0009765625 7149
1786136634896 0.0 7199
1786136637515 0.0 7249
1786136640183 0.0 7299
1786136642830 0.0 7349
1786136645526 0.0 7399
1786136648088 0.0 7449
1786136650646 0.0 7499
1786136653221 0.0 7549
1786136655753 0.0 7599
1786136658299 0.0 7649
1786136660962 0.0 7699
1786136663584 0.0 7749
1786136666126 0.0 7799
1786136668654 0.0 7849
1786136671220 0.0 7899
1786136673772 0.0 7949
1786136676689 0.0126953125 7999
1786136679215 0.0 8049
1786136681839 0.0126953125 8099
1786136684417 0.0 8149
1786136687018 0.009765625 8199
1786136689578 0.0 8249
1786136692191 0.0 8299
1786136694701 0.0146484375 8349
1786136697307 0.0 8399
1786136699841 0.0 8449
1786136702362 0.0068359375 8499
1786136704942 0.0 8549
1786136707487 0.0 8599
1786136709990 0.0 8649
1786136712527 0.0166015625 8699
1786136715062 0.0 8749
1786136717588 0.0 8799
1786136720154 0.009765625 8849
1786136722755 0.0 8899
1786136725333 0.0 8949
1786136727846 0.0009765625 8999
1786136730505 0.0 9049
1786136733108 0.0 9099
1786136735720 0.0 9149
1786136738271 0.0 9199
1786136740817 0.0 9249
1786136743351 0.0 9299
1786136745933 0.0 9349
1786136748414 0.0 9399
1786136751001 0.0 9449
1786136753545 0.0 9499
1786136756044 0.0 9549
1786136797467 0.0 9599
1786136799977 0.0 9649
1786136802619 0.0 9699
1786136805165 0.0 9749
1786136807756 0.0 9799
1786136810376 0.0 9849
1786136812864 0.0 9899
1786136815398 0.0 9949
1786136817935 0.0 9999
1786136820442 0.0 10049
1786136823005 0.0 10099
1786136825510 0.0 10149
1786136828042 0.0 10199
1786136830597 0.0 10249
1786136833094 0.0 10299
1786136835654 0.0 10349
1786136838191 0.0 10399
1786136840748 0.0 10449
1786136843292 0.0 10499
1786136846035 0.0 10549
1786136848587 0.0087890625 10599
1786136851127 0.0 10649
1786136853683 0.005859375 10699
1786136856326 0.0 10749
1786136858954 0.0 10799
1786136861484 0.0 10849
1786136864034 0.0 10899
1786136866548 0.0 10949
1786136869173 0.0048828125 10999
1786136871767 0.0 11049
1786136874393 0.0 11099
1786136876945 0.0 11149
1786136879881 0.0 11199
1786136882410 0.0048828125 11249
1786136884964 0.0 11299
1786136887559 0.0 11349
1786136890154 0.0 11399
1786136892713 0.0 11449
1786136895296 0.0 11499
1786136897833 0.0 11549
1786136900443 0.00390625 11599
1786136903035 0.0 11649
1786136905598 0.0 11699
1786136908258 0.0 11749
1786136910819 0.0 11799
1786136913366 0.0048828125 11849
1786136915922 0.0 11899
1786136918550 0.0 11949
1786136921131 0.0 11999
1786136923747 0.0 12049
1786136926279 0.0 12099
1786136928906 0.0 12149
1786136931455 0.0 12199
1786136933990 0.0 12249
1786136936521 0.0 12299
1786136938992 0.0 12349
1786136941521 0.0 12399
1786136944107 0.0 12449
1786136946705 0.0 12499
1786136949267 0.0 12549
1786136951872 0.0 12599
1786136954407 0.0 12649
1786136956994 0.0 12699
1786136959560 0.0 12749
1786136962373 0.0 12799
1786136964887 0.0 12849
1786136967487 0.0 12899
1786136970022 0.0 12949
1786136972572 0.0 12999
1786136975117 0.0 13049
1786136977653 0.0 13099
1786136980161 0.0 13149
1786136982754 0.0 13199
1786136985321 0.0 13249
1786136987889 0.0 13299
1786136990742 0.0068359375 13349
1786136993348 0.0 13399
1786136995873 0.0 13449
1786136998395 0.0 13499
1786137000933 0.0 13549
1786137003451 0.0 13599
1786137006074 0.0 13649
1786137008638 0.0 13699
1786137011209 0.0 13749
1786137013758 0.0 13799
1786137016360 0.0 13849
1786137018953 0.0 13899
1786137021455 0.0 13949
1786137024016 0.0 13999
1786137026605 0.0 14049
1786137029151 0.0 14099
1786137031721 0.0 14149
1786137034234 0.0 14199
1786137036862 0.0 14249
1786137039462 0.0 14299
1786137042045 0.0 14349
1786137044864 0.0 14399
1786137047349 0.0 14449
1786137049889 0.0 14499
1786137052436 0.0 14549
1786137055001 0.0 14599
1786137057590 0.0 14649
1786137060127 0.0 14699
1786137062662 0.0 14749
1786137065282 0.0 14799
1786137067854 0.0 14849
1786137070420 0.0 14899
1786137073143 0.0 14949
1786137075729 0.0 14999
1786137078446 0.0 15049
1786137080994 0.0 15099
1786137083630 0.0 15149
1786137086233 0.0 15199
1786137088812 0.0 15249
1786137091340 0.0 15299
1786137093954 0.0 15349
1786137096557 0.0 15399
1786137099132 0.0 15449
1786137101748 0.0 15499
1786137104316 0.0 15549
1786137106869 0.0 15599
1786137109407 0.0 15649
1786137112022 0.0 15699
1786137114574 0.0 15749
1786137117180 0.0 15799
1786137119768 0.0 15849
1786137122325 0.0 15899
1786137124965 0.0 15949
1786137127931 0.0 15999
1786137130507 0.0 16049
1786137133050 0.0 16099
1786137135660 0.0 16149
1786137138217 0.0 16199
1786137140778 0.0 16249
1786137143421 0.0 16299
1786137146047 0.0 16349
1786137148640 0.0 16399
1786137151252 0.0 16449
1786137153850 0.0 16499
1786137156385 0.0 16549
1786137158945 0.0 16599
1786137161511 0.0 16649
1786137164030 0.0 16699
1786137166576 0.0 16749
1786137169136 0.0 16799
1786137171714 0.0 16849
1786137174268 0.0 16899
1786137176824 0.0 16949
1786137179314 0.0 16999
1786137181835 0.0 17049
1786137184388 0.0 17099
1786137186933 0.0 17149
1786137189513 0.0 17199
1786137192100 0.0 17249
1786137194676 0.0 17299
1786137197175 0.0 17349
1786137199765 0.0 17399
1786137202390 0.0 17449
1786137205012 0.0 17499
1786137207613 0.0 17549
1786137210459 0.0 17599
1786137213028 0.0 17649
1786137215583 0.0 17699
1786137218136 0.0 17749
1786137220702 0.0 17799
1786137223286 0.0 17849
1786137225925 0.0 17899
1786137228606 0.0 17949
1786137231231 0.0 17999
1786137233863 0.0 18049
1786137236498 0.0 18099
1786137239067 0.0 18149
1786137241678 0.001953125 18199
1786137244347 0.0 18249
1786137246949 0.0 18299
1786137249515 0.0 18349
1786137252108 0.0 18399
1786137254733 0.0 18449
1786137257326 0.0 18499
1786137259907 0.0 18549
1786137262515 0.0 18599
1786137265066 0.0 18649
1786137267639 0.0 18699
1786137270275 0.0009765625 18749
1786137272944 0.0 18799
1786137275537 0.0 18849
1786137278107 0.0 18899
1786137280759 0.0 18949
1786137283324 0.0 18999
1786137285946 0.0 19049
1786137288578 0.0 19099
1786137291133 0.0 19149
1786137333930 0.0 19199
1786137336588 0.0 19249
1786137339190 0.0 19299
1786137341760 0.0 19349
1786137344350 0.0 19399
1786137347046 0.0 19449
1786137349608 0.0 19499
1786137352216 0.0 19549
1786137354818 0.0 19599
1786137357379 0.0 19649
1786137360006 0.0 19699
1786137362620 0.0 19749
1786137365269 0.0 19799
1786137367940 0.0 19849
1786137370504 0.0 19899
1786137373072 0.0 19949
1786137375601 0.0 19999
1786137378193 0.0 20049
1786137380773 0.0 20099
1786137383359 0.0 20149
1786137385874 0.0 20199
1786137388589 0.0 20249
1786137391159 0.0 20299
1786137393692 0.0 20349
1786137396289 0.0 20399
1786137398877 0.0 20449
1786137401414 0.0 20499
1786137403967 0.0 20549
1786137406532 0.0 20599
1786137409109 0.0 20649
1786137411678 0.0 20699
1786137414675 0.0 20749
1786137417227 0.0 20799
1786137419849 0.0 20849
1786137422484 0.0 20899
1786137425100 0.0 20949
1786137427678 0.0 20999
1786137430196 0.0 21049
1786137432756 0.0 21099
1786137435318 0.0 21149
1786137437884 0.0 21199
1786137440487 0.0 21249
1786137443076 0.0 21299
1786137445680 0.0 21349
1786137448277 0.0 21399
1786137450946 0.0 21449
1786137453553 0.0 21499
1786137456208 0.0 21549
1786137458904 0.0 21599
1786137461495 0.0 21649
1786137464060 0.0 21699
1786137466618 0.0 21749
1786137469163 0.0 21799
1786137471696 0.0 21849
1786137474311 0.0 21899
1786137476826 0.0 21949
1786137479459 0.0 21999
1786137482022 0.0 22049
1786137484711 0.0029296875 22099
1786137487315 0.0 22149
1786137489904 0.0 22199
1786137492493 0.0 22249
1786137495141 0.0 22299
1786137498045 0.0 22349
1786137500606 0.0 22399
1786137503197 0.0 22449
1786137505732 0.0 22499
1786137508282 0.0 22549
1786137510790 0.0 22599
1786137513342 0.0 22649
1786137515887 0.0 22699
1786137518436 0.0 22749
1786137520970 0.0 22799
1786137523524 0.0 22849
1786137526117 0.0 22899
1786137528739 0.0 22949
1786137531374 0.0 22999
1786137533974 0.0 23049
1786137536491 0.0 23099
1786137539088 0.0 23149
1786137541667 0.0 23199
1786137544223 0.0 23249
1786137546777 0.0 23299
1786137549436 0.0 23349
1786137552000 0.0 23399
1786137554601 0.0 23449
1786137557199 0.0 23499
1786137559744 0.0 23549
1786137562318 0.0 23599
1786137564945 0.0 23649
1786137567566 0.0 23699
1786137570206 0.0 23749
1786137572850 0.0 23799
1786137575425 0.0 23849
1786137578013 0.0 23899
1786137581078 0.0 23949
1786137583700 0.0 23999
1786137586243 0.0 24049
1786137588884 0.0 24099
1786137591464 0.0 24149
1786137594015 0.0 24199
1786137596531 0.0 24249
1786137599068 0.0 24299
1786137601632 0.0 24349
1786137604314 0.0 24399
1786137606840 0.0 24449
1786137609386 0.0 24499
1786137611865 0.0 24549
1786137614351 0.0 24599
1786137616870 0.0 24649
1786137619347 0.0 24699
1786137621891 0.0 24749
1786137624441 0.0 24799
1786137627008 0.0 24849
1786137629532 0.0 24899
1786137632091 0.0 24949
1786137634720 0.0 24999
1786137637237 0.0 25049
1786137639827 0.0 25099
1786137642442 0.0 25149
1786137644910 0.0 25199
1786137647489 0.0 25249
1786137650025 0.0 25299
1786137652610 0.0 25349
1786137655270 0.0 25399
1786137657811 0.0 25449
1786137660285 0.0 25499
1786137663163 0.0 25549
1786137665649 0.0 25599
1786137668263 0.0 25649
1786137670870 0.0 25699
1786137673482 0.0 25749
1786137676046 0.0 25799
1786137678744 0.0 25849
1786137681353 0.0 25899
1786137683938 0.0 25949
1786137686555 0.0 25999
1786137689129 0.0 26049
1786137691655 0.0 26099
1786137694152 0.0 26149
1786137696826 0.0 26199
1786137699355 0.0 26249
1786137701874 0.0 26299
1786137704437 0.0 26349
1786137707034 0.0 26399
1786137709544 0.0 26449
1786137712088 0.0 26499
1786137714628 0.0 26549
1786137717161 0.0 26599
1786137719810 0.0 26649
1786137722387 0.0 26699
1786137724989 0.0 26749
1786137727580 0.0 26799
1786137730166 0.0 26849
1786137732693 0.0 26899
1786137735255 0.0 26949
1786137737870 0.0 26999
1786137740498 0.0 27049
1786137743029 0.0 27099
1786137746067 0.0 27149
1786137748612 0.0 27199
1786137751180 0.0 27249
1786137753728 0.0 27299
1786137756294 0.0 27349
1786137758936 0.0 27399
1786137761500 0.0 27449
1786137764041 0.0 27499
1786137766608 0.0 27549
1786137769144 0.0 27599
1786137771751 0.0 27649
1786137774328 0.0 27699
1786137776907 0.0 27749
1786137779521 0.0 27799
1786137782047 0.0 27849
1786137784573 0.0 27899
1786137787190 0.0 27949
1786137789700 0.0 27999
1786137792264 0.0 28049
1786137794860 0.0 28099
1786137797460 0.0 28149
1786137799955 0.0 28199
1786137802539 0.0 28249
1786137805105 0.0 28299
1786137807680 0.0 28349
1786137810240 0.0 28399
1786137813033 0.0 28449
1786137815627 0.0 28499
1786137818278 0.0 28549
1786137820878 0.0 28599
1786137823411 0.0 28649
1786137825996 0.0 28699
