1786136338641 0.27114540338516235 1595
1786136422641 0.008978745900094509 3191
1786136507178 0.00215688138268888 4787
1786136591635 0.0007428238750435412 6383
1786136675353 0.0005506931338459253 7979
1786136795988 0.0023551310878247023 9575
1786136878170 0.0005947485915385187 11171
1786136960485 0.00046747727901674807 12767
1786137042799 0.000337758450768888 14363
1786137125649 0.00011075050861109048 15959
1786137207976 2.325148852833081e-05 17555
1786137331245 5.0174265197711065e-05 19151
1786137414142 5.38455497007817e-05 20747
1786137497373 3.977228334406391e-05 22343
1786137580153 2.937030149041675e-05 23939
1786137662158 4.0996044845087454e-05 25535
1786137744666 2.2639605958829634e-05 27131
1786137867278 1.40732690852019e-05 28727
