1786136259517 0.0002455395879223943 49
1786136262230 0.0006330222240649164 99
1786136264746 0.0032987184822559357 149
1786136267300 0.005991354584693909 199
1786136269809 0.0047162482514977455 249
1786136272670 0.005634967237710953 299
1786136275235 0.0055878646671772 349
1786136277802 0.0075387898832559586 399
1786136280367 0.006248649209737778 449
1786136282947 0.006533424369990826 499
1786136285451 0.0036579594016075134 549
1786136287980 0.004386484622955322 599
1786136290515 0.0050376299768686295 649
1786136293144 0.002895042300224304 699
1786136295646 0.00573045015335083 749
1786136298185 0.001864338293671608 799
1786136300706 0.007848747074604034 849
1786136303196 0.002555029932409525 899
1786136305758 0.011991612613201141 949
1786136308276 0.008631751872599125 999
1786136310790 0.010333269834518433 1049
1786136313293 0.011252619326114655 1099
1786136315912 0.010893474332988262 1149
1786136318434 0.010046549141407013 1199
1786136321060 0.008064152672886848 1249
1786136323633 0.014084488153457642 1299
1786136326215 0.005073303356766701 1349
1786136328747 0.007555767893791199 1399
1786136331268 0.005307786166667938 1449
1786136333786 0.01758435368537903 1499
1786136336329 0.019316107034683228 1549
1786136339242 0.004142004996538162 1599
1786136341801 0.005592924077063799 1649
1786136344540 0.004183939658105373 1699
1786136347301 0.011910021305084229 1749
1786136349867 0.004977518692612648 1799
1786136352405 0.0027456413954496384 1849
1786136355103 0.0043232981115579605 1899
1786136357746 0.007833840325474739 1949
1786136360288 0.009739197790622711 1999
1786136362915 0.00496537983417511 2049
1786136365567 0.009267957881093025 2099
1786136368154 0.003476888407021761 2149
1786136370776 0.016235793009400368 2199
1786136373283 0.004352685529738665 2249
1786136375900 0.0026663136668503284 2299
1786136378458 0.016774315387010574 2349
1786136381056 0.003917379770427942 2399
1786136383654 0.026306994259357452 2449
1786136386469 0.0119466632604599 2499
1786136389065 0.01418302208185196 2549
1786136391606 0.011899217963218689 2599
1786136394176 0.009534773416817188 2649
1786136396767 0.03464718535542488 2699
1786136399383 0.01759517379105091 2749
1786136402046 0.015838347375392914 2799
1786136404670 0.00767112523317337 2849
1786136407313 0.027041025459766388 2899
1786136409916 0.009287001565098763 2949
1786136412555 0.011904628947377205 2999
1786136415114 0.0054133255034685135 3049
1786136417820 0.024477165192365646 3099
1786136420471 0.009375154972076416 3149
1786136423416 0.01284060813486576 3199
1786136426008 0.02988719940185547 3249
1786136428675 0.025311291217803955 3299
1786136431222 0.02326798625290394 3349
1786136433801 0.02444293349981308 3399
1786136436470 0.015406543388962746 3449
1786136439254 0.020050402730703354 3499
1786136441873 0.004012150689959526 3549
1786136444496 0.009689904749393463 3599
1786136447127 0.01921389251947403 3649
1786136449944 0.03057923913002014 3699
1786136452536 0.024043843150138855 3749
1786136455149 0.041136980056762695 3799
1786136457722 0.023113109171390533 3849
1786136460473 0.012703446671366692 3899
1786136463133 0.010736510157585144 3949
1786136465692 0.0824582651257515 3999
1786136468305 0.02759876847267151 4049
1786136470916 0.018954480066895485 4099
1786136473594 0.0060547757893800735 4149
1786136476304 0.10153968632221222 4199
1786136478971 0.0781099796295166 4249
1786136481577 0.05837882310152054 4299
1786136484161 0.027601726353168488 4349
1786136486765 0.009743483737111092 4399
1786136489335 0.05112913250923157 4449
1786136491944 0.032897718250751495 4499
1786136494476 0.014271215535700321 4549
1786136497063 0.032118260860443115 4599
1786136499666 0.04404523968696594 4649
1786136502310 0.031396910548210144 4699
1786136505208 0.02907252311706543 4749
1786136508156 0.03925876319408417 4799
1786136510681 0.19310453534126282 4849
1786136513386 0.03327706456184387 4899
1786136516036 0.021395951509475708 4949
1786136518626 0.0055271596647799015 4999
1786136521215 0.01830999180674553 5049
1786136523818 0.036896467208862305 5099
1786136526471 0.029302552342414856 5149
1786136529042 0.028686344623565674 5199
1786136531690 0.0126634631305933 5249
1786136534287 0.005417294800281525 5299
1786136536877 0.045967698097229004 5349
1786136539448 0.007875144481658936 5399
1786136542086 0.011439360678195953 5449
1786136544732 0.016507836058735847 5499
1786136547367 0.013283312320709229 5549
1786136550046 0.03304851055145264 5599
1786136552704 0.06405781954526901 5649
1786136555354 0.042789846658706665 5699
1786136557946 0.00964401662349701 5749
1786136560570 0.15316784381866455 5799
1786136563360 0.016919128596782684 5849
1786136565978 0.021643074229359627 5899
1786136568564 0.010413037613034248 5949
1786136571204 0.02071404457092285 5999
1786136573831 0.036503151059150696 6049
1786136576549 0.028477340936660767 6099
1786136579237 0.01193268597126007 6149
1786136581842 0.011594325304031372 6199
1786136584514 0.028132915496826172 6249
1786136587216 0.022008806467056274 6299
1786136589841 0.05931643396615982 6349
1786136592889 0.014460291713476181 6399
1786136595690 0.023353174328804016 6449
1786136598340 0.004472870845347643 6499
1786136600925 0.01105310209095478 6549
1786136603440 0.011759576387703419 6599
1786136606293 0.027557916939258575 6649
1786136608864 0.012349039316177368 6699
1786136611406 0.0343363955616951 6749
1786136614053 0.008075045421719551 6799
1786136616600 0.007053675130009651 6849
1786136619211 0.008308568969368935 6899
1786136621762 0.031241893768310547 6949
1786136624265 0.08377469331026077 6999
1786136626938 0.038139261305332184 7049
1786136629596 0.00686229020357132 7099
1786136632287 0.013370193541049957 7149
1786136634896 0.017086060717701912 7199
1786136637515 0.016382690519094467 7249
1786136640183 0.00899595022201538 7299
1786136642830 0.014637991786003113 7349
1786136645526 0.03591899573802948 7399
1786136648088 0.03432043269276619 7449
1786136650646 0.014300860464572906 7499
1786136653221 0.0229575727134943 7549
1786136655753 0.01610323041677475 7599
1786136658299 0.005905967205762863 7649
1786136660962 0.014186783693730831 7699
1786136663584 0.040068864822387695 7749
1786136666126 0.007261133752763271 7799
1786136668654 0.020828522741794586 7849
1786136671220 0.02781965583562851 7899
1786136673772 0.014366567134857178 7949
1786136676689 0.035713762044906616 7999
1786136679215 0.04675636067986488 8049
1786136681839 0.013404756784439087 8099
1786136684417 0.058950699865818024 8149
1786136687018 0.0063250064849853516 8199
1786136689578 0.014851810410618782 8249
1786136692191 0.044260770082473755 8299
1786136694701 0.013215214014053345 8349
1786136697307 0.024373680353164673 8399
1786136699841 0.005080081522464752 8449
1786136702362 0.006665135268121958 8499
1786136704942 0.00549597293138504 8549
1786136707487 0.05007117986679077 8599
1786136709990 0.014564424753189087 8649
1786136712527 0.006268516182899475 8699
1786136715062 0.02650577574968338 8749
1786136717588 0.0045827701687812805 8799
1786136720154 0.012771623209118843 8849
1786136722755 0.02691207081079483 8899
1786136725333 0.03001204878091812 8949
1786136727846 0.019824832677841187 8999
1786136730505 0.007885999977588654 9049
1786136733108 0.02817559242248535 9099
1786136735720 0.03972803056240082 9149
1786136738271 0.12730149924755096 9199
1786136740817 0.07466399669647217 9249
1786136743351 0.05878470838069916 9299
1786136745933 0.12515941262245178 9349
1786136748414 0.09696073830127716 9399
1786136751001 0.045753635466098785 9449
1786136753545 0.018873393535614014 9499
1786136756044 0.07267248630523682 9549
1786136797467 0.023118235170841217 9599
1786136799977 0.09403815865516663 9649
1786136802619 0.08421743661165237 9699
1786136805165 0.03800361603498459 9749
1786136807756 0.03730369359254837 9799
1786136810376 0.034616488963365555 9849
1786136812864 0.09711360931396484 9899
1786136815398 0.031286485493183136 9949
1786136817935 0.023606538772583008 9999
1786136820442 0.024537116289138794 10049
1786136823005 0.040598370134830475 10099
1786136825510 0.02670663595199585 10149
1786136828042 0.03495115041732788 10199
1786136830597 0.22287845611572266 10249
1786136833094 0.03232964128255844 10299
1786136835654 0.008509494364261627 10349
1786136838191 0.010446012020111084 10399
1786136840748 0.018592894077301025 10449
1786136843292 0.020548015832901 10499
1786136846035 0.010083325207233429 10549
1786136848587 0.006091564893722534 10599
1786136851127 0.09963095188140869 10649
1786136853683 0.04800812155008316 10699
1786136856326 0.07259881496429443 10749
1786136858954 0.005002724006772041 10799
1786136861484 0.03060898929834366 10849
1786136864034 0.03800654411315918 10899
1786136866548 0.03118923306465149 10949
1786136869173 0.028363540768623352 10999
1786136871767 0.07567992806434631 11049
1786136874393 0.08116991072893143 11099
1786136876945 0.0529317632317543 11149
1786136879881 0.05622485280036926 11199
1786136882410 0.03502805531024933 11249
1786136884964 0.10089802742004395 11299
1786136887559 0.027172662317752838 11349
1786136890154 0.07806932926177979 11399
1786136892713 0.053348660469055176 11449
1786136895296 0.017814762890338898 11499
1786136897833 0.032413363456726074 11549
1786136900443 0.06126844882965088 11599
1786136903035 0.0207845289260149 11649
1786136905598 0.02723156288266182 11699
1786136908258 0.011537343263626099 11749
1786136910819 0.019990503787994385 11799
1786136913366 0.05332190543413162 11849
1786136915922 0.01554814726114273 11899
1786136918550 0.21356487274169922 11949
1786136921131 0.045540329068899155 11999
1786136923747 0.03533339500427246 12049
1786136926279 0.014590710401535034 12099
1786136928906 0.08890271186828613 12149
1786136931455 0.06110870838165283 12199
1786136933990 0.05718133598566055 12249
1786136936521 0.042681097984313965 12299
1786136938992 0.013273077085614204 12349
1786136941521 0.020834894850850105 12399
1786136944107 0.088233083486557 12449
1786136946705 0.019288886338472366 12499
1786136949267 0.07854904234409332 12549
1786136951872 0.03714294731616974 12599
1786136954407 0.05828776955604553 12649
1786136956994 0.08233955502510071 12699
1786136959560 0.028927922248840332 12749
1786136962373 0.0372999906539917 12799
1786136964887 0.021466165781021118 12849
1786136967487 0.01177370548248291 12899
1786136970022 0.031622305512428284 12949
1786136972572 0.05971729755401611 12999
1786136975117 0.05842802673578262 13049
1786136977653 0.0285409577190876 13099
1786136980161 0.04405976086854935 13149
1786136982754 0.04927569627761841 13199
1786136985321 0.01516379602253437 13249
1786136987889 0.071575827896595 13299
1786136990742 0.028419286012649536 13349
1786136993348 0.03654880076646805 13399
1786136995873 0.05199827253818512 13449
1786136998395 0.029627203941345215 13499
1786137000933 0.009133333340287209 13549
1786137003451 0.16407549381256104 13599
1786137006074 0.024809278547763824 13649
1786137008638 0.033483609557151794 13699
1786137011209 0.009779214859008789 13749
1786137013758 0.08162796497344971 13799
1786137016360 0.09794247150421143 13849
1786137018953 0.048196226358413696 13899
1786137021455 0.02948969602584839 13949
1786137024016 0.013745542615652084 13999
1786137026605 0.04260018467903137 14049
1786137029151 0.013257952407002449 14099
1786137031721 0.04956123232841492 14149
1786137034234 0.0990300178527832 14199
1786137036862 0.06308719515800476 14249
1786137039462 0.042305588722229004 14299
1786137042045 0.02152748592197895 14349
1786137044864 0.045617371797561646 14399
1786137047349 0.07906252145767212 14449
1786137049889 0.021223247051239014 14499
1786137052436 0.003601732198148966 14549
1786137055001 0.04149646311998367 14599
1786137057590 0.02894344925880432 14649
1786137060127 0.16523981094360352 14699
1786137062662 0.06716787815093994 14749
1786137065282 0.029585853219032288 14799
1786137067854 0.037122637033462524 14849
1786137070420 0.05748771131038666 14899
1786137073143 0.008652985095977783 14949
1786137075729 0.09880629181861877 14999
1786137078446 0.038582272827625275 15049
1786137080994 0.012729555368423462 15099
1786137083630 0.050506092607975006 15149
1786137086233 0.007254291791468859 15199
1786137088812 0.047671765089035034 15249
1786137091340 0.029181063175201416 15299
1786137093954 0.047046735882759094 15349
1786137096557 0.050887346267700195 15399
1786137099132 0.07866895198822021 15449
1786137101748 0.014252573251724243 15499
1786137104316 0.01973605901002884 15549
1786137106869 0.01924040913581848 15599
1786137109407 0.021827101707458496 15649
1786137112022 0.07767108082771301 15699
1786137114574 0.016332285478711128 15749
1786137117180 0.036254413425922394 15799
1786137119768 0.010153722018003464 15849
1786137122325 0.06438861787319183 15899
1786137124965 0.06423629075288773 15949
1786137127931 0.04733157157897949 15999
1786137130507 0.057501137256622314 16049
1786137133050 0.00720774382352829 16099
1786137135660 0.14777901768684387 16149
1786137138217 0.029448427259922028 16199
1786137140778 0.04535464197397232 16249
1786137143421 0.048682332038879395 16299
1786137146047 0.029387086629867554 16349
1786137148640 0.1508493423461914 16399
1786137151252 0.022374721243977547 16449
1786137153850 0.030214369297027588 16499
1786137156385 0.04001021385192871 16549
1786137158945 0.03196781873703003 16599
1786137161511 0.05068612098693848 16649
1786137164030 0.005731597542762756 16699
1786137166576 0.01759830117225647 16749
1786137169136 0.033432841300964355 16799
1786137171714 0.07382899522781372 16849
1786137174268 0.06540320813655853 16899
1786137176824 0.025179512798786163 16949
1786137179314 0.07870426774024963 16999
1786137181835 0.08907255530357361 17049
1786137184388 0.03733282908797264 17099
1786137186933 0.010129755362868309 17149
1786137189513 0.023934166878461838 17199
1786137192100 0.044278182089328766 17249
1786137194676 0.013375099748373032 17299
1786137197175 0.06689608097076416 17349
1786137199765 0.011604934930801392 17399
1786137202390 0.04338490962982178 17449
1786137205012 0.009498285129666328 17499
1786137207613 0.011219657957553864 17549
1786137210459 0.012555181980133057 17599
1786137213028 0.021914392709732056 17649
1786137215583 0.02316129207611084 17699
1786137218136 0.022965699434280396 17749
1786137220702 0.05636591464281082 17799
1786137223286 0.027908727526664734 17849
1786137225925 0.01705777645111084 17899
1786137228606 0.029717089608311653 17949
1786137231231 0.015438135713338852 17999
1786137233863 0.05265290290117264 18049
1786137236498 0.014161879196763039 18099
1786137239067 0.08864498138427734 18149
1786137241678 0.059729963541030884 18199
1786137244347 0.07357585430145264 18249
1786137246949 0.021216988563537598 18299
1786137249515 0.019562579691410065 18349
1786137252108 0.03063860535621643 18399
1786137254733 0.13869479298591614 18449
1786137257326 0.03727555274963379 18499
1786137259907 0.03419019281864166 18549
1786137262515 0.016629047691822052 18599
1786137265066 0.0455264151096344 18649
1786137267639 0.06086745858192444 18699
1786137270275 0.023472698405385017 18749
1786137272944 0.025499694049358368 18799
1786137275537 0.03015729784965515 18849
1786137278107 0.0357825830578804 18899
1786137280759 0.007591720670461655 18949
1786137283324 0.049760594964027405 18999
1786137285946 0.02374415285885334 19049
1786137288578 0.043777503073215485 19099
1786137291133 0.02758517861366272 19149
1786137333930 0.025555402040481567 19199
1786137336588 0.028021961450576782 19249
1786137339190 0.049609214067459106 19299
1786137341760 0.037006258964538574 19349
1786137344350 0.09061494469642639 19399
1786137347046 0.07372748851776123 19449
1786137349608 0.02324867993593216 19499
1786137352216 0.041361719369888306 19549
1786137354818 0.03249850869178772 19599
1786137357379 0.02188897132873535 19649
1786137360006 0.036156490445137024 19699
1786137362620 0.013479286804795265 19749
1786137365269 0.04391635209321976 19799
1786137367940 0.018772976472973824 19849
1786137370504 0.010287825018167496 19899
1786137373072 0.03469257056713104 19949
1786137375601 0.0197836235165596 19999
1786137378193 0.046030193567276 20049
1786137380773 0.02605462819337845 20099
1786137383359 0.03998912125825882 20149
1786137385874 0.056852057576179504 20199
1786137388589 0.017478138208389282 20249
1786137391159 0.023721493780612946 20299
1786137393692 0.016595857217907906 20349
1786137396289 0.0802079439163208 20399
1786137398877 0.031947918236255646 20449
1786137401414 0.02545953541994095 20499
1786137403967 0.01447402872145176 20549
1786137406532 0.016097277402877808 20599
1786137409109 0.03243035823106766 20649
1786137411678 0.041048675775527954 20699
1786137414675 0.05485892295837402 20749
1786137417227 0.04036585986614227 20799
1786137419849 0.04766547679901123 20849
1786137422484 0.040673404932022095 20899
1786137425100 0.02973783016204834 20949
1786137427678 0.022491127252578735 20999
1786137430196 0.04096028208732605 21049
1786137432756 0.0355842188000679 21099
1786137435318 0.026096375659108162 21149
1786137437884 0.09819281101226807 21199
1786137440487 0.03544856607913971 21249
1786137443076 0.031217224895954132 21299
1786137445680 0.0343838706612587 21349
1786137448277 0.035952724516391754 21399
1786137450946 0.012614833191037178 21449
1786137453553 0.07916444540023804 21499
1786137456208 0.023638226091861725 21549
1786137458904 0.019814521074295044 21599
1786137461495 0.024291902780532837 21649
1786137464060 0.05155935883522034 21699
1786137466618 0.013955660164356232 21749
1786137469163 0.025088265538215637 21799
1786137471696 0.00463137635961175 21849
1786137474311 0.023460932075977325 21899
1786137476826 0.05949212610721588 21949
1786137479459 0.020925376564264297 21999
1786137482022 0.08382192254066467 22049
1786137484711 0.02651911973953247 22099
1786137487315 0.030684232711791992 22149
1786137489904 0.04263651371002197 22199
1786137492493 0.059232428669929504 22249
1786137495141 0.027521364390850067 22299
1786137498045 0.03335636854171753 22349
1786137500606 0.0173480361700058 22399
1786137503197 0.10160398483276367 22449
1786137505732 0.024781689047813416 22499
1786137508282 0.04302695393562317 22549
1786137510790 0.0404973104596138 22599
1786137513342 0.05072016268968582 22649
1786137515887 0.04333329200744629 22699
1786137518436 0.03344906121492386 22749
1786137520970 0.020280558615922928 22799
1786137523524 0.04138687252998352 22849
1786137526117 0.07198038697242737 22899
1786137528739 0.020171407610177994 22949
1786137531374 0.04802094027400017 22999
1786137533974 0.01812254823744297 23049
1786137536491 0.009511522948741913 23099
1786137539088 0.024385400116443634 23149
1786137541667 0.055824100971221924 23199
1786137544223 0.06276944279670715 23249
1786137546777 0.018362052738666534 23299
1786137549436 0.0931483656167984 23349
1786137552000 0.008020980283617973 23399
1786137554601 0.02224266529083252 23449
1786137557199 0.010246969759464264 23499
1786137559744 0.016453571617603302 23549
1786137562318 0.08075916767120361 23599
1786137564945 0.028349295258522034 23649
1786137567566 0.02429671585559845 23699
1786137570206 0.03388289362192154 23749
1786137572850 0.023179933428764343 23799
1786137575425 0.01174405962228775 23849
1786137578013 0.025657087564468384 23899
1786137581078 0.05539393424987793 23949
1786137583700 0.04980505257844925 23999
1786137586243 0.07438226044178009 24049
1786137588884 0.029646873474121094 24099
1786137591464 0.01900637149810791 24149
1786137594015 0.03575187921524048 24199
1786137596531 0.03924955427646637 24249
1786137599068 0.05025506019592285 24299
1786137601632 0.023146867752075195 24349
1786137604314 0.10418859124183655 24399
1786137606840 0.09573042392730713 24449
1786137609386 0.022199101746082306 24499
1786137611865 0.007988065481185913 24549
1786137614351 0.054480910301208496 24599
1786137616870 0.0573529377579689 24649
1786137619347 0.029332995414733887 24699
1786137621891 0.0246531143784523 24749
1786137624441 0.01950092986226082 24799
1786137627008 0.02365371771156788 24849
1786137629532 0.01677163690328598 24899
1786137632091 0.06693923473358154 24949
1786137634720 0.12919354438781738 24999
1786137637237 0.03690841794013977 25049
1786137639827 0.0442550852894783 25099
1786137642442 0.011137841269373894 25149
1786137644910 0.0547710657119751 25199
1786137647489 0.024647384881973267 25249
1786137650025 0.04401892423629761 25299
1786137652610 0.11738407611846924 25349
1786137655270 0.0529136061668396 25399
1786137657811 0.013033546507358551 25449
1786137660285 0.10610401630401611 25499
1786137663163 0.031579792499542236 25549
1786137665649 0.021798251196742058 25599
1786137668263 0.03055470809340477 25649
1786137670870 0.032074153423309326 25699
1786137673482 0.04499012231826782 25749
1786137676046 0.029383599758148193 25799
1786137678744 0.0340653657913208 25849
1786137681353 0.02060440182685852 25899
1786137683938 0.07184337079524994 25949
1786137686555 0.0277201309800148 25999
1786137689129 0.035557396709918976 26049
1786137691655 0.016310783103108406 26099
1786137694152 0.03543213754892349 26149
1786137696826 0.0524446964263916 26199
1786137699355 0.0044909194111824036 26249
1786137701874 0.04052408039569855 26299
1786137704437 0.03465647250413895 26349
1786137707034 0.04616793990135193 26399
1786137709544 0.05773536115884781 26449
1786137712088 0.016350537538528442 26499
1786137714628 0.05811941623687744 26549
1786137717161 0.042573489248752594 26599
1786137719810 0.0838557779788971 26649
1786137722387 0.016514094546437263 26699
1786137724989 0.02911398373544216 26749
1786137727580 0.060739822685718536 26799
1786137730166 0.025761164724826813 26849
1786137732693 0.0378837063908577 26899
1786137735255 0.026140965521335602 26949
1786137737870 0.018081732094287872 26999
1786137740498 0.041233859956264496 27049
1786137743029 0.045566946268081665 27099
1786137746067 0.02988496422767639 27149
1786137748612 0.04254734516143799 27199
1786137751180 0.02528534084558487 27249
1786137753728 0.030885040760040283 27299
1786137756294 0.0658433809876442 27349
1786137758936 0.02039361000061035 27399
1786137761500 0.020538724958896637 27449
1786137764041 0.026740849018096924 27499
1786137766608 0.04762878641486168 27549
1786137769144 0.010180536657571793 27599
1786137771751 0.0945054441690445 27649
1786137774328 0.024526335299015045 27699
1786137776907 0.06480247527360916 27749
1786137779521 0.0983157530426979 27799
1786137782047 0.03252555429935455 27849
1786137784573 0.10391092300415039 27899
1786137787190 0.0774359330534935 27949
1786137789700 0.009582161903381348 27999
1786137792264 0.0355718769133091 28049
1786137794860 0.03194946050643921 28099
1786137797460 0.022419212386012077 28149
1786137799955 0.030516624450683594 28199
1786137802539 0.03392508625984192 28249
1786137805105 0.04023406654596329 28299
1786137807680 0.037236329168081284 28349
1786137810240 0.022215992212295532 28399
1786137813033 0.071060910820961 28449
1786137815627 0.021967679262161255 28499
1786137818278 0.05256394296884537 28549
1786137820878 0.019541360437870026 28599
1786137823411 0.0327470600605011 28649
1786137825996 0.013765919022262096 28699
