1786278573160 2.3285248279571533 1595
1786278691923 5.739276885986328 3191
1786278809139 8.3702392578125 4787
1786278926939 10.4608736038208 6383
1786279044095 10.142768859863281 7979
1786279218546 9.85835075378418 9575
1786279337615 9.96866512298584 11171
1786279454956 9.520793914794922 12767
1786279571394 9.380579948425293 14363
1786279683422 9.415891647338867 15959
1786279797837 9.595534324645996 17555
1786279970138 9.597795486450195 19151
1786280082128 9.428234100341797 20747
1786280193146 9.187963485717773 22343
1786280303823 9.10357666015625 23939
1786280417165 8.9558744430542 25535
1786280526800 8.948291778564453 27131
1786280696236 8.961390495300293 28727
