1786278451180 1.5771721601486206 49
1786278455258 1.3604851961135864 99
1786278459710 1.3306856155395508 149
1786278463848 1.4263852834701538 199
1786278467879 1.4557578563690186 249
1786278471783 1.4625577926635742 299
1786278475894 1.4747827053070068 349
1786278479889 1.4351439476013184 399
1786278483925 1.4637891054153442 449
1786278487828 1.5188441276550293 499
1786278491800 1.6236233711242676 549
1786278495687 1.623750925064087 599
1786278499562 1.7561670541763306 649
1786278503522 1.7458560466766357 699
1786278507429 1.7609376907348633 749
1786278511343 1.8805410861968994 799
1786278515277 2.1355159282684326 849
1786278519162 2.1319141387939453 899
1786278523057 2.2688145637512207 949
1786278526937 2.361649751663208 999
1786278530810 2.4097161293029785 1049
1786278534713 2.64862322807312 1099
1786278538594 2.973808526992798 1149
1786278542471 3.0780739784240723 1199
1786278546350 3.3549017906188965 1249
1786278550255 3.6986281871795654 1299
1786278554034 3.5076069831848145 1349
1786278557846 3.731745481491089 1399
1786278561693 3.6496338844299316 1449
1786278565693 3.6759984493255615 1499
1786278569584 3.423102855682373 1549
1786278573827 3.4509329795837402 1599
1786278577435 5.076699733734131 1649
1786278581029 4.222718238830566 1699
1786278584676 4.06729793548584 1749
1786278588345 5.41973352432251 1799
1786278591938 5.132050037384033 1849
1786278595564 5.020744800567627 1899
1786278599194 5.766031742095947 1949
1786278602871 4.868158340454102 1999
1786278606611 4.406070232391357 2049
1786278610204 5.110687255859375 2099
1786278613897 5.066368103027344 2149
1786278617662 5.822821140289307 2199
1786278621368 5.936157703399658 2249
1786278625088 5.549002170562744 2299
1786278628743 6.376884460449219 2349
1786278632447 6.007007598876953 2399
1786278636124 6.654868125915527 2449
1786278639934 6.909679412841797 2499
1786278643674 6.244810104370117 2549
1786278647486 5.712601661682129 2599
1786278651126 7.384544849395752 2649
1786278654880 4.948976039886475 2699
1786278658592 6.92353630065918 2749
1786278662322 5.818390369415283 2799
1786278666061 5.743723392486572 2849
1786278669864 7.314244747161865 2899
1786278673729 7.223884105682373 2949
1786278677601 7.045476913452148 2999
1786278681421 6.870274066925049 3049
1786278685236 7.021022319793701 3099
1786278688862 6.643678665161133 3149
1786278692921 8.191436767578125 3199
1786278696650 7.1897172927856445 3249
1786278700352 6.206064701080322 3299
1786278703937 7.8255815505981445 3349
1786278707663 7.630947589874268 3399
1786278711416 7.546215057373047 3449
1786278715120 7.880913257598877 3499
1786278718782 7.670198440551758 3549
1786278722520 7.344571113586426 3599
1786278726284 6.350089073181152 3649
1786278729911 7.657909393310547 3699
1786278733638 9.400331497192383 3749
1786278737414 7.1443023681640625 3799
1786278741170 8.044393539428711 3849
1786278744812 8.243841171264648 3899
1786278748398 8.654817581176758 3949
1786278751999 6.373014450073242 3999
1786278755663 10.411873817443848 4049
1786278759352 6.304072856903076 4099
1786278762909 8.041424751281738 4149
1786278766421 7.8562140464782715 4199
1786278770104 8.016087532043457 4249
1786278773692 9.018087387084961 4299
1786278777271 8.716915130615234 4349
1786278780918 9.32458782196045 4399
1786278784563 7.937366485595703 4449
1786278788267 8.52664566040039 4499
1786278791845 9.706814765930176 4549
1786278795540 8.706024169921875 4599
1786278799243 8.530195236206055 4649
1786278802857 10.720086097717285 4699
1786278806494 11.077652931213379 4749
1786278810400 9.031696319580078 4799
1786278814032 11.10323429107666 4849
1786278817761 10.442572593688965 4899
1786278821322 10.571919441223145 4949
1786278824990 9.9291410446167 4999
1786278828653 9.887133598327637 5049
1786278832309 9.444134712219238 5099
1786278835926 8.418270111083984 5149
1786278839609 7.485619068145752 5199
1786278843269 10.201642990112305 5249
1786278847004 10.897870063781738 5299
1786278850743 8.98520278930664 5349
1786278854516 9.806303024291992 5399
1786278858300 9.636597633361816 5449
1786278862035 9.168379783630371 5499
1786278865685 9.673425674438477 5549
1786278869408 7.693944931030273 5599
1786278873177 9.081402778625488 5649
1786278876897 10.363642692565918 5699
1786278880627 11.964445114135742 5749
1786278884398 11.287461280822754 5799
1786278887994 12.413873672485352 5849
1786278891585 12.416436195373535 5899
1786278895231 11.038839340209961 5949
1786278898847 12.116232872009277 5999
1786278902482 9.916110038757324 6049
1786278906173 11.460644721984863 6099
1786278909828 10.029467582702637 6149
1786278913542 7.773226737976074 6199
1786278917201 10.51311206817627 6249
1786278920910 11.107048988342285 6299
1786278924537 9.832286834716797 6349
1786278928561 9.418630599975586 6399
1786278932227 10.74483871459961 6449
1786278936003 10.844324111938477 6499
1786278939700 11.214017868041992 6549
1786278943373 10.152742385864258 6599
1786278947184 11.43241024017334 6649
1786278951008 10.984875679016113 6699
1786278954679 11.977156639099121 6749
1786278958436 12.28696346282959 6799
1786278962151 12.171119689941406 6849
1786278965953 10.011839866638184 6899
1786278969755 8.595962524414062 6949
1786278973402 11.638864517211914 6999
1786278976986 11.052967071533203 7049
1786278980581 11.220537185668945 7099
1786278984235 9.63222599029541 7149
1786278987858 11.684857368469238 7199
1786278991446 9.71316909790039 7249
1786278995086 8.856480598449707 7299
1786278998686 10.516605377197266 7349
1786279002340 9.73494815826416 7399
1786279005998 10.198812484741211 7449
1786279009651 11.187251091003418 7499
1786279013298 9.530939102172852 7549
1786279016924 12.528611183166504 7599
1786279020422 10.925546646118164 7649
1786279024040 8.548364639282227 7699
1786279027626 9.780030250549316 7749
1786279031186 9.519718170166016 7799
1786279034817 7.5684356689453125 7849
1786279038383 7.781525135040283 7899
1786279041975 12.65799331665039 7949
1786279045845 9.957955360412598 7999
1786279049419 10.360533714294434 8049
1786279053131 9.7804594039917 8099
1786279056715 9.780620574951172 8149
1786279060311 9.425427436828613 8199
1786279063909 9.274587631225586 8249
1786279067421 11.023146629333496 8299
1786279070905 10.596074104309082 8349
1786279074367 9.401351928710938 8399
1786279077856 10.0748929977417 8449
1786279081278 10.611820220947266 8499
1786279084746 9.416325569152832 8549
1786279088157 8.197627067565918 8599
1786279091563 7.910122394561768 8649
1786279095004 10.46286392211914 8699
1786279098455 9.47591495513916 8749
1786279101893 11.515276908874512 8799
1786279105332 8.213179588317871 8849
1786279108779 9.956429481506348 8899
1786279112245 8.272714614868164 8949
1786279115692 9.14135456085205 8999
1786279119157 10.345636367797852 9049
1786279122565 9.523313522338867 9099
1786279125973 7.866784572601318 9149
1786279129451 8.478925704956055 9199
1786279132799 10.090267181396484 9249
1786279136251 10.074616432189941 9299
1786279139670 8.892440795898438 9349
1786279143106 10.953118324279785 9399
1786279146512 11.590658187866211 9449
1786279149845 10.46771240234375 9499
1786279153211 9.019510269165039 9549
1786279220788 12.99245834350586 9599
1786279224623 10.453734397888184 9649
1786279228495 8.525687217712402 9699
1786279232320 9.362311363220215 9749
1786279236206 9.208866119384766 9799
1786279240075 10.200501441955566 9849
1786279244080 8.912875175476074 9899
1786279247998 11.158950805664062 9949
1786279252064 9.146445274353027 9999
1786279255980 11.49647045135498 10049
1786279259824 9.381651878356934 10099
1786279263613 10.961359024047852 10149
1786279267415 10.444609642028809 10199
1786279271184 9.894126892089844 10249
1786279275010 8.410696029663086 10299
1786279278785 12.972139358520508 10349
1786279282518 8.94278335571289 10399
1786279286166 10.242241859436035 10449
1786279289834 9.78203296661377 10499
1786279293566 10.397692680358887 10549
1786279297249 10.510904312133789 10599
1786279301008 12.192525863647461 10649
1786279304705 8.802167892456055 10699
1786279308359 9.7815580368042 10749
1786279311804 11.278279304504395 10799
1786279315220 11.35303783416748 10849
1786279318734 11.578585624694824 10899
1786279322265 7.388247489929199 10949
1786279325815 12.804025650024414 10999
1786279329213 8.684087753295898 11049
1786279332732 11.397354125976562 11099
1786279336124 7.547732830047607 11149
1786279339873 9.914779663085938 11199
1786279343334 9.09885311126709 11249
1786279346701 7.84538459777832 11299
1786279350117 7.89341402053833 11349
1786279353630 9.269041061401367 11399
1786279357143 8.217667579650879 11449
1786279360662 7.851314067840576 11499
1786279364349 12.021492004394531 11549
1786279368330 9.433134078979492 11599
1786279372145 10.810132026672363 11649
1786279376014 7.816301345825195 11699
1786279379850 9.827505111694336 11749
1786279383729 8.912010192871094 11799
1786279387611 11.414390563964844 11849
1786279391516 9.511533737182617 11899
1786279395261 8.153833389282227 11949
1786279398976 10.109169960021973 11999
1786279402664 10.849879264831543 12049
1786279406298 8.728260040283203 12099
1786279409938 9.403014183044434 12149
1786279413562 7.198912143707275 12199
1786279417168 8.362630844116211 12249
1786279420926 8.228726387023926 12299
1786279424600 8.449141502380371 12349
1786279428271 7.916622638702393 12399
1786279431917 11.989479064941406 12449
1786279435561 9.275285720825195 12499
1786279439178 7.8783674240112305 12549
1786279442710 7.637282371520996 12599
1786279446391 7.154791355133057 12649
1786279450034 9.606826782226562 12699
1786279453737 8.301006317138672 12749
1786279457830 8.723467826843262 12799
1786279461629 10.494132995605469 12849
1786279465343 9.499324798583984 12899
1786279468892 8.563342094421387 12949
1786279472588 8.966383934020996 12999
1786279476245 8.218527793884277 13049
1786279479845 11.233277320861816 13099
1786279483360 6.642459869384766 13149
1786279486990 7.604390621185303 13199
1786279490910 11.763548851013184 13249
1786279494811 8.32543659210205 13299
1786279498392 8.449212074279785 13349
1786279501869 7.917302131652832 13399
1786279505443 8.76577377319336 13449
1786279508988 7.621682167053223 13499
1786279512580 10.486625671386719 13549
1786279516181 8.602866172790527 13599
1786279519821 9.212825775146484 13649
1786279523503 8.445517539978027 13699
1786279527174 9.267426490783691 13749
1786279530806 7.882238864898682 13799
1786279534448 12.067070960998535 13849
1786279538034 9.479454040527344 13899
1786279541719 9.746312141418457 13949
1786279545390 11.003592491149902 13999
1786279549122 9.837713241577148 14049
1786279552743 10.90982723236084 14099
1786279556381 8.533049583435059 14149
1786279559951 10.089165687561035 14199
1786279563503 7.615616321563721 14249
1786279567016 9.941637992858887 14299
1786279570544 10.919229507446289 14349
1786279574370 9.12640380859375 14399
1786279577961 9.507750511169434 14449
1786279581422 8.473688125610352 14499
1786279584792 8.68989086151123 14549
1786279588224 9.594881057739258 14599
1786279591626 10.24326229095459 14649
1786279595050 9.454227447509766 14699
1786279598508 8.444381713867188 14749
1786279601940 10.36041259765625 14799
1786279605435 8.622382164001465 14849
1786279608914 8.90549373626709 14899
1786279612393 8.307635307312012 14949
1786279615819 8.425995826721191 14999
1786279619314 9.774292945861816 15049
1786279622780 7.362663745880127 15099
1786279626303 7.4411516189575195 15149
1786279629705 8.280491828918457 15199
1786279633197 9.291814804077148 15249
1786279636698 11.649209976196289 15299
1786279640118 9.37336254119873 15349
1786279643674 8.608014106750488 15399
1786279647092 9.116750717163086 15449
1786279650520 8.579780578613281 15499
1786279654043 8.430980682373047 15549
1786279657560 8.28311824798584 15599
1786279661064 8.236905097961426 15649
1786279664545 10.546435356140137 15699
1786279668169 9.408884048461914 15749
1786279671964 10.171953201293945 15799
1786279675573 10.473989486694336 15849
1786279679175 10.931861877441406 15899
1786279682764 9.900304794311523 15949
1786279686655 8.856674194335938 15999
1786279690319 14.385869979858398 16049
1786279693859 10.984240531921387 16099
1786279697457 8.307380676269531 16149
1786279701020 8.286123275756836 16199
1786279704622 11.012726783752441 16249
1786279708228 10.097704887390137 16299
1786279711890 10.077305793762207 16349
1786279715508 9.26345157623291 16399
1786279719037 10.932242393493652 16449
1786279722571 8.127016067504883 16499
1786279726194 8.64355182647705 16549
1786279729841 9.838879585266113 16599
1786279733435 10.066519737243652 16649
1786279736971 9.83508014678955 16699
1786279740485 8.25204086303711 16749
1786279744065 8.01377010345459 16799
1786279747694 9.30052375793457 16849
1786279751242 8.615591049194336 16899
1786279754884 8.054497718811035 16949
1786279758513 9.9321928024292 16999
1786279762163 11.181222915649414 17049
1786279765690 9.292756080627441 17099
1786279769409 9.238021850585938 17149
1786279772964 9.014887809753418 17199
1786279776517 7.084614276885986 17249
1786279779979 10.782011032104492 17299
1786279783536 9.80904483795166 17349
1786279787019 8.90758228302002 17399
1786279790547 8.2843656539917 17449
1786279793994 7.8014397621154785 17499
1786279797478 8.87171745300293 17549
1786279801254 9.58020305633545 17599
1786279804710 8.778828620910645 17649
1786279808131 11.076428413391113 17699
1786279811581 12.668869972229004 17749
1786279815110 9.628719329833984 17799
1786279818680 9.305742263793945 17849
1786279822252 7.926998138427734 17899
1786279825801 7.700817108154297 17949
1786279829314 8.545863151550293 17999
1786279832869 7.1176934242248535 18049
1786279836426 9.198456764221191 18099
1786279839884 10.253833770751953 18149
1786279843458 10.095510482788086 18199
1786279846919 8.399965286254883 18249
1786279850324 9.776593208312988 18299
1786279853818 11.772944450378418 18349
1786279857244 9.551557540893555 18399
1786279860680 11.801158905029297 18449
1786279864119 10.12475299835205 18499
1786279867505 9.670507431030273 18549
1786279870886 10.713252067565918 18599
1786279874311 9.812256813049316 18649
1786279877682 9.012615203857422 18699
1786279881025 9.542340278625488 18749
1786279884298 11.586291313171387 18799
1786279887617 10.012513160705566 18849
1786279890958 8.367979049682617 18899
1786279894353 10.538753509521484 18949
1786279897796 9.959317207336426 18999
1786279901277 8.727933883666992 19049
1786279904665 10.022285461425781 19099
1786279908011 10.254778861999512 19149
1786279973891 8.460114479064941 19199
1786279977307 11.440725326538086 19249
1786279980706 14.726399421691895 19299
1786279984178 8.336053848266602 19349
1786279987669 10.13193130493164 19399
1786279991074 10.063106536865234 19449
1786279994595 9.280623435974121 19499
1786279998046 7.2966718673706055 19549
1786280001507 9.556577682495117 19599
1786280005005 11.235047340393066 19649
1786280008556 11.25079345703125 19699
1786280011981 8.517609596252441 19749
1786280015523 9.720508575439453 19799
1786280019058 13.00876235961914 19849
1786280022580 10.454364776611328 19899
1786280026053 7.451507568359375 19949
1786280029545 10.489407539367676 19999
1786280033105 8.686234474182129 20049
1786280036590 12.475321769714355 20099
1786280040236 8.540131568908691 20149
1786280043704 8.919977188110352 20199
1786280047182 12.377306938171387 20249
1786280050617 8.506954193115234 20299
1786280054155 8.642278671264648 20349
1786280057696 11.358635902404785 20399
1786280061210 7.007578372955322 20449
1786280064678 10.646925926208496 20499
1786280068171 11.162158966064453 20549
1786280071717 8.140854835510254 20599
1786280075228 11.477164268493652 20649
1786280078776 10.89224910736084 20699
1786280082658 7.946540355682373 20749
1786280086133 13.520132064819336 20799
1786280089530 8.756597518920898 20849
1786280092953 7.6064581871032715 20899
1786280096326 10.581841468811035 20949
1786280099724 9.37351131439209 20999
1786280103187 8.447654724121094 21049
1786280106693 11.403233528137207 21099
1786280110304 9.945815086364746 21149
1786280113815 9.142087936401367 21199
1786280117312 8.106124877929688 21249
1786280120853 7.994602203369141 21299
1786280124209 9.912704467773438 21349
1786280127708 9.893497467041016 21399
1786280131193 9.609713554382324 21449
1786280134678 7.361156940460205 21499
1786280138178 9.48098087310791 21549
1786280141710 11.466581344604492 21599
1786280145180 9.0572509765625 21649
1786280148691 10.24897575378418 21699
1786280152188 8.615031242370605 21749
1786280155704 9.073713302612305 21799
1786280159238 8.318355560302734 21849
1786280162653 8.723565101623535 21899
1786280166098 8.017755508422852 21949
1786280169538 8.056170463562012 21999
1786280172998 8.199361801147461 22049
1786280176468 9.993914604187012 22099
1786280179895 8.561519622802734 22149
1786280183304 9.646329879760742 22199
1786280186779 7.368020534515381 22249
1786280190231 8.803476333618164 22299
1786280193952 10.989030838012695 22349
1786280197278 8.955517768859863 22399
1786280200704 9.786417007446289 22449
1786280204225 7.768794536590576 22499
1786280207783 7.444716930389404 22549
1786280211237 10.444461822509766 22599
1786280214645 7.899294853210449 22649
1786280218088 9.164040565490723 22699
1786280221478 8.436742782592773 22749
1786280224925 6.749162673950195 22799
1786280228311 8.549731254577637 22849
1786280231777 7.542369842529297 22899
1786280235201 9.582770347595215 22949
1786280238541 9.210366249084473 22999
1786280241952 7.432957649230957 23049
1786280245439 8.368637084960938 23099
1786280248947 8.918235778808594 23149
1786280252384 8.573694229125977 23199
1786280255824 8.23630142211914 23249
1786280259340 7.690550327301025 23299
1786280262896 7.697360515594482 23349
1786280266383 9.714879989624023 23399
1786280269850 9.459420204162598 23449
1786280273330 7.487456321716309 23499
1786280276784 8.827052116394043 23549
1786280280224 12.493102073669434 23599
1786280283696 9.349981307983398 23649
1786280287162 8.363758087158203 23699
1786280290628 7.254679203033447 23749
1786280294152 7.055097579956055 23799
1786280297572 7.653306007385254 23849
1786280301088 10.102977752685547 23899
1786280304834 11.730550765991211 23949
1786280308373 10.268512725830078 23999
1786280311871 7.810858249664307 24049
1786280315374 8.366113662719727 24099
1786280318928 10.909747123718262 24149
1786280322513 7.750585556030273 24199
1786280326154 8.530726432800293 24249
1786280329726 10.290014266967773 24299
1786280333302 9.003503799438477 24349
1786280336801 9.861811637878418 24399
1786280340347 9.167476654052734 24449
1786280343863 8.807994842529297 24499
1786280347367 9.037298202514648 24549
1786280350892 9.825128555297852 24599
1786280354385 8.993722915649414 24649
1786280357945 10.53775405883789 24699
1786280361524 8.299206733703613 24749
1786280365048 9.953722953796387 24799
1786280368606 7.093051433563232 24849
1786280372186 10.386271476745605 24899
1786280375808 10.418904304504395 24949
1786280379381 8.178936958312988 24999
1786280382934 10.603013038635254 25049
1786280386453 6.574860095977783 25099
1786280389967 7.609583854675293 25149
1786280393527 8.587417602539062 25199
1786280397155 9.064701080322266 25249
1786280400810 8.842713356018066 25299
1786280404335 6.305514812469482 25349
1786280407773 7.979064464569092 25399
1786280411255 9.286678314208984 25449
1786280414740 11.633395195007324 25499
1786280418462 7.2219133377075195 25549
1786280422150 8.834085464477539 25599
1786280425507 10.325132369995117 25649
1786280429037 10.733070373535156 25699
1786280432440 10.87208080291748 25749
1786280435835 9.637650489807129 25799
1786280439332 7.752598285675049 25849
1786280442731 9.51980209350586 25899
1786280446119 7.525937080383301 25949
1786280449601 6.666357040405273 25999
1786280453033 10.692556381225586 26049
1786280456570 7.407893657684326 26099
1786280460037 10.20772933959961 26149
1786280463450 8.065925598144531 26199
1786280466926 10.919519424438477 26249
1786280470396 9.56762981414795 26299
1786280473885 7.981265068054199 26349
1786280477276 7.902274131774902 26399
1786280480732 9.79552173614502 26449
1786280484212 8.543144226074219 26499
1786280487573 9.239114761352539 26549
1786280491043 7.39213752746582 26599
1786280494422 7.135010242462158 26649
1786280497817 9.000760078430176 26699
1786280501167 9.026921272277832 26749
1786280504480 7.2561845779418945 26799
1786280507860 7.935465335845947 26849
1786280511310 8.108787536621094 26899
1786280514694 9.386884689331055 26949
1786280517978 8.19556999206543 26999
1786280521325 9.382213592529297 27049
1786280524666 8.140695571899414 27099
1786280528370 10.018647193908691 27149
1786280531783 7.573296070098877 27199
1786280535250 9.053693771362305 27249
1786280538722 9.877235412597656 27299
1786280542141 7.9850945472717285 27349
1786280545547 9.01816463470459 27399
1786280548894 8.474236488342285 27449
1786280552290 10.484015464782715 27499
1786280555693 10.558292388916016 27549
1786280559076 11.313555717468262 27599
1786280562477 9.980794906616211 27649
1786280565808 7.261486530303955 27699
1786280569216 7.558961391448975 27749
1786280572561 8.793292999267578 27799
1786280575900 8.536286354064941 27849
1786280579280 10.320294380187988 27899
1786280582641 8.489435195922852 27949
1786280585901 7.543209552764893 27999
1786280589211 8.472256660461426 28049
1786280592605 7.369030952453613 28099
1786280596101 7.267207622528076 28149
1786280599573 7.755067348480225 28199
1786280602947 7.266704559326172 28249
1786280606323 9.819518089294434 28299
1786280609773 7.498447895050049 28349
1786280613389 7.864646911621094 28399
1786280617016 8.05579948425293 28449
1786280620649 7.32508659362793 28499
1786280624056 10.51534652709961 28549
1786280627428 9.217411994934082 28599
1786280630765 7.708860397338867 28649
1786280634090 9.591912269592285 28699
