1786278451180 0.023000000044703484 49
1786278455258 0.024000000208616257 99
1786278459710 0.027000000700354576 149
1786278463848 0.027000000700354576 199
1786278467879 0.027000000700354576 249
1786278471783 0.032999999821186066 299
1786278475894 0.039000000804662704 349
1786278479889 0.05299999937415123 399
1786278483925 0.057999998331069946 449
1786278487828 0.07100000232458115 499
1786278491800 0.08699999749660492 549
1786278495687 0.09399999678134918 599
1786278499562 0.10899999737739563 649
1786278503522 0.12200000137090683 699
1786278507429 0.15199999511241913 749
1786278511343 0.19499999284744263 799
1786278515277 0.2460000067949295 849
1786278519162 0.2460000067949295 899
1786278523057 0.2849999964237213 949
1786278526937 0.289000004529953 999
1786278530810 0.2980000078678131 1049
1786278534713 0.3490000069141388 1099
1786278538594 0.38999998569488525 1149
1786278542471 0.44999998807907104 1199
1786278546350 0.48899999260902405 1249
1786278550255 0.5450000166893005 1299
1786278554034 0.5249999761581421 1349
1786278557846 0.6190000176429749 1399
1786278561693 0.640999972820282 1449
1786278565693 0.6380000114440918 1499
1786278569584 0.6759999990463257 1549
1786278573827 0.7089999914169312 1599
1786278577435 0.7540000081062317 1649
1786278581029 0.7870000004768372 1699
1786278584676 0.7990000247955322 1749
1786278588345 0.8489999771118164 1799
1786278591938 0.8479999899864197 1849
1786278595564 0.8450000286102295 1899
1786278599194 0.8349999785423279 1949
1786278602871 0.8629999756813049 1999
1786278606611 0.8640000224113464 2049
1786278610204 0.8809999823570251 2099
1786278613897 0.8889999985694885 2149
1786278617662 0.8550000190734863 2199
1786278621368 0.9039999842643738 2249
1786278625088 0.8960000276565552 2299
1786278628743 0.8949999809265137 2349
1786278632447 0.890999972820282 2399
1786278636124 0.8970000147819519 2449
1786278639934 0.9169999957084656 2499
1786278643674 0.9070000052452087 2549
1786278647486 0.9169999957084656 2599
1786278651126 0.9240000247955322 2649
1786278654880 0.9290000200271606 2699
1786278658592 0.9290000200271606 2749
1786278662322 0.9359999895095825 2799
1786278666061 0.9340000152587891 2849
1786278669864 0.9319999814033508 2899
1786278673729 0.9290000200271606 2949
1786278677601 0.9279999732971191 2999
1786278681421 0.925000011920929 3049
1786278685236 0.9390000104904175 3099
1786278688862 0.9459999799728394 3149
1786278692921 0.9549999833106995 3199
1786278696650 0.9319999814033508 3249
1786278700352 0.9259999990463257 3299
1786278703937 0.9399999976158142 3349
1786278707663 0.9490000009536743 3399
1786278711416 0.9330000281333923 3449
1786278715120 0.9539999961853027 3499
1786278718782 0.9480000138282776 3549
1786278722520 0.9300000071525574 3599
1786278726284 0.9480000138282776 3649
1786278729911 0.9509999752044678 3699
1786278733638 0.9390000104904175 3749
1786278737414 0.9559999704360962 3799
1786278741170 0.9409999847412109 3849
1786278744812 0.9459999799728394 3899
1786278748398 0.9390000104904175 3949
1786278751999 0.925000011920929 3999
1786278755663 0.9440000057220459 4049
1786278759352 0.9399999976158142 4099
1786278762909 0.953000009059906 4149
1786278766421 0.9369999766349792 4199
1786278770104 0.9300000071525574 4249
1786278773692 0.9430000185966492 4299
1786278777271 0.9359999895095825 4349
1786278780918 0.9380000233650208 4399
1786278784563 0.9570000171661377 4449
1786278788267 0.9490000009536743 4499
1786278791845 0.9559999704360962 4549
1786278795540 0.9430000185966492 4599
1786278799243 0.9490000009536743 4649
1786278802857 0.953000009059906 4699
1786278806494 0.9430000185966492 4749
1786278810400 0.9229999780654907 4799
1786278814032 0.9359999895095825 4849
1786278817761 0.9459999799728394 4899
1786278821322 0.9340000152587891 4949
1786278824990 0.9340000152587891 4999
1786278828653 0.9459999799728394 5049
1786278832309 0.921999990940094 5099
1786278835926 0.9010000228881836 5149
1786278839609 0.9300000071525574 5199
1786278843269 0.9300000071525574 5249
1786278847004 0.9259999990463257 5299
1786278850743 0.9459999799728394 5349
1786278854516 0.9430000185966492 5399
1786278858300 0.9259999990463257 5449
1786278862035 0.9229999780654907 5499
1786278865685 0.9290000200271606 5549
1786278869408 0.9559999704360962 5599
1786278873177 0.9419999718666077 5649
1786278876897 0.9200000166893005 5699
1786278880627 0.9330000281333923 5749
1786278884398 0.9350000023841858 5799
1786278887994 0.9430000185966492 5849
1786278891585 0.9309999942779541 5899
1786278895231 0.9520000219345093 5949
1786278898847 0.9380000233650208 5999
1786278902482 0.9269999861717224 6049
1786278906173 0.9169999957084656 6099
1786278909828 0.9369999766349792 6149
1786278913542 0.9369999766349792 6199
1786278917201 0.9190000295639038 6249
1786278920910 0.9309999942779541 6299
1786278924537 0.9229999780654907 6349
1786278928561 0.9430000185966492 6399
1786278932227 0.9480000138282776 6449
1786278936003 0.9549999833106995 6499
1786278939700 0.9470000267028809 6549
1786278943373 0.9480000138282776 6599
1786278947184 0.9409999847412109 6649
1786278951008 0.9490000009536743 6699
1786278954679 0.9259999990463257 6749
1786278958436 0.9440000057220459 6799
1786278962151 0.9330000281333923 6849
1786278965953 0.8980000019073486 6899
1786278969755 0.9430000185966492 6949
1786278973402 0.921999990940094 6999
1786278976986 0.9160000085830688 7049
1786278980581 0.9089999794960022 7099
1786278984235 0.9340000152587891 7149
1786278987858 0.9369999766349792 7199
1786278991446 0.890999972820282 7249
1786278995086 0.9110000133514404 7299
1786278998686 0.9350000023841858 7349
1786279002340 0.9309999942779541 7399
1786279005998 0.9139999747276306 7449
1786279009651 0.9190000295639038 7499
1786279013298 0.921999990940094 7549
1786279016924 0.9340000152587891 7599
1786279020422 0.9269999861717224 7649
1786279024040 0.9150000214576721 7699
1786279027626 0.9279999732971191 7749
1786279031186 0.9539999961853027 7799
1786279034817 0.9290000200271606 7849
1786279038383 0.9359999895095825 7899
1786279041975 0.9440000057220459 7949
1786279045845 0.9399999976158142 7999
1786279049419 0.9359999895095825 8049
1786279053131 0.9390000104904175 8099
1786279056715 0.9359999895095825 8149
1786279060311 0.9319999814033508 8199
1786279063909 0.9300000071525574 8249
1786279067421 0.9139999747276306 8299
1786279070905 0.9470000267028809 8349
1786279074367 0.9359999895095825 8399
1786279077856 0.9399999976158142 8449
1786279081278 0.9359999895095825 8499
1786279084746 0.9139999747276306 8549
1786279088157 0.9200000166893005 8599
1786279091563 0.921999990940094 8649
1786279095004 0.9369999766349792 8699
1786279098455 0.9409999847412109 8749
1786279101893 0.925000011920929 8799
1786279105332 0.9160000085830688 8849
1786279108779 0.9229999780654907 8899
1786279112245 0.9100000262260437 8949
1786279115692 0.9259999990463257 8999
1786279119157 0.9300000071525574 9049
1786279122565 0.9169999957084656 9099
1786279125973 0.9340000152587891 9149
1786279129451 0.9229999780654907 9199
1786279132799 0.9390000104904175 9249
1786279136251 0.9350000023841858 9299
1786279139670 0.9350000023841858 9349
1786279143106 0.9179999828338623 9399
1786279146512 0.9300000071525574 9449
1786279149845 0.9279999732971191 9499
1786279153211 0.9010000228881836 9549
1786279220788 0.925000011920929 9599
1786279224623 0.9290000200271606 9649
1786279228495 0.9319999814033508 9699
1786279232320 0.9350000023841858 9749
1786279236206 0.9279999732971191 9799
1786279240075 0.9179999828338623 9849
1786279244080 0.9399999976158142 9899
1786279247998 0.9160000085830688 9949
1786279252064 0.9110000133514404 9999
1786279255980 0.9179999828338623 10049
1786279259824 0.9070000052452087 10099
1786279263613 0.9319999814033508 10149
1786279267415 0.9279999732971191 10199
1786279271184 0.890999972820282 10249
1786279275010 0.9210000038146973 10299
1786279278785 0.906000018119812 10349
1786279282518 0.9110000133514404 10399
1786279286166 0.9210000038146973 10449
1786279289834 0.9020000100135803 10499
1786279293566 0.9350000023841858 10549
1786279297249 0.9210000038146973 10599
1786279301008 0.8949999809265137 10649
1786279304705 0.9369999766349792 10699
1786279308359 0.9169999957084656 10749
1786279311804 0.9350000023841858 10799
1786279315220 0.9309999942779541 10849
1786279318734 0.9240000247955322 10899
1786279322265 0.906000018119812 10949
1786279325815 0.9100000262260437 10999
1786279329213 0.925000011920929 11049
1786279332732 0.9390000104904175 11099
1786279336124 0.9409999847412109 11149
1786279339873 0.9340000152587891 11199
1786279343334 0.9480000138282776 11249
1786279346701 0.9269999861717224 11299
1786279350117 0.9269999861717224 11349
1786279353630 0.9160000085830688 11399
1786279357143 0.9440000057220459 11449
1786279360662 0.9409999847412109 11499
1786279364349 0.9279999732971191 11549
1786279368330 0.9409999847412109 11599
1786279372145 0.925000011920929 11649
1786279376014 0.9290000200271606 11699
1786279379850 0.9309999942779541 11749
1786279383729 0.9070000052452087 11799
1786279387611 0.9399999976158142 11849
1786279391516 0.9409999847412109 11899
1786279395261 0.8970000147819519 11949
1786279398976 0.9279999732971191 11999
1786279402664 0.9150000214576721 12049
1786279406298 0.9350000023841858 12099
1786279409938 0.9470000267028809 12149
1786279413562 0.9330000281333923 12199
1786279417168 0.921999990940094 12249
1786279420926 0.9430000185966492 12299
1786279424600 0.921999990940094 12349
1786279428271 0.9200000166893005 12399
1786279431917 0.9340000152587891 12449
1786279435561 0.9269999861717224 12499
1786279439178 0.9279999732971191 12549
1786279442710 0.9100000262260437 12599
1786279446391 0.9169999957084656 12649
1786279450034 0.906000018119812 12699
1786279453737 0.9259999990463257 12749
1786279457830 0.9169999957084656 12799
1786279461629 0.9300000071525574 12849
1786279465343 0.9200000166893005 12899
1786279468892 0.9150000214576721 12949
1786279472588 0.9210000038146973 12999
1786279476245 0.9190000295639038 13049
1786279479845 0.9240000247955322 13099
1786279483360 0.921999990940094 13149
1786279486990 0.9150000214576721 13199
1786279490910 0.9269999861717224 13249
1786279494811 0.921999990940094 13299
1786279498392 0.9269999861717224 13349
1786279501869 0.8820000290870667 13399
1786279505443 0.9120000004768372 13449
1786279508988 0.9240000247955322 13499
1786279512580 0.8939999938011169 13549
1786279516181 0.9100000262260437 13599
1786279519821 0.9229999780654907 13649
1786279523503 0.9369999766349792 13699
1786279527174 0.925000011920929 13749
1786279530806 0.9110000133514404 13799
1786279534448 0.9179999828338623 13849
1786279538034 0.9229999780654907 13899
1786279541719 0.9190000295639038 13949
1786279545390 0.9229999780654907 13999
1786279549122 0.9169999957084656 14049
1786279552743 0.9290000200271606 14099
1786279556381 0.9010000228881836 14149
1786279559951 0.9240000247955322 14199
1786279563503 0.9300000071525574 14249
1786279567016 0.9049999713897705 14299
1786279570544 0.9380000233650208 14349
1786279574370 0.9079999923706055 14399
1786279577961 0.871999979019165 14449
1786279581422 0.9300000071525574 14499
1786279584792 0.9259999990463257 14549
1786279588224 0.9190000295639038 14599
1786279591626 0.890999972820282 14649
1786279595050 0.9169999957084656 14699
1786279598508 0.9210000038146973 14749
1786279601940 0.9100000262260437 14799
1786279605435 0.9150000214576721 14849
1786279608914 0.8899999856948853 14899
1786279612393 0.9259999990463257 14949
1786279615819 0.8949999809265137 14999
1786279619314 0.9169999957084656 15049
1786279622780 0.9409999847412109 15099
1786279626303 0.9309999942779541 15149
1786279629705 0.8889999985694885 15199
1786279633197 0.9169999957084656 15249
1786279636698 0.9150000214576721 15299
1786279640118 0.9039999842643738 15349
1786279643674 0.9330000281333923 15399
1786279647092 0.9340000152587891 15449
1786279650520 0.9049999713897705 15499
1786279654043 0.925000011920929 15549
1786279657560 0.9139999747276306 15599
1786279661064 0.9269999861717224 15649
1786279664545 0.9169999957084656 15699
1786279668169 0.9210000038146973 15749
1786279671964 0.906000018119812 15799
1786279675573 0.9319999814033508 15849
1786279679175 0.925000011920929 15899
1786279682764 0.9330000281333923 15949
1786279686655 0.9179999828338623 15999
1786279690319 0.9229999780654907 16049
1786279693859 0.9269999861717224 16099
1786279697457 0.9279999732971191 16149
1786279701020 0.9169999957084656 16199
1786279704622 0.8980000019073486 16249
1786279708228 0.9210000038146973 16299
1786279711890 0.9190000295639038 16349
1786279715508 0.8889999985694885 16399
1786279719037 0.9049999713897705 16449
1786279722571 0.9430000185966492 16499
1786279726194 0.9020000100135803 16549
1786279729841 0.9150000214576721 16599
1786279733435 0.925000011920929 16649
1786279736971 0.9269999861717224 16699
1786279740485 0.902999997138977 16749
1786279744065 0.8989999890327454 16799
1786279747694 0.8859999775886536 16849
1786279751242 0.8849999904632568 16899
1786279754884 0.9110000133514404 16949
1786279758513 0.9340000152587891 16999
1786279762163 0.9179999828338623 17049
1786279765690 0.8989999890327454 17099
1786279769409 0.9269999861717224 17149
1786279772964 0.8999999761581421 17199
1786279776517 0.9150000214576721 17249
1786279779979 0.9200000166893005 17299
1786279783536 0.9100000262260437 17349
1786279787019 0.9179999828338623 17399
1786279790547 0.9200000166893005 17449
1786279793994 0.9020000100135803 17499
1786279797478 0.9160000085830688 17549
1786279801254 0.8980000019073486 17599
1786279804710 0.925000011920929 17649
1786279808131 0.8960000276565552 17699
1786279811581 0.925000011920929 17749
1786279815110 0.9120000004768372 17799
1786279818680 0.9269999861717224 17849
1786279822252 0.8970000147819519 17899
1786279825801 0.871999979019165 17949
1786279829314 0.9110000133514404 17999
1786279832869 0.9039999842643738 18049
1786279836426 0.9160000085830688 18099
1786279839884 0.9049999713897705 18149
1786279843458 0.9200000166893005 18199
1786279846919 0.9139999747276306 18249
1786279850324 0.9179999828338623 18299
1786279853818 0.9259999990463257 18349
1786279857244 0.9520000219345093 18399
1786279860680 0.9129999876022339 18449
1786279864119 0.9129999876022339 18499
1786279867505 0.9039999842643738 18549
1786279870886 0.9079999923706055 18599
1786279874311 0.8930000066757202 18649
1786279877682 0.902999997138977 18699
1786279881025 0.8939999938011169 18749
1786279884298 0.8920000195503235 18799
1786279887617 0.8769999742507935 18849
1786279890958 0.8709999918937683 18899
1786279894353 0.9100000262260437 18949
1786279897796 0.9129999876022339 18999
1786279901277 0.9100000262260437 19049
1786279904665 0.9020000100135803 19099
1786279908011 0.9070000052452087 19149
1786279973891 0.906000018119812 19199
1786279977307 0.878000020980835 19249
1786279980706 0.890999972820282 19299
1786279984178 0.9169999957084656 19349
1786279987669 0.8960000276565552 19399
1786279991074 0.9089999794960022 19449
1786279994595 0.9089999794960022 19499
1786279998046 0.9010000228881836 19549
1786280001507 0.9290000200271606 19599
1786280005005 0.8840000033378601 19649
1786280008556 0.9319999814033508 19699
1786280011981 0.9120000004768372 19749
1786280015523 0.9330000281333923 19799
1786280019058 0.8930000066757202 19849
1786280022580 0.9340000152587891 19899
1786280026053 0.9139999747276306 19949
1786280029545 0.8709999918937683 19999
1786280033105 0.8999999761581421 20049
1786280036590 0.9089999794960022 20099
1786280040236 0.9179999828338623 20149
1786280043704 0.9240000247955322 20199
1786280047182 0.9229999780654907 20249
1786280050617 0.921999990940094 20299
1786280054155 0.9110000133514404 20349
1786280057696 0.9110000133514404 20399
1786280061210 0.9350000023841858 20449
1786280064678 0.878000020980835 20499
1786280068171 0.9240000247955322 20549
1786280071717 0.8899999856948853 20599
1786280075228 0.9330000281333923 20649
1786280078776 0.9290000200271606 20699
1786280082658 0.9139999747276306 20749
1786280086133 0.925000011920929 20799
1786280089530 0.925000011920929 20849
1786280092953 0.9290000200271606 20899
1786280096326 0.9390000104904175 20949
1786280099724 0.9330000281333923 20999
1786280103187 0.890999972820282 21049
1786280106693 0.9200000166893005 21099
1786280110304 0.9210000038146973 21149
1786280113815 0.9229999780654907 21199
1786280117312 0.8939999938011169 21249
1786280120853 0.9139999747276306 21299
1786280124209 0.9369999766349792 21349
1786280127708 0.9399999976158142 21399
1786280131193 0.9269999861717224 21449
1786280134678 0.8939999938011169 21499
1786280138178 0.9330000281333923 21549
1786280141710 0.8939999938011169 21599
1786280145180 0.9179999828338623 21649
1786280148691 0.9350000023841858 21699
1786280152188 0.9240000247955322 21749
1786280155704 0.9330000281333923 21799
1786280159238 0.9200000166893005 21849
1786280162653 0.9039999842643738 21899
1786280166098 0.9229999780654907 21949
1786280169538 0.9359999895095825 21999
1786280172998 0.9110000133514404 22049
1786280176468 0.902999997138977 22099
1786280179895 0.9359999895095825 22149
1786280183304 0.9200000166893005 22199
1786280186779 0.9359999895095825 22249
1786280190231 0.9139999747276306 22299
1786280193952 0.9160000085830688 22349
1786280197278 0.9300000071525574 22399
1786280200704 0.9300000071525574 22449
1786280204225 0.9110000133514404 22499
1786280207783 0.9229999780654907 22549
1786280211237 0.9120000004768372 22599
1786280214645 0.9020000100135803 22649
1786280218088 0.9129999876022339 22699
1786280221478 0.9369999766349792 22749
1786280224925 0.9279999732971191 22799
1786280228311 0.9139999747276306 22849
1786280231777 0.9290000200271606 22899
1786280235201 0.9210000038146973 22949
1786280238541 0.9399999976158142 22999
1786280241952 0.9150000214576721 23049
1786280245439 0.9070000052452087 23099
1786280248947 0.9070000052452087 23149
1786280252384 0.9139999747276306 23199
1786280255824 0.9319999814033508 23249
1786280259340 0.9229999780654907 23299
1786280262896 0.8960000276565552 23349
1786280266383 0.9350000023841858 23399
1786280269850 0.9129999876022339 23449
1786280273330 0.9110000133514404 23499
1786280276784 0.9139999747276306 23549
1786280280224 0.9169999957084656 23599
1786280283696 0.921999990940094 23649
1786280287162 0.9160000085830688 23699
1786280290628 0.9430000185966492 23749
1786280294152 0.890999972820282 23799
1786280297572 0.9039999842643738 23849
1786280301088 0.9210000038146973 23899
1786280304834 0.9120000004768372 23949
1786280308373 0.9129999876022339 23999
1786280311871 0.9160000085830688 24049
1786280315374 0.906000018119812 24099
1786280318928 0.906000018119812 24149
1786280322513 0.9179999828338623 24199
1786280326154 0.9390000104904175 24249
1786280329726 0.9350000023841858 24299
1786280333302 0.9319999814033508 24349
1786280336801 0.921999990940094 24399
1786280340347 0.9369999766349792 24449
1786280343863 0.9350000023841858 24499
1786280347367 0.9269999861717224 24549
1786280350892 0.9150000214576721 24599
1786280354385 0.8989999890327454 24649
1786280357945 0.9309999942779541 24699
1786280361524 0.9169999957084656 24749
1786280365048 0.9020000100135803 24799
1786280368606 0.9190000295639038 24849
1786280372186 0.921999990940094 24899
1786280375808 0.9330000281333923 24949
1786280379381 0.9309999942779541 24999
1786280382934 0.9380000233650208 25049
1786280386453 0.902999997138977 25099
1786280389967 0.9200000166893005 25149
1786280393527 0.875 25199
1786280397155 0.9179999828338623 25249
1786280400810 0.9229999780654907 25299
1786280404335 0.9079999923706055 25349
1786280407773 0.8730000257492065 25399
1786280411255 0.9200000166893005 25449
1786280414740 0.9100000262260437 25499
1786280418462 0.9160000085830688 25549
1786280422150 0.9390000104904175 25599
1786280425507 0.9279999732971191 25649
1786280429037 0.9229999780654907 25699
1786280432440 0.921999990940094 25749
1786280435835 0.9279999732971191 25799
1786280439332 0.9259999990463257 25849
1786280442731 0.9079999923706055 25899
1786280446119 0.890999972820282 25949
1786280449601 0.9160000085830688 25999
1786280453033 0.902999997138977 26049
1786280456570 0.9129999876022339 26099
1786280460037 0.9079999923706055 26149
1786280463450 0.906000018119812 26199
1786280466926 0.9309999942779541 26249
1786280470396 0.921999990940094 26299
1786280473885 0.9290000200271606 26349
1786280477276 0.9200000166893005 26399
1786280480732 0.9089999794960022 26449
1786280484212 0.9290000200271606 26499
1786280487573 0.9340000152587891 26549
1786280491043 0.925000011920929 26599
1786280494422 0.9300000071525574 26649
1786280497817 0.921999990940094 26699
1786280501167 0.921999990940094 26749
1786280504480 0.9210000038146973 26799
1786280507860 0.9129999876022339 26849
1786280511310 0.9269999861717224 26899
1786280514694 0.9330000281333923 26949
1786280517978 0.9340000152587891 26999
1786280521325 0.9480000138282776 27049
1786280524666 0.921999990940094 27099
1786280528370 0.9390000104904175 27149
1786280531783 0.9100000262260437 27199
1786280535250 0.8960000276565552 27249
1786280538722 0.9160000085830688 27299
1786280542141 0.921999990940094 27349
1786280545547 0.9350000023841858 27399
1786280548894 0.9089999794960022 27449
1786280552290 0.9319999814033508 27499
1786280555693 0.902999997138977 27549
1786280559076 0.9440000057220459 27599
1786280562477 0.9089999794960022 27649
1786280565808 0.9089999794960022 27699
1786280569216 0.9309999942779541 27749
1786280572561 0.9110000133514404 27799
1786280575900 0.9269999861717224 27849
1786280579280 0.9330000281333923 27899
1786280582641 0.8930000066757202 27949
1786280585901 0.9190000295639038 27999
1786280589211 0.9380000233650208 28049
1786280592605 0.9120000004768372 28099
1786280596101 0.9120000004768372 28149
1786280599573 0.9279999732971191 28199
1786280602947 0.925000011920929 28249
1786280606323 0.9259999990463257 28299
1786280609773 0.9210000038146973 28349
1786280613389 0.9169999957084656 28399
1786280617016 0.9409999847412109 28449
1786280620649 0.9269999861717224 28499
1786280624056 0.925000011920929 28549
1786280627428 0.921999990940094 28599
1786280630765 0.9100000262260437 28649
1786280634090 0.9049999713897705 28699
