1786278451180 23.0 49
1786278455258 24.0 99
1786278459710 27.0 149
1786278463848 27.0 199
1786278467879 27.0 249
1786278471783 33.0 299
1786278475894 39.0 349
1786278479889 53.0 399
1786278483925 58.0 449
1786278487828 71.0 499
1786278491800 87.0 549
1786278495687 94.0 599
1786278499562 109.0 649
1786278503522 122.0 699
1786278507429 152.0 749
1786278511343 195.0 799
1786278515277 246.0 849
1786278519162 246.0 899
1786278523057 285.0 949
1786278526937 289.0 999
1786278530810 298.0 1049
1786278534713 349.0 1099
1786278538594 390.0 1149
1786278542471 450.0 1199
1786278546350 489.0 1249
1786278550255 545.0 1299
1786278554034 525.0 1349
1786278557846 619.0 1399
1786278561693 641.0 1449
1786278565693 638.0 1499
1786278569584 676.0 1549
1786278573827 709.0 1599
1786278577435 754.0 1649
1786278581029 787.0 1699
1786278584676 799.0 1749
1786278588345 849.0 1799
1786278591938 848.0 1849
1786278595564 845.0 1899
1786278599194 835.0 1949
1786278602871 863.0 1999
1786278606611 864.0 2049
1786278610204 881.0 2099
1786278613897 889.0 2149
1786278617662 855.0 2199
1786278621368 904.0 2249
1786278625088 896.0 2299
1786278628743 895.0 2349
1786278632447 891.0 2399
1786278636124 897.0 2449
1786278639934 917.0 2499
1786278643674 907.0 2549
1786278647486 917.0 2599
1786278651126 924.0 2649
1786278654880 929.0 2699
1786278658592 929.0 2749
1786278662322 936.0 2799
1786278666061 934.0 2849
1786278669864 932.0 2899
1786278673729 929.0 2949
1786278677601 928.0 2999
1786278681421 925.0 3049
1786278685236 939.0 3099
1786278688862 946.0 3149
1786278692921 955.0 3199
1786278696650 932.0 3249
1786278700352 926.0 3299
1786278703937 940.0 3349
1786278707663 949.0 3399
1786278711416 933.0 3449
1786278715120 954.0 3499
1786278718782 948.0 3549
1786278722520 930.0 3599
1786278726284 948.0 3649
1786278729911 951.0 3699
1786278733638 939.0 3749
1786278737414 956.0 3799
1786278741170 941.0 3849
1786278744812 946.0 3899
1786278748398 939.0 3949
1786278751999 925.0 3999
1786278755663 944.0 4049
1786278759352 940.0 4099
1786278762909 953.0 4149
1786278766421 937.0 4199
1786278770104 930.0 4249
1786278773692 943.0 4299
1786278777271 936.0 4349
1786278780918 938.0 4399
1786278784563 957.0 4449
1786278788267 949.0 4499
1786278791845 956.0 4549
1786278795540 943.0 4599
1786278799243 949.0 4649
1786278802857 953.0 4699
1786278806494 943.0 4749
1786278810400 923.0 4799
1786278814032 936.0 4849
1786278817761 946.0 4899
1786278821322 934.0 4949
1786278824990 934.0 4999
1786278828653 946.0 5049
1786278832309 922.0 5099
1786278835926 901.0 5149
1786278839609 930.0 5199
1786278843269 930.0 5249
1786278847004 926.0 5299
1786278850743 946.0 5349
1786278854516 943.0 5399
1786278858300 926.0 5449
1786278862035 923.0 5499
1786278865685 929.0 5549
1786278869408 956.0 5599
1786278873177 942.0 5649
1786278876897 920.0 5699
1786278880627 933.0 5749
1786278884398 935.0 5799
1786278887994 943.0 5849
1786278891585 931.0 5899
1786278895231 952.0 5949
1786278898847 938.0 5999
1786278902482 927.0 6049
1786278906173 917.0 6099
1786278909828 937.0 6149
1786278913542 937.0 6199
1786278917201 919.0 6249
1786278920910 931.0 6299
1786278924537 923.0 6349
1786278928561 943.0 6399
1786278932227 948.0 6449
1786278936003 955.0 6499
1786278939700 947.0 6549
1786278943373 948.0 6599
1786278947184 941.0 6649
1786278951008 949.0 6699
1786278954679 926.0 6749
1786278958436 944.0 6799
1786278962151 933.0 6849
1786278965953 898.0 6899
1786278969755 943.0 6949
1786278973402 922.0 6999
1786278976986 916.0 7049
1786278980581 909.0 7099
1786278984235 934.0 7149
1786278987858 937.0 7199
1786278991446 891.0 7249
1786278995086 911.0 7299
1786278998686 935.0 7349
1786279002340 931.0 7399
1786279005998 914.0 7449
1786279009651 919.0 7499
1786279013298 922.0 7549
1786279016924 934.0 7599
1786279020422 927.0 7649
1786279024040 915.0 7699
1786279027626 928.0 7749
1786279031186 954.0 7799
1786279034817 929.0 7849
1786279038383 936.0 7899
1786279041975 944.0 7949
1786279045845 940.0 7999
1786279049419 936.0 8049
1786279053131 939.0 8099
1786279056715 936.0 8149
1786279060311 932.0 8199
1786279063909 930.0 8249
1786279067421 914.0 8299
1786279070905 947.0 8349
1786279074367 936.0 8399
1786279077856 940.0 8449
1786279081278 936.0 8499
1786279084746 914.0 8549
1786279088157 920.0 8599
1786279091563 922.0 8649
1786279095004 937.0 8699
1786279098455 941.0 8749
1786279101893 925.0 8799
1786279105332 916.0 8849
1786279108779 923.0 8899
1786279112245 910.0 8949
1786279115692 926.0 8999
1786279119157 930.0 9049
1786279122565 917.0 9099
1786279125973 934.0 9149
1786279129451 923.0 9199
1786279132799 939.0 9249
1786279136251 935.0 9299
1786279139670 935.0 9349
1786279143106 918.0 9399
1786279146512 930.0 9449
1786279149845 928.0 9499
1786279153211 901.0 9549
1786279220788 925.0 9599
1786279224623 929.0 9649
1786279228495 932.0 9699
1786279232320 935.0 9749
1786279236206 928.0 9799
1786279240075 918.0 9849
1786279244080 940.0 9899
1786279247998 916.0 9949
1786279252064 911.0 9999
1786279255980 918.0 10049
1786279259824 907.0 10099
1786279263613 932.0 10149
1786279267415 928.0 10199
1786279271184 891.0 10249
1786279275010 921.0 10299
1786279278785 906.0 10349
1786279282518 911.0 10399
1786279286166 921.0 10449
1786279289834 902.0 10499
1786279293566 935.0 10549
1786279297249 921.0 10599
1786279301008 895.0 10649
1786279304705 937.0 10699
1786279308359 917.0 10749
1786279311804 935.0 10799
1786279315220 931.0 10849
1786279318734 924.0 10899
1786279322265 906.0 10949
1786279325815 910.0 10999
1786279329213 925.0 11049
1786279332732 939.0 11099
1786279336124 941.0 11149
1786279339873 934.0 11199
1786279343334 948.0 11249
1786279346701 927.0 11299
1786279350117 927.0 11349
1786279353630 916.0 11399
1786279357143 944.0 11449
1786279360662 941.0 11499
1786279364349 928.0 11549
1786279368330 941.0 11599
1786279372145 925.0 11649
1786279376014 929.0 11699
1786279379850 931.0 11749
1786279383729 907.0 11799
1786279387611 940.0 11849
1786279391516 941.0 11899
1786279395261 897.0 11949
1786279398976 928.0 11999
1786279402664 915.0 12049
1786279406298 935.0 12099
1786279409938 947.0 12149
1786279413562 933.0 12199
1786279417168 922.0 12249
1786279420926 943.0 12299
1786279424600 922.0 12349
1786279428271 920.0 12399
1786279431917 934.0 12449
1786279435561 927.0 12499
1786279439178 928.0 12549
1786279442710 910.0 12599
1786279446391 917.0 12649
1786279450034 906.0 12699
1786279453737 926.0 12749
1786279457830 917.0 12799
1786279461629 930.0 12849
1786279465343 920.0 12899
1786279468892 915.0 12949
1786279472588 921.0 12999
1786279476245 919.0 13049
1786279479845 924.0 13099
1786279483360 922.0 13149
1786279486990 915.0 13199
1786279490910 927.0 13249
1786279494811 922.0 13299
1786279498392 927.0 13349
1786279501869 882.0 13399
1786279505443 912.0 13449
1786279508988 924.0 13499
1786279512580 894.0 13549
1786279516181 910.0 13599
1786279519821 923.0 13649
1786279523503 937.0 13699
1786279527174 925.0 13749
1786279530806 911.0 13799
1786279534448 918.0 13849
1786279538034 923.0 13899
1786279541719 919.0 13949
1786279545390 923.0 13999
1786279549122 917.0 14049
1786279552743 929.0 14099
1786279556381 901.0 14149
1786279559951 924.0 14199
1786279563503 930.0 14249
1786279567016 905.0 14299
1786279570544 938.0 14349
1786279574370 908.0 14399
1786279577961 872.0 14449
1786279581422 930.0 14499
1786279584792 926.0 14549
1786279588224 919.0 14599
1786279591626 891.0 14649
1786279595050 917.0 14699
1786279598508 921.0 14749
1786279601940 910.0 14799
1786279605435 915.0 14849
1786279608914 890.0 14899
1786279612393 926.0 14949
1786279615819 895.0 14999
1786279619314 917.0 15049
1786279622780 941.0 15099
1786279626303 931.0 15149
1786279629705 889.0 15199
1786279633197 917.0 15249
1786279636698 915.0 15299
1786279640118 904.0 15349
1786279643674 933.0 15399
1786279647092 934.0 15449
1786279650520 905.0 15499
1786279654043 925.0 15549
1786279657560 914.0 15599
1786279661064 927.0 15649
1786279664545 917.0 15699
1786279668169 921.0 15749
1786279671964 906.0 15799
1786279675573 932.0 15849
1786279679175 925.0 15899
1786279682764 933.0 15949
1786279686655 918.0 15999
1786279690319 923.0 16049
1786279693859 927.0 16099
1786279697457 928.0 16149
1786279701020 917.0 16199
1786279704622 898.0 16249
1786279708228 921.0 16299
1786279711890 919.0 16349
1786279715508 889.0 16399
1786279719037 905.0 16449
1786279722571 943.0 16499
1786279726194 902.0 16549
1786279729841 915.0 16599
1786279733435 925.0 16649
1786279736971 927.0 16699
1786279740485 903.0 16749
1786279744065 899.0 16799
1786279747694 886.0 16849
1786279751242 885.0 16899
1786279754884 911.0 16949
1786279758513 934.0 16999
1786279762163 918.0 17049
1786279765690 899.0 17099
1786279769409 927.0 17149
1786279772964 900.0 17199
1786279776517 915.0 17249
1786279779979 920.0 17299
1786279783536 910.0 17349
1786279787019 918.0 17399
1786279790547 920.0 17449
1786279793994 902.0 17499
1786279797478 916.0 17549
1786279801254 898.0 17599
1786279804710 925.0 17649
1786279808131 896.0 17699
1786279811581 925.0 17749
1786279815110 912.0 17799
1786279818680 927.0 17849
1786279822252 897.0 17899
1786279825801 872.0 17949
1786279829314 911.0 17999
1786279832869 904.0 18049
1786279836426 916.0 18099
1786279839884 905.0 18149
1786279843458 920.0 18199
1786279846919 914.0 18249
1786279850324 918.0 18299
1786279853818 926.0 18349
1786279857244 952.0 18399
1786279860680 913.0 18449
1786279864119 913.0 18499
1786279867505 904.0 18549
1786279870886 908.0 18599
1786279874311 893.0 18649
1786279877682 903.0 18699
1786279881025 894.0 18749
1786279884298 892.0 18799
1786279887617 877.0 18849
1786279890958 871.0 18899
1786279894353 910.0 18949
1786279897796 913.0 18999
1786279901277 910.0 19049
1786279904665 902.0 19099
1786279908011 907.0 19149
1786279973891 906.0 19199
1786279977307 878.0 19249
1786279980706 891.0 19299
1786279984178 917.0 19349
1786279987669 896.0 19399
1786279991074 909.0 19449
1786279994595 909.0 19499
1786279998046 901.0 19549
1786280001507 929.0 19599
1786280005005 884.0 19649
1786280008556 932.0 19699
1786280011981 912.0 19749
1786280015523 933.0 19799
1786280019058 893.0 19849
1786280022580 934.0 19899
1786280026053 914.0 19949
1786280029545 871.0 19999
1786280033105 900.0 20049
1786280036590 909.0 20099
1786280040236 918.0 20149
1786280043704 924.0 20199
1786280047182 923.0 20249
1786280050617 922.0 20299
1786280054155 911.0 20349
1786280057696 911.0 20399
1786280061210 935.0 20449
1786280064678 878.0 20499
1786280068171 924.0 20549
1786280071717 890.0 20599
1786280075228 933.0 20649
1786280078776 929.0 20699
1786280082658 914.0 20749
1786280086133 925.0 20799
1786280089530 925.0 20849
1786280092953 929.0 20899
1786280096326 939.0 20949
1786280099724 933.0 20999
1786280103187 891.0 21049
1786280106693 920.0 21099
1786280110304 921.0 21149
1786280113815 923.0 21199
1786280117312 894.0 21249
1786280120853 914.0 21299
1786280124209 937.0 21349
1786280127708 940.0 21399
1786280131193 927.0 21449
1786280134678 894.0 21499
1786280138178 933.0 21549
1786280141710 894.0 21599
1786280145180 918.0 21649
1786280148691 935.0 21699
1786280152188 924.0 21749
1786280155704 933.0 21799
1786280159238 920.0 21849
1786280162653 904.0 21899
1786280166098 923.0 21949
1786280169538 936.0 21999
1786280172998 911.0 22049
1786280176468 903.0 22099
1786280179895 936.0 22149
1786280183304 920.0 22199
1786280186779 936.0 22249
1786280190231 914.0 22299
1786280193952 916.0 22349
1786280197278 930.0 22399
1786280200704 930.0 22449
1786280204225 911.0 22499
1786280207783 923.0 22549
1786280211237 912.0 22599
1786280214645 902.0 22649
1786280218088 913.0 22699
1786280221478 937.0 22749
1786280224925 928.0 22799
1786280228311 914.0 22849
1786280231777 929.0 22899
1786280235201 921.0 22949
1786280238541 940.0 22999
1786280241952 915.0 23049
1786280245439 907.0 23099
1786280248947 907.0 23149
1786280252384 914.0 23199
1786280255824 932.0 23249
1786280259340 923.0 23299
1786280262896 896.0 23349
1786280266383 935.0 23399
1786280269850 913.0 23449
1786280273330 911.0 23499
1786280276784 914.0 23549
1786280280224 917.0 23599
1786280283696 922.0 23649
1786280287162 916.0 23699
1786280290628 943.0 23749
1786280294152 891.0 23799
1786280297572 904.0 23849
1786280301088 921.0 23899
1786280304834 912.0 23949
1786280308373 913.0 23999
1786280311871 916.0 24049
1786280315374 906.0 24099
1786280318928 906.0 24149
1786280322513 918.0 24199
1786280326154 939.0 24249
1786280329726 935.0 24299
1786280333302 932.0 24349
1786280336801 922.0 24399
1786280340347 937.0 24449
1786280343863 935.0 24499
1786280347367 927.0 24549
1786280350892 915.0 24599
1786280354385 899.0 24649
1786280357945 931.0 24699
1786280361524 917.0 24749
1786280365048 902.0 24799
1786280368606 919.0 24849
1786280372186 922.0 24899
1786280375808 933.0 24949
1786280379381 931.0 24999
1786280382934 938.0 25049
1786280386453 903.0 25099
1786280389967 920.0 25149
1786280393527 875.0 25199
1786280397155 918.0 25249
1786280400810 923.0 25299
1786280404335 908.0 25349
1786280407773 873.0 25399
1786280411255 920.0 25449
1786280414740 910.0 25499
1786280418462 916.0 25549
1786280422150 939.0 25599
1786280425507 928.0 25649
1786280429037 923.0 25699
1786280432440 922.0 25749
1786280435835 928.0 25799
1786280439332 926.0 25849
1786280442731 908.0 25899
1786280446119 891.0 25949
1786280449601 916.0 25999
1786280453033 903.0 26049
1786280456570 913.0 26099
1786280460037 908.0 26149
1786280463450 906.0 26199
1786280466926 931.0 26249
1786280470396 922.0 26299
1786280473885 929.0 26349
1786280477276 920.0 26399
1786280480732 909.0 26449
1786280484212 929.0 26499
1786280487573 934.0 26549
1786280491043 925.0 26599
1786280494422 930.0 26649
1786280497817 922.0 26699
1786280501167 922.0 26749
1786280504480 921.0 26799
1786280507860 913.0 26849
1786280511310 927.0 26899
1786280514694 933.0 26949
1786280517978 934.0 26999
1786280521325 948.0 27049
1786280524666 922.0 27099
1786280528370 939.0 27149
1786280531783 910.0 27199
1786280535250 896.0 27249
1786280538722 916.0 27299
1786280542141 922.0 27349
1786280545547 935.0 27399
1786280548894 909.0 27449
1786280552290 932.0 27499
1786280555693 903.0 27549
1786280559076 944.0 27599
1786280562477 909.0 27649
1786280565808 909.0 27699
1786280569216 931.0 27749
1786280572561 911.0 27799
1786280575900 927.0 27849
1786280579280 933.0 27899
1786280582641 893.0 27949
1786280585901 919.0 27999
1786280589211 938.0 28049
1786280592605 912.0 28099
1786280596101 912.0 28149
1786280599573 928.0 28199
1786280602947 925.0 28249
1786280606323 926.0 28299
1786280609773 921.0 28349
1786280613389 917.0 28399
1786280617016 941.0 28449
1786280620649 927.0 28499
1786280624056 925.0 28549
1786280627428 922.0 28599
1786280630765 910.0 28649
1786280634090 905.0 28699
