1786278451180 -0.42926183342933655 49
1786278455258 -0.48411548137664795 99
1786278459710 -0.543699324131012 149
1786278463848 -0.5960416197776794 199
1786278467879 -0.645136833190918 249
1786278471783 -0.6707053184509277 299
1786278475894 -0.6899471879005432 349
1786278479889 -0.7166976928710938 399
1786278483925 -0.7353786826133728 449
1786278487828 -0.7499379515647888 499
1786278491800 -0.7840420007705688 549
1786278495687 -0.8187716603279114 599
1786278499562 -0.8380104899406433 649
1786278503522 -0.8369288444519043 699
1786278507429 -0.8499689102172852 749
1786278511343 -0.8682591319084167 799
1786278515277 -0.8787974715232849 849
1786278519162 -0.8946437835693359 899
1786278523057 -0.8959206938743591 949
1786278526937 -0.9159796833992004 999
1786278530810 -0.9073050022125244 1049
1786278534713 -0.9167128205299377 1099
1786278538594 -0.9232210516929626 1149
1786278542471 -0.9321967363357544 1199
1786278546350 -0.9451776146888733 1249
1786278550255 -0.951193630695343 1299
1786278554034 -0.9499567747116089 1349
1786278557846 -0.9604911208152771 1399
1786278561693 -0.9584527611732483 1449
1786278565693 -0.9620360732078552 1499
1786278569584 -0.9679305553436279 1549
1786278573827 -0.9718495011329651 1599
1786278577435 -0.9682020545005798 1649
1786278581029 -0.9736800193786621 1699
1786278584676 -0.9728250503540039 1749
1786278588345 -0.9766929745674133 1799
1786278591938 -0.9766451716423035 1849
1786278595564 -0.9776099920272827 1899
1786278599194 -0.9781947731971741 1949
1786278602871 -0.9754641652107239 1999
1786278606611 -0.9729710221290588 2049
1786278610204 -0.9738540053367615 2099
1786278613897 -0.9768210053443909 2149
1786278617662 -0.9738650321960449 2199
1786278621368 -0.9800273776054382 2249
1786278625088 -0.9779139757156372 2299
1786278628743 -0.9774278998374939 2349
1786278632447 -0.9787735342979431 2399
1786278636124 -0.9764924645423889 2449
1786278639934 -0.9800900816917419 2499
1786278643674 -0.9803169369697571 2549
1786278647486 -0.9706290364265442 2599
1786278651126 -0.9851832389831543 2649
1786278654880 -0.9814152121543884 2699
1786278658592 -0.9867016077041626 2749
1786278662322 -0.9833913445472717 2799
1786278666061 -0.9826356172561646 2849
1786278669864 -0.9844229221343994 2899
1786278673729 -0.9748091101646423 2949
1786278677601 -0.9871129393577576 2999
1786278681421 -0.9852423071861267 3049
1786278685236 -0.9807222485542297 3099
1786278688862 -0.9869680404663086 3149
1786278692921 -0.9853246808052063 3199
1786278696650 -0.9829389452934265 3249
1786278700352 -0.9835481643676758 3299
1786278703937 -0.9882889986038208 3349
1786278707663 -0.9859501123428345 3399
1786278711416 -0.9866322875022888 3449
1786278715120 -0.9867447018623352 3499
1786278718782 -0.9802871346473694 3549
1786278722520 -0.9897410869598389 3599
1786278726284 -0.9798616170883179 3649
1786278729911 -0.9840085506439209 3699
1786278733638 -0.9845582246780396 3749
1786278737414 -0.9858028292655945 3799
1786278741170 -0.9816352725028992 3849
1786278744812 -0.9845892190933228 3899
1786278748398 -0.98793625831604 3949
1786278751999 -0.983323872089386 3999
1786278755663 -0.9844127297401428 4049
1786278759352 -0.9869330525398254 4099
1786278762909 -0.9849274158477783 4149
1786278766421 -0.9828917980194092 4199
1786278770104 -0.9879310131072998 4249
1786278773692 -0.9818166494369507 4299
1786278777271 -0.9881041049957275 4349
1786278780918 -0.9868122935295105 4399
1786278784563 -0.9874282479286194 4449
1786278788267 -0.9855204820632935 4499
1786278791845 -0.98195880651474 4549
1786278795540 -0.9872897863388062 4599
1786278799243 -0.9857364296913147 4649
1786278802857 -0.9855242371559143 4699
1786278806494 -0.9838964343070984 4749
1786278810400 -0.9807610511779785 4799
1786278814032 -0.9845296740531921 4849
1786278817761 -0.9857650399208069 4899
1786278821322 -0.9802860617637634 4949
1786278824990 -0.9865678548812866 4999
1786278828653 -0.9848161339759827 5049
1786278832309 -0.9819146990776062 5099
1786278835926 -0.9846547245979309 5149
1786278839609 -0.9801908731460571 5199
1786278843269 -0.9840566515922546 5249
1786278847004 -0.984312891960144 5299
1786278850743 -0.9838829040527344 5349
1786278854516 -0.9847204685211182 5399
1786278858300 -0.9839498996734619 5449
1786278862035 -0.979010283946991 5499
1786278865685 -0.978211522102356 5549
1786278869408 -0.9870591759681702 5599
1786278873177 -0.9862685203552246 5649
1786278876897 -0.9809353947639465 5699
1786278880627 -0.9836524128913879 5749
1786278884398 -0.9792771339416504 5799
1786278887994 -0.9832490086555481 5849
1786278891585 -0.9838366508483887 5899
1786278895231 -0.9816021919250488 5949
1786278898847 -0.9834165573120117 5999
1786278902482 -0.9835029244422913 6049
1786278906173 -0.9835904836654663 6099
1786278909828 -0.9879312515258789 6149
1786278913542 -0.9783040285110474 6199
1786278917201 -0.982006311416626 6249
1786278920910 -0.982487142086029 6299
1786278924537 -0.9829836487770081 6349
1786278928561 -0.9849544167518616 6399
1786278932227 -0.9822999238967896 6449
1786278936003 -0.984119176864624 6499
1786278939700 -0.984756350517273 6549
1786278943373 -0.9834913015365601 6599
1786278947184 -0.984963595867157 6649
1786278951008 -0.9817785620689392 6699
1786278954679 -0.9869816899299622 6749
1786278958436 -0.985295295715332 6799
1786278962151 -0.9843190312385559 6849
1786278965953 -0.9848999381065369 6899
1786278969755 -0.9878312349319458 6949
1786278973402 -0.9834327697753906 6999
1786278976986 -0.9810599684715271 7049
1786278980581 -0.9845978021621704 7099
1786278984235 -0.9814520478248596 7149
1786278987858 -0.983120322227478 7199
1786278991446 -0.9824219346046448 7249
1786278995086 -0.9836251735687256 7299
1786278998686 -0.9805741310119629 7349
1786279002340 -0.983731210231781 7399
1786279005998 -0.9840953350067139 7449
1786279009651 -0.9840994477272034 7499
1786279013298 -0.982479453086853 7549
1786279016924 -0.9836485385894775 7599
1786279020422 -0.9830472469329834 7649
1786279024040 -0.9753416776657104 7699
1786279027626 -0.9806647300720215 7749
1786279031186 -0.9858860969543457 7799
1786279034817 -0.9838087558746338 7849
1786279038383 -0.9783906936645508 7899
1786279041975 -0.9832532405853271 7949
1786279045845 -0.9829006195068359 7999
1786279049419 -0.9849816560745239 8049
1786279053131 -0.9833378791809082 8099
1786279056715 -0.9854816794395447 8149
1786279060311 -0.9827967286109924 8199
1786279063909 -0.9794129133224487 8249
1786279067421 -0.9810562133789062 8299
1786279070905 -0.9827947616577148 8349
1786279074367 -0.9789938926696777 8399
1786279077856 -0.9826648831367493 8449
1786279081278 -0.9822893738746643 8499
1786279084746 -0.9841114282608032 8549
1786279088157 -0.9843325614929199 8599
1786279091563 -0.9824734926223755 8649
1786279095004 -0.986008882522583 8699
1786279098455 -0.9842635989189148 8749
1786279101893 -0.9840264320373535 8799
1786279105332 -0.9813781976699829 8849
1786279108779 -0.982724130153656 8899
1786279112245 -0.9825456142425537 8949
1786279115692 -0.9852359294891357 8999
1786279119157 -0.9764849543571472 9049
1786279122565 -0.9828414916992188 9099
1786279125973 -0.9833968877792358 9149
1786279129451 -0.9802998900413513 9199
1786279132799 -0.98086017370224 9249
1786279136251 -0.9824667572975159 9299
1786279139670 -0.9835729598999023 9349
1786279143106 -0.9776970744132996 9399
1786279146512 -0.9828315377235413 9449
1786279149845 -0.9818465113639832 9499
1786279153211 -0.9803261756896973 9549
1786279220788 -0.9857437610626221 9599
1786279224623 -0.9793645143508911 9649
1786279228495 -0.9798562526702881 9699
1786279232320 -0.9858972430229187 9749
1786279236206 -0.9813570380210876 9799
1786279240075 -0.9834381341934204 9849
1786279244080 -0.984129011631012 9899
1786279247998 -0.9831942319869995 9949
1786279252064 -0.9820326566696167 9999
1786279255980 -0.9839550256729126 10049
1786279259824 -0.9756318926811218 10099
1786279263613 -0.9820665717124939 10149
1786279267415 -0.9820056557655334 10199
1786279271184 -0.971655547618866 10249
1786279275010 -0.9816375374794006 10299
1786279278785 -0.9774436354637146 10349
1786279282518 -0.982414186000824 10399
1786279286166 -0.9781201481819153 10449
1786279289834 -0.9830611348152161 10499
1786279293566 -0.9839661121368408 10549
1786279297249 -0.9762914180755615 10599
1786279301008 -0.9820522665977478 10649
1786279304705 -0.9860080480575562 10699
1786279308359 -0.9832876324653625 10749
1786279311804 -0.9835262298583984 10799
1786279315220 -0.9822087287902832 10849
1786279318734 -0.9822206497192383 10899
1786279322265 -0.9796006083488464 10949
1786279325815 -0.981421947479248 10999
1786279329213 -0.9826518893241882 11049
1786279332732 -0.9838916659355164 11099
1786279336124 -0.9835799336433411 11149
1786279339873 -0.9868214726448059 11199
1786279343334 -0.9823248386383057 11249
1786279346701 -0.9860529899597168 11299
1786279350117 -0.9856385588645935 11349
1786279353630 -0.9841444492340088 11399
1786279357143 -0.9848453998565674 11449
1786279360662 -0.9840288162231445 11499
1786279364349 -0.983955442905426 11549
1786279368330 -0.9807111024856567 11599
1786279372145 -0.9854155778884888 11649
1786279376014 -0.9860827922821045 11699
1786279379850 -0.9852801561355591 11749
1786279383729 -0.9756618738174438 11799
1786279387611 -0.9766677618026733 11849
1786279391516 -0.984716534614563 11899
1786279395261 -0.9797446727752686 11949
1786279398976 -0.9791365265846252 11999
1786279402664 -0.985375165939331 12049
1786279406298 -0.9863293170928955 12099
1786279409938 -0.9837008714675903 12149
1786279413562 -0.9821164608001709 12199
1786279417168 -0.9808701276779175 12249
1786279420926 -0.9827728271484375 12299
1786279424600 -0.9773291349411011 12349
1786279428271 -0.9817673563957214 12399
1786279431917 -0.9799968600273132 12449
1786279435561 -0.9840101599693298 12499
1786279439178 -0.978444516658783 12549
1786279442710 -0.979510486125946 12599
1786279446391 -0.9791593551635742 12649
1786279450034 -0.9803974032402039 12699
1786279453737 -0.9719308614730835 12749
1786279457830 -0.9709849953651428 12799
1786279461629 -0.9810904264450073 12849
1786279465343 -0.9815319776535034 12899
1786279468892 -0.9779982566833496 12949
1786279472588 -0.974337637424469 12999
1786279476245 -0.9766671657562256 13049
1786279479845 -0.9742725491523743 13099
1786279483360 -0.9822657704353333 13149
1786279486990 -0.9767100811004639 13199
1786279490910 -0.9759297370910645 13249
1786279494811 -0.9833561778068542 13299
1786279498392 -0.9805111885070801 13349
1786279501869 -0.9725044965744019 13399
1786279505443 -0.9800311326980591 13449
1786279508988 -0.9794257879257202 13499
1786279512580 -0.9668217897415161 13549
1786279516181 -0.9799520969390869 13599
1786279519821 -0.9826960563659668 13649
1786279523503 -0.9792472124099731 13699
1786279527174 -0.9837329387664795 13749
1786279530806 -0.9804942011833191 13799
1786279534448 -0.9832732081413269 13849
1786279538034 -0.9776580929756165 13899
1786279541719 -0.9807743430137634 13949
1786279545390 -0.9784538745880127 13999
1786279549122 -0.9765520095825195 14049
1786279552743 -0.9827489852905273 14099
1786279556381 -0.975230872631073 14149
1786279559951 -0.9831159114837646 14199
1786279563503 -0.9773862957954407 14249
1786279567016 -0.9752583503723145 14299
1786279570544 -0.9779217839241028 14349
1786279574370 -0.9810082912445068 14399
1786279577961 -0.9790002703666687 14449
1786279581422 -0.9836663603782654 14499
1786279584792 -0.9796905517578125 14549
1786279588224 -0.9818339347839355 14599
1786279591626 -0.9738598465919495 14649
1786279595050 -0.9812847375869751 14699
1786279598508 -0.9812962412834167 14749
1786279601940 -0.9774853587150574 14799
1786279605435 -0.9832563996315002 14849
1786279608914 -0.978007435798645 14899
1786279612393 -0.9808081388473511 14949
1786279615819 -0.9811458587646484 14999
1786279619314 -0.9820589423179626 15049
1786279622780 -0.9851236939430237 15099
1786279626303 -0.9797259569168091 15149
1786279629705 -0.9732824563980103 15199
1786279633197 -0.9842453598976135 15249
1786279636698 -0.9799649119377136 15299
1786279640118 -0.9811457395553589 15349
1786279643674 -0.9784396290779114 15399
1786279647092 -0.9787919521331787 15449
1786279650520 -0.9802015423774719 15499
1786279654043 -0.9825374484062195 15549
1786279657560 -0.9778749346733093 15599
1786279661064 -0.9822518229484558 15649
1786279664545 -0.9817056655883789 15699
1786279668169 -0.9836450219154358 15749
1786279671964 -0.9810149669647217 15799
1786279675573 -0.9819275140762329 15849
1786279679175 -0.9705316424369812 15899
1786279682764 -0.981214702129364 15949
1786279686655 -0.9842724204063416 15999
1786279690319 -0.979921817779541 16049
1786279693859 -0.9818016290664673 16099
1786279697457 -0.9808590412139893 16149
1786279701020 -0.9802274703979492 16199
1786279704622 -0.984491229057312 16249
1786279708228 -0.9825382828712463 16299
1786279711890 -0.9780281782150269 16349
1786279715508 -0.9718535542488098 16399
1786279719037 -0.9739124178886414 16449
1786279722571 -0.9822152853012085 16499
1786279726194 -0.9799143671989441 16549
1786279729841 -0.9767451286315918 16599
1786279733435 -0.9815621972084045 16649
1786279736971 -0.9823153018951416 16699
1786279740485 -0.9794480800628662 16749
1786279744065 -0.9803955554962158 16799
1786279747694 -0.9784600734710693 16849
1786279751242 -0.9786068797111511 16899
1786279754884 -0.9795613288879395 16949
1786279758513 -0.9796417355537415 16999
1786279762163 -0.9790273904800415 17049
1786279765690 -0.9826114773750305 17099
1786279769409 -0.9793142080307007 17149
1786279772964 -0.9768526554107666 17199
1786279776517 -0.9762324094772339 17249
1786279779979 -0.9794119596481323 17299
1786279783536 -0.9732755422592163 17349
1786279787019 -0.9810816645622253 17399
1786279790547 -0.9810532927513123 17449
1786279793994 -0.9747109413146973 17499
1786279797478 -0.9814698696136475 17549
1786279801254 -0.9802073240280151 17599
1786279804710 -0.9760573506355286 17649
1786279808131 -0.9718806147575378 17699
1786279811581 -0.977400004863739 17749
1786279815110 -0.9776502251625061 17799
1786279818680 -0.9764271378517151 17849
1786279822252 -0.9800217747688293 17899
1786279825801 -0.9718565940856934 17949
1786279829314 -0.9757065176963806 17999
1786279832869 -0.9788049459457397 18049
1786279836426 -0.9805339574813843 18099
1786279839884 -0.9787201285362244 18149
1786279843458 -0.9796155691146851 18199
1786279846919 -0.9809627532958984 18249
1786279850324 -0.9833698868751526 18299
1786279853818 -0.9820112586021423 18349
1786279857244 -0.9817816019058228 18399
1786279860680 -0.9657480120658875 18449
1786279864119 -0.9728649258613586 18499
1786279867505 -0.9799768924713135 18549
1786279870886 -0.9703933000564575 18599
1786279874311 -0.9716503024101257 18649
1786279877682 -0.9783228039741516 18699
1786279881025 -0.9706559181213379 18749
1786279884298 -0.9772145748138428 18799
1786279887617 -0.9692093729972839 18849
1786279890958 -0.9775140881538391 18899
1786279894353 -0.9823365807533264 18949
1786279897796 -0.9774236679077148 18999
1786279901277 -0.9816743731498718 19049
1786279904665 -0.9808295369148254 19099
1786279908011 -0.9781443476676941 19149
1786279973891 -0.9787890911102295 19199
1786279977307 -0.9725141525268555 19249
1786279980706 -0.9758111238479614 19299
1786279984178 -0.9801267981529236 19349
1786279987669 -0.9718116521835327 19399
1786279991074 -0.978879451751709 19449
1786279994595 -0.9743286371231079 19499
1786279998046 -0.9784594774246216 19549
1786280001507 -0.9787943959236145 19599
1786280005005 -0.9744032621383667 19649
1786280008556 -0.9802495837211609 19699
1786280011981 -0.9796788096427917 19749
1786280015523 -0.98119056224823 19799
1786280019058 -0.9744220972061157 19849
1786280022580 -0.9828916788101196 19899
1786280026053 -0.9776647090911865 19949
1786280029545 -0.9734752774238586 19999
1786280033105 -0.9742557406425476 20049
1786280036590 -0.9775761961936951 20099
1786280040236 -0.9808375239372253 20149
1786280043704 -0.9722579121589661 20199
1786280047182 -0.9838932156562805 20249
1786280050617 -0.9825875163078308 20299
1786280054155 -0.9805908203125 20349
1786280057696 -0.9814378023147583 20399
1786280061210 -0.982074499130249 20449
1786280064678 -0.9770746231079102 20499
1786280068171 -0.9807411432266235 20549
1786280071717 -0.9817636609077454 20599
1786280075228 -0.9823359251022339 20649
1786280078776 -0.9812142252922058 20699
1786280082658 -0.9787447452545166 20749
1786280086133 -0.9812901020050049 20799
1786280089530 -0.9813014268875122 20849
1786280092953 -0.9795556664466858 20899
1786280096326 -0.981742799282074 20949
1786280099724 -0.9764083623886108 20999
1786280103187 -0.977107048034668 21049
1786280106693 -0.9651864171028137 21099
1786280110304 -0.9723518490791321 21149
1786280113815 -0.9806181192398071 21199
1786280117312 -0.9830558896064758 21249
1786280120853 -0.9803743958473206 21299
1786280124209 -0.978340208530426 21349
1786280127708 -0.9822855591773987 21399
1786280131193 -0.9810050129890442 21449
1786280134678 -0.9816911816596985 21499
1786280138178 -0.9813315868377686 21549
1786280141710 -0.972734808921814 21599
1786280145180 -0.981207549571991 21649
1786280148691 -0.976692259311676 21699
1786280152188 -0.9812172651290894 21749
1786280155704 -0.9779954552650452 21799
1786280159238 -0.9792355298995972 21849
1786280162653 -0.9800829291343689 21899
1786280166098 -0.9815425276756287 21949
1786280169538 -0.9797754883766174 21999
1786280172998 -0.9747927188873291 22049
1786280176468 -0.9829115867614746 22099
1786280179895 -0.9827783703804016 22149
1786280183304 -0.9801986813545227 22199
1786280186779 -0.9719144105911255 22249
1786280190231 -0.9785638451576233 22299
1786280193952 -0.9798795580863953 22349
1786280197278 -0.9779058694839478 22399
1786280200704 -0.9793127179145813 22449
1786280204225 -0.9787625074386597 22499
1786280207783 -0.9832187294960022 22549
1786280211237 -0.9784974455833435 22599
1786280214645 -0.9847351312637329 22649
1786280218088 -0.9830129146575928 22699
1786280221478 -0.9804790019989014 22749
1786280224925 -0.9784581065177917 22799
1786280228311 -0.9784457087516785 22849
1786280231777 -0.9816470742225647 22899
1786280235201 -0.9781891703605652 22949
1786280238541 -0.9799119830131531 22999
1786280241952 -0.9801948666572571 23049
1786280245439 -0.9783371686935425 23099
1786280248947 -0.9799478054046631 23149
1786280252384 -0.9799981713294983 23199
1786280255824 -0.9810501337051392 23249
1786280259340 -0.9824787974357605 23299
1786280262896 -0.9758758544921875 23349
1786280266383 -0.9841909408569336 23399
1786280269850 -0.9762668609619141 23449
1786280273330 -0.9718427062034607 23499
1786280276784 -0.9817151427268982 23549
1786280280224 -0.9803021550178528 23599
1786280283696 -0.9799008369445801 23649
1786280287162 -0.9758231043815613 23699
1786280290628 -0.9810784459114075 23749
1786280294152 -0.9749367833137512 23799
1786280297572 -0.9765969514846802 23849
1786280301088 -0.9843629598617554 23899
1786280304834 -0.9725225567817688 23949
1786280308373 -0.9818089604377747 23999
1786280311871 -0.9820716977119446 24049
1786280315374 -0.9701572060585022 24099
1786280318928 -0.9692225456237793 24149
1786280322513 -0.9820606708526611 24199
1786280326154 -0.9797167778015137 24249
1786280329726 -0.9805963039398193 24299
1786280333302 -0.9813427329063416 24349
1786280336801 -0.9776402711868286 24399
1786280340347 -0.9766314625740051 24449
1786280343863 -0.9817296862602234 24499
1786280347367 -0.9782235026359558 24549
1786280350892 -0.9762313961982727 24599
1786280354385 -0.9745929837226868 24649
1786280357945 -0.9787718057632446 24699
1786280361524 -0.9778674840927124 24749
1786280365048 -0.9811520576477051 24799
1786280368606 -0.9823155999183655 24849
1786280372186 -0.9768053293228149 24899
1786280375808 -0.9782564640045166 24949
1786280379381 -0.9811213612556458 24999
1786280382934 -0.9823312163352966 25049
1786280386453 -0.9790361523628235 25099
1786280389967 -0.9803018569946289 25149
1786280393527 -0.9681336283683777 25199
1786280397155 -0.9784900546073914 25249
1786280400810 -0.9795621633529663 25299
1786280404335 -0.9805379509925842 25349
1786280407773 -0.9712039232254028 25399
1786280411255 -0.9766601920127869 25449
1786280414740 -0.9752642512321472 25499
1786280418462 -0.9778299331665039 25549
1786280422150 -0.9809150099754333 25599
1786280425507 -0.9763628244400024 25649
1786280429037 -0.9815912842750549 25699
1786280432440 -0.9763582348823547 25749
1786280435835 -0.980771541595459 25799
1786280439332 -0.9772558808326721 25849
1786280442731 -0.9795708656311035 25899
1786280446119 -0.9777306914329529 25949
1786280449601 -0.977685272693634 25999
1786280453033 -0.9771543145179749 26049
1786280456570 -0.9806249141693115 26099
1786280460037 -0.979369580745697 26149
1786280463450 -0.9805886149406433 26199
1786280466926 -0.98260498046875 26249
1786280470396 -0.9802337288856506 26299
1786280473885 -0.9773953557014465 26349
1786280477276 -0.9766826033592224 26399
1786280480732 -0.9779970049858093 26449
1786280484212 -0.9805038571357727 26499
1786280487573 -0.9780673980712891 26549
1786280491043 -0.9773602485656738 26599
1786280494422 -0.9825344085693359 26649
1786280497817 -0.9820007085800171 26699
1786280501167 -0.9823967814445496 26749
1786280504480 -0.9796519875526428 26799
1786280507860 -0.9759226441383362 26849
1786280511310 -0.9754483103752136 26899
1786280514694 -0.9779482483863831 26949
1786280517978 -0.9704652428627014 26999
1786280521325 -0.9809752106666565 27049
1786280524666 -0.9794303178787231 27099
1786280528370 -0.9849855303764343 27149
1786280531783 -0.9767337441444397 27199
1786280535250 -0.9765517115592957 27249
1786280538722 -0.9776468873023987 27299
1786280542141 -0.9803063273429871 27349
1786280545547 -0.9810112118721008 27399
1786280548894 -0.9780287742614746 27449
1786280552290 -0.9817856550216675 27499
1786280555693 -0.9775637984275818 27549
1786280559076 -0.9828543066978455 27599
1786280562477 -0.9739890098571777 27649
1786280565808 -0.975895881652832 27699
1786280569216 -0.980202317237854 27749
1786280572561 -0.9788144826889038 27799
1786280575900 -0.9831708669662476 27849
1786280579280 -0.9734929800033569 27899
1786280582641 -0.9741669297218323 27949
1786280585901 -0.9785090088844299 27999
1786280589211 -0.9800752401351929 28049
1786280592605 -0.9812533855438232 28099
1786280596101 -0.9760732650756836 28149
1786280599573 -0.9792042970657349 28199
1786280602947 -0.9768937826156616 28249
1786280606323 -0.9729305505752563 28299
1786280609773 -0.9773366451263428 28349
1786280613389 -0.9803889393806458 28399
1786280617016 -0.983664870262146 28449
1786280620649 -0.9803943634033203 28499
1786280624056 -0.9811075925827026 28549
1786280627428 -0.9802579283714294 28599
1786280630765 -0.9818803668022156 28649
1786280634090 -0.9810948967933655 28699
