1786278573160 0.9960010647773743 1595
1786278691923 0.9960669279098511 3191
1786278809139 0.9961791038513184 4787
1786278926939 0.9963590502738953 6383
1786279044095 0.9965724945068359 7979
1786279218546 0.9968350529670715 9575
1786279337615 0.9971254467964172 11171
1786279454956 0.9974465370178223 12767
1786279571394 0.9977801442146301 14363
1786279683422 0.9981198906898499 15959
1786279797837 0.9984524846076965 17555
1786279970138 0.9987738728523254 19151
1786280082128 0.9990623593330383 20747
1786280193146 0.9993208050727844 22343
1786280303823 0.9995548725128174 23939
1786280417165 0.999712347984314 25535
1786280526800 0.999834418296814 27131
1786280696236 0.9998774528503418 28727
