1786278451180 0.9960000514984131 49
1786278455258 0.9960001111030579 99
1786278459710 0.9960002303123474 149
1786278463848 0.9960004687309265 199
1786278467879 0.9960007071495056 249
1786278471783 0.9960010647773743 299
1786278475894 0.9960014224052429 349
1786278479889 0.9960018396377563 399
1786278483925 0.9960023760795593 449
1786278487828 0.9960029125213623 499
1786278491800 0.9960035085678101 549
1786278495687 0.9960041642189026 599
1786278499562 0.9960048794746399 649
1786278503522 0.9960057139396667 699
1786278507429 0.9960065484046936 749
1786278511343 0.9960074424743652 799
1786278515277 0.9960083961486816 849
1786278519162 0.9960094094276428 899
1786278523057 0.9960104823112488 949
1786278526937 0.9960116147994995 999
1786278530810 0.996012806892395 1049
1786278534713 0.9960140585899353 1099
1786278538594 0.9960153698921204 1149
1786278542471 0.9960167407989502 1199
1786278546350 0.9960181713104248 1249
1786278550255 0.9960196614265442 1299
1786278554034 0.9960211515426636 1349
1786278557846 0.9960227608680725 1399
1786278561693 0.9960244297981262 1449
1786278565693 0.9960261583328247 1499
1786278569584 0.9960278868675232 1549
1786278573827 0.9960297346115112 1599
1786278577435 0.996031641960144 1649
1786278581029 0.9960335493087769 1699
1786278584676 0.9960355758666992 1749
1786278588345 0.9960376024246216 1799
1786278591938 0.9960397481918335 1849
1786278595564 0.9960418939590454 1899
1786278599194 0.9960440993309021 1949
1786278602871 0.9960464239120483 1999
1786278606611 0.9960487484931946 2049
1786278610204 0.9960511326789856 2099
1786278613897 0.9960535764694214 2149
1786278617662 0.9960561394691467 2199
1786278621368 0.9960587024688721 2249
1786278625088 0.9960613250732422 2299
1786278628743 0.9960640072822571 2349
1786278632447 0.9960667490959167 2399
1786278636124 0.9960694909095764 2449
1786278639934 0.9960723519325256 2499
1786278643674 0.9960752725601196 2549
1786278647486 0.9960782527923584 2599
1786278651126 0.9960812330245972 2649
1786278654880 0.9960843324661255 2699
1786278658592 0.9960874319076538 2749
1786278662322 0.9960906505584717 2799
1786278666061 0.9960938692092896 2849
1786278669864 0.9960971474647522 2899
1786278673729 0.9961005449295044 2949
1786278677601 0.9961039423942566 2999
1786278681421 0.9961073994636536 3049
1786278685236 0.9961109161376953 3099
1786278688862 0.9961144924163818 3149
1786278692921 0.9961181282997131 3199
1786278696650 0.9961217641830444 3249
1786278700352 0.9961255192756653 3299
1786278703937 0.9961293339729309 3349
1786278707663 0.9961331486701965 3399
1786278711416 0.9961370825767517 3449
1786278715120 0.9961410164833069 3499
1786278718782 0.9961450099945068 3549
1786278722520 0.9961490631103516 3599
1786278726284 0.9961531758308411 3649
1786278729911 0.9961573481559753 3699
1786278733638 0.9961615800857544 3749
1786278737414 0.9961658716201782 3799
1786278741170 0.9961702227592468 3849
1786278744812 0.9961745738983154 3899
1786278748398 0.9961790442466736 3949
1786278751999 0.9961835145950317 3999
1786278755663 0.9961880445480347 4049
1786278759352 0.9961926341056824 4099
1786278762909 0.9961972832679749 4149
1786278766421 0.9962019920349121 4199
1786278770104 0.9962067604064941 4249
1786278773692 0.9962115287780762 4299
1786278777271 0.9962164163589478 4349
1786278780918 0.9962213039398193 4399
1786278784563 0.9962262511253357 4449
1786278788267 0.9962312579154968 4499
1786278791845 0.9962363243103027 4549
1786278795540 0.9962414503097534 4599
1786278799243 0.9962466359138489 4649
1786278802857 0.9962518215179443 4699
1786278806494 0.9962571263313293 4749
1786278810400 0.9962624311447144 4799
1786278814032 0.9962677955627441 4849
1786278817761 0.9962732195854187 4899
1786278821322 0.996278703212738 4949
1786278824990 0.9962841868400574 4999
1786278828653 0.9962897896766663 5049
1786278832309 0.9962953925132751 5099
1786278835926 0.9963010549545288 5149
1786278839609 0.9963067770004272 5199
1786278843269 0.9963124990463257 5249
1786278847004 0.9963183403015137 5299
1786278850743 0.9963241815567017 5349
1786278854516 0.9963301420211792 5399
1786278858300 0.9963361024856567 5449
1786278862035 0.9963420629501343 5499
1786278865685 0.9963481426239014 5549
1786278869408 0.9963542222976685 5599
1786278873177 0.9963604211807251 5649
1786278876897 0.9963666200637817 5699
1786278880627 0.9963728189468384 5749
1786278884398 0.9963791370391846 5799
1786278887994 0.9963854551315308 5849
1786278891585 0.9963918924331665 5899
1786278895231 0.9963982701301575 5949
1786278898847 0.996404767036438 5999
1786278902482 0.9964113235473633 6049
1786278906173 0.9964178800582886 6099
1786278909828 0.9964244961738586 6149
1786278913542 0.9964311718940735 6199
1786278917201 0.9964378476142883 6249
1786278920910 0.9964446425437927 6299
1786278924537 0.9964514374732971 6349
1786278928561 0.9964582920074463 6399
1786278932227 0.9964651465415955 6449
1786278936003 0.9964721202850342 6499
1786278939700 0.9964790940284729 6549
1786278943373 0.9964860677719116 6599
1786278947184 0.9964931607246399 6649
1786278951008 0.9965002536773682 6699
1786278954679 0.9965074062347412 6749
1786278958436 0.996514618396759 6799
1786278962151 0.9965218305587769 6849
1786278965953 0.9965291619300842 6899
1786278969755 0.9965364336967468 6949
1786278973402 0.996543824672699 6999
1786278976986 0.9965512156486511 7049
1786278980581 0.996558666229248 7099
1786278984235 0.9965661764144897 7149
1786278987858 0.9965736865997314 7199
1786278991446 0.9965812563896179 7249
1786278995086 0.9965888857841492 7299
1786278998686 0.9965965747833252 7349
1786279002340 0.9966042637825012 7399
1786279005998 0.996612012386322 7449
1786279009651 0.9966197609901428 7499
1786279013298 0.9966275691986084 7549
1786279016924 0.9966354370117188 7599
1786279020422 0.9966433048248291 7649
1786279024040 0.9966512322425842 7699
1786279027626 0.9966592192649841 7749
1786279031186 0.9966672658920288 7799
1786279034817 0.9966753125190735 7849
1786279038383 0.9966833591461182 7899
1786279041975 0.9966915249824524 7949
1786279045845 0.9966996908187866 7999
1786279049419 0.9967078566551208 8049
1786279053131 0.9967160820960999 8099
1786279056715 0.9967243671417236 8149
1786279060311 0.9967327117919922 8199
1786279063909 0.9967410564422607 8249
1786279067421 0.9967494010925293 8299
1786279070905 0.9967578649520874 8349
1786279074367 0.9967663288116455 8399
1786279077856 0.9967747926712036 8449
1786279081278 0.9967833161354065 8499
1786279084746 0.9967918992042542 8549
1786279088157 0.9968004822731018 8599
1786279091563 0.9968091249465942 8649
1786279095004 0.9968177676200867 8699
1786279098455 0.9968264698982239 8749
1786279101893 0.9968351721763611 8799
1786279105332 0.9968439340591431 8849
1786279108779 0.9968527555465698 8899
1786279112245 0.9968615770339966 8949
1786279115692 0.9968704581260681 8999
1786279119157 0.9968793392181396 9049
1786279122565 0.996888279914856 9099
1786279125973 0.9968972206115723 9149
1786279129451 0.9969062209129333 9199
1786279132799 0.9969152212142944 9249
1786279136251 0.9969242811203003 9299
1786279139670 0.9969334006309509 9349
1786279143106 0.9969425201416016 9399
1786279146512 0.9969516396522522 9449
1786279149845 0.9969608187675476 9499
1786279153211 0.996969997882843 9549
1786279220788 0.9969792366027832 9599
1786279224623 0.9969885349273682 9649
1786279228495 0.9969977736473083 9699
1786279232320 0.9970071315765381 9749
1786279236206 0.9970164895057678 9799
1786279240075 0.9970258474349976 9849
1786279244080 0.9970352649688721 9899
1786279247998 0.9970446825027466 9949
1786279252064 0.9970541596412659 9999
1786279255980 0.9970636367797852 10049
1786279259824 0.9970731139183044 10099
1786279263613 0.9970826506614685 10149
1786279267415 0.9970922470092773 10199
1786279271184 0.9971018433570862 10249
1786279275010 0.997111439704895 10299
1786279278785 0.9971210360527039 10349
1786279282518 0.9971307516098022 10399
1786279286166 0.9971404075622559 10449
1786279289834 0.9971501231193542 10499
1786279293566 0.9971598386764526 10549
1786279297249 0.9971696138381958 10599
1786279301008 0.997179388999939 10649
1786279304705 0.9971892237663269 10699
1786279308359 0.9971990585327148 10749
1786279311804 0.9972088932991028 10799
1786279315220 0.9972187876701355 10849
1786279318734 0.9972286820411682 10899
1786279322265 0.9972385764122009 10949
1786279325815 0.9972485303878784 10999
1786279329213 0.9972584843635559 11049
1786279332732 0.9972684383392334 11099
1786279336124 0.9972784519195557 11149
1786279339873 0.9972884654998779 11199
1786279343334 0.997298538684845 11249
1786279346701 0.9973085522651672 11299
1786279350117 0.9973186254501343 11349
1786279353630 0.9973287582397461 11399
1786279357143 0.9973388910293579 11449
1786279360662 0.9973490238189697 11499
1786279364349 0.9973591566085815 11549
1786279368330 0.9973693490028381 11599
1786279372145 0.99737948179245 11649
1786279376014 0.9973897337913513 11699
1786279379850 0.9973999261856079 11749
1786279383729 0.9974101781845093 11799
1786279387611 0.9974204301834106 11849
1786279391516 0.997430682182312 11899
1786279395261 0.9974409937858582 11949
1786279398976 0.9974513053894043 11999
1786279402664 0.9974616169929504 12049
1786279406298 0.9974719285964966 12099
1786279409938 0.9974822402000427 12149
1786279413562 0.9974926114082336 12199
1786279417168 0.9975029826164246 12249
1786279420926 0.9975133538246155 12299
1786279424600 0.9975237846374512 12349
1786279428271 0.9975342154502869 12399
1786279431917 0.9975445866584778 12449
1786279435561 0.9975550770759583 12499
1786279439178 0.997565507888794 12549
1786279442710 0.9975759387016296 12599
1786279446391 0.9975864291191101 12649
1786279450034 0.9975969195365906 12699
1786279453737 0.997607409954071 12749
1786279457830 0.9976179003715515 12799
1786279461629 0.997628390789032 12849
1786279465343 0.9976389408111572 12899
1786279468892 0.9976494312286377 12949
1786279472588 0.9976599812507629 12999
1786279476245 0.9976705312728882 13049
1786279479845 0.9976810812950134 13099
1786279483360 0.9976916909217834 13149
1786279486990 0.9977022409439087 13199
1786279490910 0.9977127909660339 13249
1786279494811 0.997723400592804 13299
1786279498392 0.997734010219574 13349
1786279501869 0.997744619846344 13399
1786279505443 0.997755229473114 13449
1786279508988 0.997765839099884 13499
1786279512580 0.997776448726654 13549
1786279516181 0.9977870583534241 13599
1786279519821 0.9977976679801941 13649
1786279523503 0.9978083372116089 13699
1786279527174 0.9978189468383789 13749
1786279530806 0.9978296160697937 13799
1786279534448 0.9978402256965637 13849
1786279538034 0.9978508949279785 13899
1786279541719 0.9978615045547485 13949
1786279545390 0.9978721737861633 13999
1786279549122 0.9978828430175781 14049
1786279552743 0.9978935122489929 14099
1786279556381 0.9979041814804077 14149
1786279559951 0.9979147911071777 14199
1786279563503 0.9979254603385925 14249
1786279567016 0.9979361295700073 14299
1786279570544 0.9979467988014221 14349
1786279574370 0.9979574680328369 14399
1786279577961 0.9979681372642517 14449
1786279581422 0.9979788064956665 14499
1786279584792 0.9979894757270813 14549
1786279588224 0.9980000853538513 14599
1786279591626 0.9980107545852661 14649
1786279595050 0.9980214238166809 14699
1786279598508 0.9980320930480957 14749
1786279601940 0.9980427026748657 14799
1786279605435 0.9980533719062805 14849
1786279608914 0.9980640411376953 14899
1786279612393 0.9980746507644653 14949
1786279615819 0.9980853199958801 14999
1786279619314 0.9980959296226501 15049
1786279622780 0.9981065392494202 15099
1786279626303 0.998117208480835 15149
1786279629705 0.998127818107605 15199
1786279633197 0.998138427734375 15249
1786279636698 0.998149037361145 15299
1786279640118 0.998159646987915 15349
1786279643674 0.9981702566146851 15399
1786279647092 0.9981808066368103 15449
1786279650520 0.9981914162635803 15499
1786279654043 0.9982019662857056 15549
1786279657560 0.9982125759124756 15599
1786279661064 0.9982231259346008 15649
1786279664545 0.9982336759567261 15699
1786279668169 0.9982442259788513 15749
1786279671964 0.9982547760009766 15799
1786279675573 0.998265266418457 15849
1786279679175 0.9982758164405823 15899
1786279682764 0.9982863068580627 15949
1786279686655 0.9982967972755432 15999
1786279690319 0.9983072876930237 16049
1786279693859 0.9983177781105042 16099
1786279697457 0.9983282089233398 16149
1786279701020 0.9983386993408203 16199
1786279704622 0.998349130153656 16249
1786279708228 0.9983595609664917 16299
1786279711890 0.9983699917793274 16349
1786279715508 0.9983803629875183 16399
1786279719037 0.998390793800354 16449
1786279722571 0.9984011650085449 16499
1786279726194 0.9984115362167358 16549
1786279729841 0.998421847820282 16599
1786279733435 0.9984322190284729 16649
1786279736971 0.998442530632019 16699
1786279740485 0.9984528422355652 16749
1786279744065 0.9984631538391113 16799
1786279747694 0.9984734058380127 16849
1786279751242 0.9984836578369141 16899
1786279754884 0.9984939098358154 16949
1786279758513 0.9985041618347168 16999
1786279762163 0.9985143542289734 17049
1786279765690 0.99852454662323 17099
1786279769409 0.9985347390174866 17149
1786279772964 0.9985449314117432 17199
1786279776517 0.998555064201355 17249
1786279779979 0.9985651969909668 17299
1786279783536 0.9985752701759338 17349
1786279787019 0.9985854029655457 17399
1786279790547 0.9985954761505127 17449
1786279793994 0.998605489730835 17499
1786279797478 0.998615562915802 17549
1786279801254 0.9986255764961243 17599
1786279804710 0.9986355304718018 17649
1786279808131 0.9986454844474792 17699
1786279811581 0.9986554384231567 17749
1786279815110 0.9986653923988342 17799
1786279818680 0.9986752867698669 17849
1786279822252 0.9986851811408997 17899
1786279825801 0.9986950755119324 17949
1786279829314 0.9987049102783203 17999
1786279832869 0.9987146854400635 18049
1786279836426 0.9987245202064514 18099
1786279839884 0.9987342953681946 18149
1786279843458 0.998744010925293 18199
1786279846919 0.9987537860870361 18249
1786279850324 0.9987634420394897 18299
1786279853818 0.9987731575965881 18349
1786279857244 0.9987828135490417 18399
1786279860680 0.9987924098968506 18449
1786279864119 0.9988020062446594 18499
1786279867505 0.9988116025924683 18549
1786279870886 0.9988211393356323 18599
1786279874311 0.9988306760787964 18649
1786279877682 0.9988401532173157 18699
1786279881025 0.998849630355835 18749
1786279884298 0.9988591074943542 18799
1786279887617 0.9988685250282288 18849
1786279890958 0.9988778829574585 18899
1786279894353 0.998887300491333 18949
1786279897796 0.998896598815918 18999
1786279901277 0.9989058971405029 19049
1786279904665 0.9989151954650879 19099
1786279908011 0.9989244341850281 19149
1786279973891 0.9989336729049683 19199
1786279977307 0.9989428520202637 19249
1786279980706 0.9989520311355591 19299
1786279984178 0.9989611506462097 19349
1786279987669 0.9989702701568604 19399
1786279991074 0.9989793300628662 19449
1786279994595 0.9989883899688721 19499
1786279998046 0.9989973902702332 19549
1786280001507 0.9990063309669495 19599
1786280005005 0.9990152716636658 19649
1786280008556 0.9990242123603821 19699
1786280011981 0.9990330934524536 19749
1786280015523 0.9990419745445251 19799
1786280019058 0.9990507364273071 19849
1786280022580 0.9990595579147339 19899
1786280026053 0.9990683197975159 19949
1786280029545 0.9990770220756531 19999
1786280033105 0.9990857243537903 20049
1786280036590 0.9990943670272827 20099
1786280040236 0.9991029500961304 20149
1786280043704 0.999111533164978 20199
1786280047182 0.9991201162338257 20249
1786280050617 0.9991285800933838 20299
1786280054155 0.9991371035575867 20349
1786280057696 0.9991455078125 20399
1786280061210 0.9991539120674133 20449
1786280064678 0.9991623163223267 20499
1786280068171 0.9991706609725952 20549
1786280071717 0.999178946018219 20599
1786280075228 0.999187171459198 20649
1786280078776 0.999195396900177 20699
1786280082658 0.999203622341156 20749
1786280086133 0.9992117285728455 20799
1786280089530 0.9992198348045349 20849
1786280092953 0.9992279410362244 20899
1786280096326 0.999235987663269 20949
1786280099724 0.999243974685669 20999
1786280103187 0.9992519021034241 21049
1786280106693 0.9992598295211792 21099
1786280110304 0.9992676973342896 21149
1786280113815 0.9992755651473999 21199
1786280117312 0.9992833733558655 21249
1786280120853 0.9992911219596863 21299
1786280124209 0.9992988109588623 21349
1786280127708 0.9993064999580383 21399
1786280131193 0.9993141293525696 21449
1786280134678 0.9993217587471008 21499
1786280138178 0.9993293285369873 21549
1786280141710 0.999336838722229 21599
1786280145180 0.9993442893028259 21649
1786280148691 0.9993517398834229 21699
1786280152188 0.999359130859375 21749
1786280155704 0.9993664622306824 21799
1786280159238 0.9993737936019897 21849
1786280162653 0.9993810653686523 21899
1786280166098 0.9993882775306702 21949
1786280169538 0.9993954300880432 21999
1786280172998 0.9994025826454163 22049
1786280176468 0.9994096755981445 22099
1786280179895 0.999416708946228 22149
1786280183304 0.9994237422943115 22199
1786280186779 0.9994306564331055 22249
1786280190231 0.9994376301765442 22299
1786280193952 0.9994444847106934 22349
1786280197278 0.9994512796401978 22399
1786280200704 0.9994580745697021 22449
1786280204225 0.9994648098945618 22499
1786280207783 0.9994714856147766 22549
1786280211237 0.9994781613349915 22599
1786280214645 0.9994847774505615 22649
1786280218088 0.9994913339614868 22699
1786280221478 0.9994978308677673 22749
1786280224925 0.9995042681694031 22799
1786280228311 0.9995107054710388 22849
1786280231777 0.9995170831680298 22899
1786280235201 0.999523401260376 22949
1786280238541 0.9995296597480774 22999
1786280241952 0.9995359182357788 23049
1786280245439 0.9995420575141907 23099
1786280248947 0.9995481967926025 23149
1786280252384 0.9995542764663696 23199
1786280255824 0.9995602965354919 23249
1786280259340 0.9995663166046143 23299
1786280262896 0.9995722770690918 23349
1786280266383 0.9995781183242798 23399
1786280269850 0.9995839595794678 23449
1786280273330 0.9995898008346558 23499
1786280276784 0.9995955228805542 23549
1786280280224 0.9996012449264526 23599
1786280283696 0.9996068477630615 23649
1786280287162 0.9996124505996704 23699
1786280290628 0.9996179938316345 23749
1786280294152 0.9996235370635986 23799
1786280297572 0.9996289610862732 23849
1786280301088 0.9996343851089478 23899
1786280304834 0.9996396899223328 23949
1786280308373 0.9996449947357178 23999
1786280311871 0.999650239944458 24049
1786280315374 0.9996554255485535 24099
1786280318928 0.9996606111526489 24149
1786280322513 0.9996656775474548 24199
1786280326154 0.9996707439422607 24249
1786280329726 0.9996756911277771 24299
1786280333302 0.9996806383132935 24349
1786280336801 0.999685525894165 24399
1786280340347 0.9996903538703918 24449
1786280343863 0.9996951818466187 24499
1786280347367 0.9996998906135559 24549
1786280350892 0.9997045993804932 24599
1786280354385 0.9997091889381409 24649
1786280357945 0.9997137784957886 24699
1786280361524 0.9997183084487915 24749
1786280365048 0.9997227787971497 24799
1786280368606 0.999727189540863 24849
1786280372186 0.9997315406799316 24899
1786280375808 0.9997358322143555 24949
1786280379381 0.9997401237487793 24999
1786280382934 0.9997442960739136 25049
1786280386453 0.9997484683990479 25099
1786280389967 0.9997525215148926 25149
1786280393527 0.9997565746307373 25199
1786280397155 0.9997605681419373 25249
1786280400810 0.9997645020484924 25299
1786280404335 0.9997683763504028 25349
1786280407773 0.9997721910476685 25399
1786280411255 0.9997759461402893 25449
1786280414740 0.9997797012329102 25499
1786280418462 0.9997833371162415 25549
1786280422150 0.9997869729995728 25599
1786280425507 0.9997904896736145 25649
1786280429037 0.9997940063476562 25699
1786280432440 0.9997974634170532 25749
1786280435835 0.9998008012771606 25799
1786280439332 0.9998041391372681 25849
1786280442731 0.9998074173927307 25899
1786280446119 0.9998106360435486 25949
1786280449601 0.9998137950897217 25999
1786280453033 0.99981689453125 26049
1786280456570 0.9998199939727783 26099
1786280460037 0.9998229742050171 26149
1786280463450 0.9998258948326111 26199
1786280466926 0.9998287558555603 26249
1786280470396 0.9998316168785095 26299
1786280473885 0.9998343586921692 26349
1786280477276 0.9998371005058289 26399
1786280480732 0.9998397827148438 26449
1786280484212 0.9998423457145691 26499
1786280487573 0.9998449087142944 26549
1786280491043 0.999847412109375 26599
1786280494422 0.999849796295166 26649
1786280497817 0.999852180480957 26699
1786280501167 0.9998545050621033 26749
1786280504480 0.9998567700386047 26799
1786280507860 0.9998589754104614 26849
1786280511310 0.9998611211776733 26899
1786280514694 0.9998632073402405 26949
1786280517978 0.9998652338981628 26999
1786280521325 0.9998672008514404 27049
1786280524666 0.999869167804718 27099
1786280528370 0.999871015548706 27149
1786280531783 0.9998728036880493 27199
1786280535250 0.9998745322227478 27249
1786280538722 0.9998762607574463 27299
1786280542141 0.9998778700828552 27349
1786280545547 0.9998794198036194 27399
1786280548894 0.9998809695243835 27449
1786280552290 0.9998824000358582 27499
1786280555693 0.9998838305473328 27549
1786280559076 0.9998851418495178 27599
1786280562477 0.9998864531517029 27649
1786280565808 0.9998876452445984 27699
1786280569216 0.9998888373374939 27749
1786280572561 0.9998899698257446 27799
1786280575900 0.9998909831047058 27849
1786280579280 0.999891996383667 27899
1786280582641 0.9998929500579834 27949
1786280585901 0.9998937845230103 27999
1786280589211 0.9998946189880371 28049
1786280592605 0.9998953938484192 28099
1786280596101 0.9998961091041565 28149
1786280599573 0.999896764755249 28199
1786280602947 0.999897301197052 28249
1786280606323 0.999897837638855 28299
1786280609773 0.9998983144760132 28349
1786280613389 0.9998987317085266 28399
1786280617016 0.9998990893363953 28449
1786280620649 0.9998993873596191 28499
1786280624056 0.9998996257781982 28549
1786280627428 0.9998998045921326 28599
1786280630765 0.9998999238014221 28649
1786280634090 0.9998999834060669 28699
