1786278451180 1.1479103565216064 49
1786278455258 0.8763697147369385 99
1786278459710 0.7869862914085388 149
1786278463848 0.8303436636924744 199
1786278467879 0.8106210231781006 249
1786278471783 0.7918524742126465 299
1786278475894 0.7848355174064636 349
1786278479889 0.7184462547302246 399
1786278483925 0.7284104228019714 449
1786278487828 0.7689061760902405 499
1786278491800 0.8395813703536987 549
1786278495687 0.8049792647361755 599
1786278499562 0.9181565642356873 649
1786278503522 0.9089272022247314 699
1786278507429 0.9109687805175781 749
1786278511343 1.012281894683838 799
1786278515277 1.256718397140503 849
1786278519162 1.2372703552246094 899
1786278523057 1.3728938102722168 949
1786278526937 1.4456701278686523 999
1786278530810 1.502411127090454 1049
1786278534713 1.7319104671478271 1099
1786278538594 2.0505874156951904 1149
1786278542471 2.1458773612976074 1199
1786278546350 2.409724235534668 1249
1786278550255 2.747434616088867 1299
1786278554034 2.557650089263916 1349
1786278557846 2.771254301071167 1399
1786278561693 2.691181182861328 1449
1786278565693 2.7139623165130615 1499
1786278569584 2.455172300338745 1549
1786278573827 2.47908353805542 1599
1786278577435 4.108497619628906 1649
1786278581029 3.2490382194519043 1699
1786278584676 3.094472885131836 1749
1786278588345 4.443040370941162 1799
1786278591938 4.155405044555664 1849
1786278595564 4.043134689331055 1899
1786278599194 4.787837028503418 1949
1786278602871 3.8926942348480225 1999
1786278606611 3.4330992698669434 2049
1786278610204 4.136833190917969 2099
1786278613897 4.089547157287598 2149
1786278617662 4.848956108093262 2199
1786278621368 4.956130504608154 2249
1786278625088 4.5710883140563965 2299
1786278628743 5.39945650100708 2349
1786278632447 5.028234004974365 2399
1786278636124 5.678375720977783 2449
1786278639934 5.92958927154541 2499
1786278643674 5.264492988586426 2549
1786278647486 4.74197244644165 2599
1786278651126 6.399361610412598 2649
1786278654880 3.9675607681274414 2699
1786278658592 5.936834812164307 2749
1786278662322 4.834999084472656 2799
1786278666061 4.761087894439697 2849
1786278669864 6.329821586608887 2899
1786278673729 6.249074935913086 2949
1786278677601 6.058363914489746 2999
1786278681421 5.885031700134277 3049
1786278685236 6.040299892425537 3099
1786278688862 5.656710624694824 3149
1786278692921 7.206111907958984 3199
1786278696650 6.206778526306152 3249
1786278700352 5.2225165367126465 3299
1786278703937 6.837292671203613 3349
1786278707663 6.644997596740723 3399
1786278711416 6.559582710266113 3449
1786278715120 6.894168376922607 3499
1786278718782 6.689911365509033 3549
1786278722520 6.354829788208008 3599
1786278726284 5.370227336883545 3649
1786278729911 6.673900604248047 3699
1786278733638 8.415773391723633 3749
1786278737414 6.158499717712402 3799
1786278741170 7.062758445739746 3849
1786278744812 7.259252071380615 3899
1786278748398 7.666881561279297 3949
1786278751999 5.389690399169922 3999
1786278755663 9.427460670471191 4049
1786278759352 5.317139625549316 4099
1786278762909 7.056497573852539 4149
1786278766421 6.873322486877441 4199
1786278770104 7.028156280517578 4249
1786278773692 8.036271095275879 4299
1786278777271 7.728811264038086 4349
1786278780918 8.337775230407715 4399
1786278784563 6.9499382972717285 4449
1786278788267 7.541125297546387 4499
1786278791845 8.72485637664795 4549
1786278795540 7.718734264373779 4599
1786278799243 7.544458866119385 4649
1786278802857 9.734561920166016 4699
1786278806494 10.093756675720215 4749
1786278810400 8.050935745239258 4799
1786278814032 10.118704795837402 4849
1786278817761 9.456807136535645 4899
1786278821322 9.591633796691895 4949
1786278824990 8.942573547363281 4999
1786278828653 8.90231704711914 5049
1786278832309 8.462220191955566 5099
1786278835926 7.433615207672119 5149
1786278839609 6.505428314208984 5199
1786278843269 9.217586517333984 5249
1786278847004 9.913557052612305 5299
1786278850743 8.001319885253906 5349
1786278854516 8.821582794189453 5399
1786278858300 8.652647972106934 5449
1786278862035 8.189369201660156 5499
1786278865685 8.69521427154541 5549
1786278869408 6.706885814666748 5599
1786278873177 8.095134735107422 5649
1786278876897 9.382707595825195 5699
1786278880627 10.980792999267578 5749
1786278884398 10.308183670043945 5799
1786278887994 11.430624961853027 5849
1786278891585 11.432600021362305 5899
1786278895231 10.05723762512207 5949
1786278898847 11.132816314697266 5999
1786278902482 8.93260669708252 6049
1786278906173 10.477054595947266 6099
1786278909828 9.041536331176758 6149
1786278913542 6.794922828674316 6199
1786278917201 9.531105995178223 6249
1786278920910 10.12456226348877 6299
1786278924537 8.849303245544434 6349
1786278928561 8.433675765991211 6399
1786278932227 9.76253890991211 6449
1786278936003 9.860204696655273 6499
1786278939700 10.22926139831543 6549
1786278943373 9.169251441955566 6599
1786278947184 10.447446823120117 6649
1786278951008 10.003097534179688 6699
1786278954679 10.990175247192383 6749
1786278958436 11.301668167114258 6799
1786278962151 11.186800956726074 6849
1786278965953 9.02694034576416 6899
1786278969755 7.608131408691406 6949
1786278973402 10.655431747436523 6999
1786278976986 10.071907043457031 7049
1786278980581 10.235939025878906 7099
1786278984235 8.650774002075195 7149
1786278987858 10.701737403869629 7199
1786278991446 8.73074722290039 7249
1786278995086 7.872855186462402 7299
1786278998686 9.536031723022461 7349
1786279002340 8.751216888427734 7399
1786279005998 9.214716911315918 7449
1786279009651 10.20315170288086 7499
1786279013298 8.548460006713867 7549
1786279016924 11.544962882995605 7599
1786279020422 9.942499160766602 7649
1786279024040 7.573022842407227 7699
1786279027626 8.799365997314453 7749
1786279031186 8.533832550048828 7799
1786279034817 6.584627151489258 7849
1786279038383 6.803134441375732 7899
1786279041975 11.674739837646484 7949
1786279045845 8.975054740905762 7999
1786279049419 9.3755521774292 8049
1786279053131 8.797121047973633 8099
1786279056715 8.79513931274414 8149
1786279060311 8.442630767822266 8199
1786279063909 8.295174598693848 8249
1786279067421 10.04209041595459 8299
1786279070905 9.613279342651367 8349
1786279074367 8.422357559204102 8399
1786279077856 9.092227935791016 8449
1786279081278 9.629530906677246 8499
1786279084746 8.43221378326416 8549
1786279088157 7.213294506072998 8599
1786279091563 6.927649021148682 8649
1786279095004 9.476855278015137 8699
1786279098455 8.49165153503418 8749
1786279101893 10.53125 8799
1786279105332 7.231801509857178 8849
1786279108779 8.973705291748047 8899
1786279112245 7.290168762207031 8949
1786279115692 8.156118392944336 8999
1786279119157 9.36915111541748 9049
1786279122565 8.540472030639648 9099
1786279125973 6.883387565612793 9149
1786279129451 7.498625755310059 9199
1786279132799 9.109407424926758 9249
1786279136251 9.09214973449707 9299
1786279139670 7.908867835998535 9349
1786279143106 9.975420951843262 9399
1786279146512 10.607826232910156 9449
1786279149845 9.485865592956543 9499
1786279153211 8.0391845703125 9549
1786279220788 12.006714820861816 9599
1786279224623 9.474370002746582 9649
1786279228495 7.545830726623535 9699
1786279232320 8.37641429901123 9749
1786279236206 8.227509498596191 9799
1786279240075 9.217062950134277 9849
1786279244080 7.928746223449707 9899
1786279247998 10.175756454467773 9949
1786279252064 8.164412498474121 9999
1786279255980 10.5125150680542 10049
1786279259824 8.406020164489746 10099
1786279263613 9.979292869567871 10149
1786279267415 9.462603569030762 10199
1786279271184 8.922471046447754 10249
1786279275010 7.42905855178833 10299
1786279278785 11.994695663452148 10349
1786279282518 7.960369110107422 10399
1786279286166 9.264122009277344 10449
1786279289834 8.798972129821777 10499
1786279293566 9.413726806640625 10549
1786279297249 9.534612655639648 10599
1786279301008 11.210474014282227 10649
1786279304705 7.816159725189209 10699
1786279308359 8.798270225524902 10749
1786279311804 10.294753074645996 10799
1786279315220 10.370828628540039 10849
1786279318734 10.596364974975586 10899
1786279322265 6.408647060394287 10949
1786279325815 11.822603225708008 10999
1786279329213 7.7014360427856445 11049
1786279332732 10.41346263885498 11099
1786279336124 6.564152717590332 11149
1786279339873 8.927958488464355 11199
1786279343334 8.116528511047363 11249
1786279346701 6.8593316078186035 11299
1786279350117 6.907775402069092 11349
1786279353630 8.284896850585938 11399
1786279357143 7.232822418212891 11449
1786279360662 6.867285251617432 11499
1786279364349 11.03753662109375 11549
1786279368330 8.452423095703125 11599
1786279372145 9.824716567993164 11649
1786279376014 6.830218315124512 11699
1786279379850 8.842225074768066 11749
1786279383729 7.9363484382629395 11799
1786279387611 10.437723159790039 11849
1786279391516 8.526817321777344 11899
1786279395261 7.174088478088379 11949
1786279398976 9.130033493041992 11999
1786279402664 9.864503860473633 12049
1786279406298 7.741930961608887 12099
1786279409938 8.419313430786133 12149
1786279413562 6.216795921325684 12199
1786279417168 7.381760597229004 12249
1786279420926 7.245953559875488 12299
1786279424600 7.4718122482299805 12349
1786279428271 6.9348554611206055 12399
1786279431917 11.009482383728027 12449
1786279435561 8.291275978088379 12499
1786279439178 6.899922847747803 12549
1786279442710 6.657772064208984 12599
1786279446391 6.175631999969482 12649
1786279450034 8.626429557800293 12699
1786279453737 7.329075336456299 12749
1786279457830 7.752482891082764 12799
1786279461629 9.513042449951172 12849
1786279465343 8.517792701721191 12899
1786279468892 7.585343837738037 12949
1786279472588 7.992046356201172 12999
1786279476245 7.241860389709473 13049
1786279479845 10.259004592895508 13099
1786279483360 5.660193920135498 13149
1786279486990 6.627680778503418 13199
1786279490910 10.787618637084961 13249
1786279494811 7.342080593109131 13299
1786279498392 7.468700885772705 13349
1786279501869 6.944797515869141 13399
1786279505443 7.78574275970459 13449
1786279508988 6.642256259918213 13499
1786279512580 9.519804000854492 13549
1786279516181 7.6229143142700195 13599
1786279519821 8.23012924194336 13649
1786279523503 7.466270446777344 13699
1786279527174 8.283693313598633 13749
1786279530806 6.901744842529297 13799
1786279534448 11.083797454833984 13849
1786279538034 8.501795768737793 13899
1786279541719 8.765538215637207 13949
1786279545390 10.025138854980469 13999
1786279549122 8.861161231994629 14049
1786279552743 9.927078247070312 14099
1786279556381 7.55781888961792 14149
1786279559951 9.106049537658691 14199
1786279563503 6.638229846954346 14249
1786279567016 8.966379165649414 14299
1786279570544 9.94130802154541 14349
1786279574370 8.145395278930664 14399
1786279577961 8.5287504196167 14449
1786279581422 7.490021705627441 14499
1786279584792 7.710200309753418 14549
1786279588224 8.613046646118164 14599
1786279591626 9.269402503967285 14649
1786279595050 8.472942352294922 14699
1786279598508 7.463085651397705 14749
1786279601940 9.382926940917969 14799
1786279605435 7.639125823974609 14849
1786279608914 7.927486419677734 14899
1786279612393 7.326827049255371 14949
1786279615819 7.444849967956543 14999
1786279619314 8.792234420776367 15049
1786279622780 6.377540111541748 15099
1786279626303 6.46142578125 15149
1786279629705 7.307209491729736 15199
1786279633197 8.30756950378418 15249
1786279636698 10.669244766235352 15299
1786279640118 8.392216682434082 15349
1786279643674 7.629574298858643 15399
1786279647092 8.137958526611328 15449
1786279650520 7.599578857421875 15499
1786279654043 7.448443412780762 15549
1786279657560 7.305243492126465 15599
1786279661064 7.254653453826904 15649
1786279664545 9.564729690551758 15699
1786279668169 8.425238609313965 15749
1786279671964 9.190937995910645 15799
1786279675573 9.492061614990234 15849
1786279679175 9.96133041381836 15899
1786279682764 8.919090270996094 15949
1786279686655 7.872401714324951 15999
1786279690319 13.405948638916016 16049
1786279693859 10.00243854522705 16099
1786279697457 7.326521873474121 16149
1786279701020 7.305895805358887 16199
1786279704622 10.02823543548584 16249
1786279708228 9.115166664123535 16299
1786279711890 9.09927749633789 16349
1786279715508 8.291598320007324 16399
1786279719037 9.958330154418945 16449
1786279722571 7.144800662994385 16499
1786279726194 7.663637638092041 16549
1786279729841 8.86213493347168 16599
1786279733435 9.084957122802734 16649
1786279736971 8.852765083312988 16699
1786279740485 7.272592544555664 16749
1786279744065 7.033374786376953 16799
1786279747694 8.322063446044922 16849
1786279751242 7.636984348297119 16899
1786279754884 7.074936389923096 16949
1786279758513 8.952550888061523 16999
1786279762163 10.202195167541504 17049
1786279765690 8.310144424438477 17099
1786279769409 8.258708000183105 17149
1786279772964 8.03803539276123 17199
1786279776517 6.108381748199463 17249
1786279779979 9.80259895324707 17299
1786279783536 8.835769653320312 17349
1786279787019 7.9265007972717285 17399
1786279790547 7.303312301635742 17449
1786279793994 6.826728820800781 17499
1786279797478 7.890247344970703 17549
1786279801254 8.599995613098145 17599
1786279804710 7.802771091461182 17649
1786279808131 10.104547500610352 17699
1786279811581 11.6914701461792 17749
1786279815110 8.651068687438965 17799
1786279818680 8.329315185546875 17849
1786279822252 6.946976184844971 17899
1786279825801 6.7289605140686035 17949
1786279829314 7.570156574249268 17999
1786279832869 6.138888359069824 18049
1786279836426 8.217923164367676 18099
1786279839884 9.275114059448242 18149
1786279843458 9.11589527130127 18199
1786279846919 7.419002532958984 18249
1786279850324 8.79322338104248 18299
1786279853818 10.790933609008789 18349
1786279857244 8.569775581359863 18399
1786279860680 10.835411071777344 18449
1786279864119 9.151887893676758 18499
1786279867505 8.690530776977539 18549
1786279870886 9.74285888671875 18599
1786279874311 8.840606689453125 18649
1786279877682 8.034292221069336 18699
1786279881025 8.571683883666992 18749
1786279884298 10.609076499938965 18799
1786279887617 9.043303489685059 18849
1786279890958 7.390464782714844 18899
1786279894353 9.556416511535645 18949
1786279897796 8.981893539428711 18999
1786279901277 7.746259689331055 19049
1786279904665 9.04145622253418 19099
1786279908011 9.276634216308594 19149
1786279973891 7.481325149536133 19199
1786279977307 10.46821117401123 19249
1786279980706 13.750588417053223 19299
1786279984178 7.355926990509033 19349
1786279987669 9.160120010375977 19399
1786279991074 9.084226608276367 19449
1786279994595 8.306294441223145 19499
1786279998046 6.318212509155273 19549
1786280001507 8.577783584594727 19599
1786280005005 10.26064395904541 19649
1786280008556 10.270544052124023 19699
1786280011981 7.537930965423584 19749
1786280015523 8.739317893981934 19799
1786280019058 12.034339904785156 19849
1786280022580 9.47147274017334 19899
1786280026053 6.473842620849609 19949
1786280029545 9.515932083129883 19999
1786280033105 7.711978912353516 20049
1786280036590 11.497745513916016 20099
1786280040236 7.5592942237854 20149
1786280043704 7.947719097137451 20199
1786280047182 11.393413543701172 20249
1786280050617 7.524366855621338 20299
1786280054155 7.661687850952148 20349
1786280057696 10.377198219299316 20399
1786280061210 6.025504112243652 20449
1786280064678 9.669851303100586 20499
1786280068171 10.181417465209961 20549
1786280071717 7.159090995788574 20599
1786280075228 10.494828224182129 20649
1786280078776 9.91103458404541 20699
1786280082658 6.967795372009277 20749
1786280086133 12.53884220123291 20799
1786280089530 7.775296211242676 20849
1786280092953 6.6269025802612305 20899
1786280096326 9.600098609924316 20949
1786280099724 8.397103309631348 20999
1786280103187 7.470547676086426 21049
1786280106693 10.438047409057617 21099
1786280110304 8.97346305847168 21149
1786280113815 8.161469459533691 21199
1786280117312 7.123068809509277 21249
1786280120853 7.014227867126465 21299
1786280124209 8.934364318847656 21349
1786280127708 8.911211967468262 21399
1786280131193 8.628708839416504 21449
1786280134678 6.379465579986572 21499
1786280138178 8.499649047851562 21549
1786280141710 10.493846893310547 21599
1786280145180 8.076043128967285 21649
1786280148691 9.272283554077148 21699
1786280152188 7.633813858032227 21749
1786280155704 8.095717430114746 21799
1786280159238 7.339119911193848 21849
1786280162653 7.7434821128845215 21899
1786280166098 7.036212921142578 21949
1786280169538 7.076395034790039 21999
1786280172998 7.224569320678711 22049
1786280176468 9.011003494262695 22099
1786280179895 7.578741073608398 22149
1786280183304 8.666131019592285 22199
1786280186779 6.396106243133545 22249
1786280190231 7.8249125480651855 22299
1786280193952 10.009151458740234 22349
1786280197278 7.977612018585205 22399
1786280200704 8.807104110717773 22449
1786280204225 6.790031909942627 22499
1786280207783 6.461498260498047 22549
1786280211237 9.465964317321777 22599
1786280214645 6.914559841156006 22649
1786280218088 8.18102741241455 22699
1786280221478 7.456263542175293 22749
1786280224925 5.770704746246338 22799
1786280228311 7.571285724639893 22849
1786280231777 6.560722827911377 22899
1786280235201 8.604580879211426 22949
1786280238541 8.230454444885254 22999
1786280241952 6.452762603759766 23049
1786280245439 7.3902997970581055 23099
1786280248947 7.938287734985352 23149
1786280252384 7.593696117401123 23199
1786280255824 7.255251407623291 23249
1786280259340 6.708071708679199 23299
1786280262896 6.721484661102295 23349
1786280266383 8.73068904876709 23399
1786280269850 8.483153343200684 23449
1786280273330 6.515613555908203 23499
1786280276784 7.8453369140625 23549
1786280280224 11.512800216674805 23599
1786280283696 8.370080947875977 23649
1786280287162 7.387935161590576 23699
1786280290628 6.2736005783081055 23749
1786280294152 6.080160617828369 23799
1786280297572 6.676709175109863 23849
1786280301088 9.11861515045166 23899
1786280304834 10.758028030395508 23949
1786280308373 9.286704063415527 23999
1786280311871 6.828786373138428 24049
1786280315374 7.395956516265869 24099
1786280318928 9.94052505493164 24149
1786280322513 6.768525123596191 24199
1786280326154 7.551009654998779 24249
1786280329726 9.309417724609375 24299
1786280333302 8.022161483764648 24349
1786280336801 8.884171485900879 24399
1786280340347 8.190845489501953 24449
1786280343863 7.826265335083008 24499
1786280347367 8.059074401855469 24549
1786280350892 8.848896980285645 24599
1786280354385 8.019129753112793 24649
1786280357945 9.558981895446777 24699
1786280361524 7.321339130401611 24749
1786280365048 8.972570419311523 24799
1786280368606 6.110735893249512 24849
1786280372186 9.409465789794922 24899
1786280375808 9.440648078918457 24949
1786280379381 7.197815418243408 24999
1786280382934 9.620681762695312 25049
1786280386453 5.595823764801025 25099
1786280389967 6.629281997680664 25149
1786280393527 7.619284152984619 25199
1786280397155 8.086211204528809 25249
1786280400810 7.8631510734558105 25299
1786280404335 5.324976921081543 25349
1786280407773 7.0078606605529785 25399
1786280411255 8.310018539428711 25449
1786280414740 10.658130645751953 25499
1786280418462 6.244083404541016 25549
1786280422150 7.853170394897461 25599
1786280425507 9.348769187927246 25649
1786280429037 9.751479148864746 25699
1786280432440 9.895722389221191 25749
1786280435835 8.656879425048828 25799
1786280439332 6.7753424644470215 25849
1786280442731 8.540231704711914 25899
1786280446119 6.548206329345703 25949
1786280449601 5.688671588897705 25999
1786280453033 9.715401649475098 26049
1786280456570 6.427268981933594 26099
1786280460037 9.228360176086426 26149
1786280463450 7.085337162017822 26199
1786280466926 9.936914443969727 26249
1786280470396 8.587395668029785 26299
1786280473885 7.003869533538818 26349
1786280477276 6.925591468811035 26399
1786280480732 8.817524909973145 26449
1786280484212 7.562640190124512 26499
1786280487573 8.26104736328125 26549
1786280491043 6.4147772789001465 26599
1786280494422 6.152475833892822 26649
1786280497817 8.018759727478027 26699
1786280501167 8.044524192810059 26749
1786280504480 6.2765326499938965 26799
1786280507860 6.959542751312256 26849
1786280511310 7.1333394050598145 26899
1786280514694 8.408936500549316 26949
1786280517978 7.225104808807373 26999
1786280521325 8.401238441467285 27049
1786280524666 7.1612653732299805 27099
1786280528370 9.033661842346191 27149
1786280531783 6.596562385559082 27199
1786280535250 8.077141761779785 27249
1786280538722 8.899588584899902 27299
1786280542141 7.004788398742676 27349
1786280545547 8.037153244018555 27399
1786280548894 7.4962077140808105 27449
1786280552290 9.502229690551758 27499
1786280555693 9.580728530883789 27549
1786280559076 10.33070182800293 27599
1786280562477 9.006805419921875 27649
1786280565808 6.285590648651123 27699
1786280569216 6.57875919342041 27749
1786280572561 7.814478397369385 27799
1786280575900 7.553115367889404 27849
1786280579280 9.3468017578125 27899
1786280582641 7.515268325805664 27949
1786280585901 6.564700603485107 27999
1786280589211 7.492181301116943 28049
1786280592605 6.387777328491211 28099
1786280596101 6.291134357452393 28149
1786280599573 6.775863170623779 28199
1786280602947 6.289810657501221 28249
1786280606323 8.846587181091309 28299
1786280609773 6.521111488342285 28349
1786280613389 6.884257793426514 28399
1786280617016 7.072134494781494 28449
1786280620649 6.344692230224609 28499
1786280624056 9.534238815307617 28549
1786280627428 8.237154006958008 28599
1786280630765 6.726980209350586 28649
1786280634090 8.610816955566406 28699
