1786278573160 1.5187275409698486 1595
1786278691923 4.760694980621338 3191
1786278809139 7.3855085372924805 4787
1786278926939 9.477721214294434 6383
1786279044095 9.159429550170898 7979
1786279218546 8.875927925109863 9575
1786279337615 8.986647605895996 11171
1786279454956 8.538800239562988 12767
1786279571394 8.401278495788574 14363
1786279683422 8.436189651489258 15959
1786279797837 8.616816520690918 17555
1786279970138 8.620767593383789 19151
1786280082128 8.449819564819336 20747
1786280193146 8.208856582641602 22343
1786280303823 8.124841690063477 23939
1786280417165 7.977319240570068 25535
1786280526800 7.969850063323975 27131
1786280696236 7.983078479766846 28727
