1786278451180 0.5178052186965942 49
1786278455258 0.5915697813034058 99
1786278459710 0.65625 149
1786278463848 0.578125 199
1786278467879 0.5388808250427246 249
1786278471783 0.5416362285614014 299
1786278475894 0.5579257011413574 349
1786278479889 0.5566860437393188 399
1786278483925 0.5545058250427246 449
1786278487828 0.5661337375640869 499
1786278491800 0.5345203280448914 549
1786278495687 0.5406976938247681 599
1786278499562 0.48655521869659424 649
1786278503522 0.4894621968269348 699
1786278507429 0.48473837971687317 749
1786278511343 0.4545784890651703 799
1786278515277 0.40806686878204346 849
1786278519162 0.40661337971687317 899
1786278523057 0.41315406560897827 949
1786278526937 0.3850072920322418 999
1786278530810 0.40806686878204346 1049
1786278534713 0.3604651093482971 1099
1786278538594 0.34047964215278625 1149
1786278542471 0.3175871968269348 1199
1786278546350 0.3161337077617645 1249
1786278550255 0.30377906560897827 1299
1786278554034 0.291424423456192 1349
1786278557846 0.27398255467414856 1399
1786278561693 0.27113062143325806 1449
1786278565693 0.2692587077617645 1499
1786278569584 0.2907488942146301 1549
1786278573827 0.2848837077617645 1599
1786278577435 0.22747093439102173 1649
1786278581029 0.24672488868236542 1699
1786278584676 0.25690406560897827 1749
1786278588345 0.20385174453258514 1799
1786278591938 0.21656976640224457 1849
1786278595564 0.22892442345619202 1899
1786278599194 0.19840116798877716 1949
1786278602871 0.24055232107639313 1999
1786278606611 0.2369185984134674 2049
1786278610204 0.21402616798877716 2099
1786278613897 0.22347383201122284 2149
1786278617662 0.27434593439102173 2199
1786278621368 0.223837211728096 2249
1786278625088 0.22965116798877716 2299
1786278628743 0.1991279125213623 2349
1786278632447 0.22099852561950684 2399
1786278636124 0.20385174453258514 2449
1786278639934 0.19222383201122284 2499
1786278643674 0.19186046719551086 2549
1786278647486 0.22347383201122284 2599
1786278651126 0.17805232107639313 2649
1786278654880 0.2627180218696594 2699
1786278658592 0.1809592992067337 2749
1786278662322 0.21184593439102173 2799
1786278666061 0.18677325546741486 2849
1786278669864 0.16962963342666626 2899
1786278673729 0.1627907007932663 2949
1786278677601 0.2071220874786377 2999
1786278681421 0.16715116798877716 3049
1786278685236 0.16242732107639313 3099
1786278688862 0.1602470874786377 3149
1786278692921 0.15007267892360687 3199
1786278696650 0.1754002869129181 3249
1786278700352 0.18132267892360687 3299
1786278703937 0.16170057654380798 3349
1786278707663 0.14481481909751892 3399
1786278711416 0.13117732107639313 3449
1786278715120 0.15297965705394745 3499
1786278718782 0.13117732107639313 3549
1786278722520 0.14098836481571198 3599
1786278726284 0.16315406560897827 3649
1786278729911 0.14425872266292572 3699
1786278733638 0.1602470874786377 3749
1786278737414 0.14992722868919373 3799
1786278741170 0.1693314015865326 3849
1786278744812 0.15079942345619202 3899
1786278748398 0.12354651093482971 3949
1786278751999 0.19331395626068115 3999
1786278755663 0.11918604373931885 4049
1786278759352 0.19066715240478516 4099
1786278762909 0.12354651093482971 4149
1786278766421 0.17659883201122284 4199
1786278770104 0.13735465705394745 4249
1786278773692 0.1098010316491127 4299
1786278777271 0.1522529125213623 4349
1786278780918 0.12790697813034058 4399
1786278784563 0.10319767147302628 4449
1786278788267 0.13699127733707428 4499
1786278791845 0.12063953280448914 4549
1786278795540 0.12609010934829712 4599
1786278799243 0.12504597008228302 4649
1786278802857 0.08384980261325836 4699
1786278806494 0.09338662773370743 4749
1786278810400 0.09956395626068115 4799
1786278814032 0.09156976640224457 4849
1786278817761 0.10392441600561142 4899
1786278821322 0.0846657007932663 4949
1786278824990 0.10201793909072876 4999
1786278828653 0.10923753678798676 5049
1786278832309 0.091206394135952 5099
1786278835926 0.091206394135952 5149
1786278839609 0.12936046719551086 5199
1786278843269 0.10537790507078171 5249
1786278847004 0.09411337226629257 5299
1786278850743 0.11700581014156342 5349
1786278854516 0.09084302186965942 5399
1786278858300 0.09338662773370743 5449
1786278862035 0.10392441600561142 5499
1786278865685 0.14752906560897827 5549
1786278869408 0.13973799347877502 5599
1786278873177 0.09992732852697372 5649
1786278876897 0.10901162773370743 5699
1786278880627 0.09375 5749
1786278884398 0.0846657007932663 5799
1786278887994 0.10407569259405136 5849
1786278891585 0.10501453280448914 5899
1786278895231 0.08275101333856583 5949
1786278898847 0.07706355303525925 5999
1786278902482 0.10864825546741486 6049
1786278906173 0.08684592694044113 6099
1786278909828 0.10501453280448914 6149
1786278913542 0.10610464960336685 6199
1786278917201 0.10319767147302628 6249
1786278920910 0.09593023359775543 6299
1786278924537 0.11155523359775543 6349
1786278928561 0.09992732852697372 6399
1786278932227 0.11555232852697372 6449
1786278936003 0.08575581014156342 6499
1786278939700 0.09447674453258514 6549
1786278943373 0.09992732852697372 6599
1786278947184 0.09774709492921829 6649
1786278951008 0.08627019077539444 6699
1786278954679 0.11306901276111603 6749
1786278958436 0.106831394135952 6799
1786278962151 0.07994186133146286 6849
1786278965953 0.10792151093482971 6899
1786278969755 0.11809592694044113 6949
1786278973402 0.08502907305955887 6999
1786278976986 0.09229651093482971 7049
1786278980581 0.09520348906517029 7099
1786278984235 0.08212209492921829 7149
1786278987858 0.10247092694044113 7199
1786278991446 0.09956395626068115 7249
1786278995086 0.11954941600561142 7299
1786278998686 0.11082848906517029 7349
1786279002340 0.08194906264543533 7399
1786279005998 0.1260043829679489 7449
1786279009651 0.07594476640224457 7499
1786279013298 0.08248546719551086 7549
1786279016924 0.07703488320112228 7599
1786279020422 0.10065407305955887 7649
1786279024040 0.13590116798877716 7699
1786279027626 0.12463662773370743 7749
1786279031186 0.11664243787527084 7799
1786279034817 0.13306599855422974 7849
1786279038383 0.12427325546741486 7899
1786279041975 0.07049418240785599 7949
1786279045845 0.10973837226629257 7999
1786279049419 0.08539243787527084 8049
1786279053131 0.10795873403549194 8099
1786279056715 0.08975290507078171 8149
1786279060311 0.130087211728096 8199
1786279063909 0.11991278827190399 8249
1786279067421 0.07594476640224457 8299
1786279070905 0.07485464960336685 8349
1786279074367 0.08103197813034058 8399
1786279077856 0.09920058399438858 8449
1786279081278 0.09231334924697876 8499
1786279084746 0.10718192160129547 8549
1786279088157 0.13335755467414856 8599
1786279091563 0.11409883946180344 8649
1786279095004 0.109375 8699
1786279098455 0.09665697813034058 8749
1786279101893 0.09471365809440613 8799
1786279105332 0.11664243787527084 8849
1786279108779 0.11518895626068115 8899
1786279112245 0.12281976640224457 8949
1786279115692 0.13444767892360687 8999
1786279119157 0.11700581014156342 9049
1786279122565 0.11379436403512955 9099
1786279125973 0.14534883201122284 9149
1786279129451 0.11119186133146286 9199
1786279132799 0.09593023359775543 9249
1786279136251 0.11710719019174576 9299
1786279139670 0.10537790507078171 9349
1786279143106 0.08164766430854797 9399
1786279146512 0.09265988320112228 9449
1786279149845 0.09467455744743347 9499
1786279153211 0.12936046719551086 9549
1786279220788 0.09248342365026474 9599
1786279224623 0.13372093439102173 9649
1786279228495 0.11784140765666962 9699
1786279232320 0.12354651093482971 9749
1786279236206 0.13626453280448914 9799
1786279240075 0.11809592694044113 9849
1786279244080 0.12318313866853714 9899
1786279247998 0.08575581014156342 9949
1786279252064 0.1418621689081192 9999
1786279255980 0.09992732852697372 10049
1786279259824 0.13226744532585144 10099
1786279263613 0.10574127733707428 10149
1786279267415 0.10864825546741486 10199
1786279271184 0.14135174453258514 10249
1786279275010 0.11736918240785599 10299
1786279278785 0.09296391159296036 10349
1786279282518 0.10973837226629257 10399
1786279286166 0.13565021753311157 10449
1786279289834 0.13045057654380798 10499
1786279293566 0.10610464960336685 10549
1786279297249 0.09593023359775543 10599
1786279301008 0.09635895490646362 10649
1786279304705 0.11119186133146286 10699
1786279308359 0.10174418240785599 10749
1786279311804 0.10792151093482971 10799
1786279315220 0.08393895626068115 10849
1786279318734 0.10719476640224457 10899
1786279322265 0.16011644899845123 10949
1786279325815 0.08091210573911667 10999
1786279329213 0.1386539191007614 11049
1786279332732 0.10210755467414856 11099
1786279336124 0.13735465705394745 11149
1786279339873 0.12063953280448914 11199
1786279343334 0.12827034294605255 11249
1786279346701 0.12972383201122284 11299
1786279350117 0.11809592694044113 11349
1786279353630 0.1420784890651703 11399
1786279357143 0.1409691572189331 11449
1786279360662 0.10755813866853714 11499
1786279364349 0.09054252505302429 11549
1786279368330 0.11555232852697372 11599
1786279372145 0.07594476640224457 11649
1786279376014 0.15806685388088226 11699
1786279379850 0.12196020781993866 11749
1786279383729 0.106831394135952 11799
1786279387611 0.07340116053819656 11849
1786279391516 0.09447674453258514 11899
1786279395261 0.1497092992067337 11949
1786279398976 0.13791848719120026 11999
1786279402664 0.10901162773370743 12049
1786279406298 0.12972383201122284 12099
1786279409938 0.11771217733621597 12149
1786279413562 0.16678886115550995 12199
1786279417168 0.12027616053819656 12249
1786279420926 0.11954941600561142 12299
1786279424600 0.15007267892360687 12349
1786279428271 0.10646802186965942 12399
1786279431917 0.10610464960336685 12449
1786279435561 0.11409883946180344 12499
1786279439178 0.14254465699195862 12549
1786279442710 0.15843023359775543 12599
1786279446391 0.176962211728096 12649
1786279450034 0.1446220874786377 12699
1786279453737 0.13476991653442383 12749
1786279457830 0.13444767892360687 12799
1786279461629 0.10828488320112228 12849
1786279465343 0.11102995276451111 12899
1786279468892 0.1522529125213623 12949
1786279472588 0.11446221172809601 12999
1786279476245 0.15356622636318207 13049
1786279479845 0.09847383946180344 13099
1786279483360 0.1644185185432434 13149
1786279486990 0.1420784890651703 13199
1786279490910 0.12790697813034058 13249
1786279494811 0.12463662773370743 13299
1786279498392 0.1366279125213623 13349
1786279501869 0.1678779125213623 13399
1786279505443 0.15007267892360687 13449
1786279508988 0.13290902972221375 13499
1786279512580 0.10792151093482971 13549
1786279516181 0.15334302186965942 13599
1786279519821 0.14135174453258514 13649
1786279523503 0.12463662773370743 13699
1786279527174 0.1318480670452118 13749
1786279530806 0.16092374920845032 13799
1786279534448 0.09738372266292572 13849
1786279538034 0.10923133790493011 13899
1786279541719 0.12827034294605255 13949
1786279545390 0.10210755467414856 13999
1786279549122 0.1275435984134674 14049
1786279552743 0.10646802186965942 14099
1786279556381 0.1391715109348297 14149
1786279559951 0.14192140102386475 14199
1786279563503 0.13117732107639313 14249
1786279567016 0.1431685984134674 14299
1786279570544 0.11119186133146286 14349
1786279574370 0.11775428801774979 14399
1786279577961 0.14098836481571198 14449
1786279581422 0.1627907007932663 14499
1786279584792 0.15859030187129974 14549
1786279588224 0.13989825546741486 14599
1786279591626 0.161337211728096 14649
1786279595050 0.17805232107639313 14699
1786279598508 0.15552325546741486 14749
1786279601940 0.11700581014156342 14799
1786279605435 0.13771802186965942 14849
1786279608914 0.13444767892360687 14899
1786279612393 0.1418621689081192 14949
1786279615819 0.1551598757505417 14999
1786279619314 0.13626453280448914 15049
1786279622780 0.16824127733707428 15099
1786279626303 0.13953489065170288 15149
1786279629705 0.1733284890651703 15199
1786279633197 0.150978222489357 15249
1786279636698 0.11155523359775543 15299
1786279640118 0.13226744532585144 15349
1786279643674 0.15079942345619202 15399
1786279647092 0.14861918985843658 15449
1786279650520 0.17550872266292572 15499
1786279654043 0.12827034294605255 15549
1786279657560 0.1396627575159073 15599
1786279661064 0.13226744532585144 15649
1786279664545 0.13372093439102173 15699
1786279668169 0.11773255467414856 15749
1786279671964 0.14171510934829712 15799
1786279675573 0.12281976640224457 15849
1786279679175 0.15079942345619202 15899
1786279682764 0.12863372266292572 15949
1786279686655 0.14026162028312683 15999
1786279690319 0.08648255467414856 16049
1786279693859 0.11228197813034058 16099
1786279697457 0.13335755467414856 16149
1786279701020 0.1864098757505417 16199
1786279704622 0.13049852848052979 16249
1786279708228 0.13444767892360687 16299
1786279711890 0.13699127733707428 16349
1786279715508 0.11991278827190399 16399
1786279719037 0.11447320878505707 16449
1786279722571 0.1471657007932663 16499
1786279726194 0.14244185388088226 16549
1786279729841 0.12636961042881012 16599
1786279733435 0.1340842992067337 16649
1786279736971 0.11882267147302628 16699
1786279740485 0.14135174453258514 16749
1786279744065 0.16097383201122284 16799
1786279747694 0.12281976640224457 16849
1786279751242 0.1340842992067337 16899
1786279754884 0.13844476640224457 16949
1786279758513 0.11882267147302628 16999
1786279762163 0.11555232852697372 17049
1786279765690 0.14280523359775543 17099
1786279769409 0.13481104373931885 17149
1786279772964 0.12827034294605255 17199
1786279776517 0.16339156031608582 17249
1786279779979 0.11426492035388947 17299
1786279783536 0.1315407007932663 17349
1786279787019 0.17732557654380798 17399
1786279790547 0.16606104373931885 17449
1786279793994 0.1380814015865326 17499
1786279797478 0.12443946301937103 17549
1786279801254 0.14026162028312683 17599
1786279804710 0.13372093439102173 17649
1786279808131 0.1340842992067337 17699
1786279811581 0.10537790507078171 17749
1786279815110 0.13226744532585144 17799
1786279818680 0.12609010934829712 17849
1786279822252 0.12026480585336685 17899
1786279825801 0.15697674453258514 17949
1786279829314 0.130087211728096 17999
1786279832869 0.13771802186965942 18049
1786279836426 0.10792151093482971 18099
1786279839884 0.11264535039663315 18149
1786279843458 0.12863372266292572 18199
1786279846919 0.13226744532585144 18249
1786279850324 0.14171510934829712 18299
1786279853818 0.122456394135952 18349
1786279857244 0.140625 18399
1786279860680 0.1522529125213623 18449
1786279864119 0.12318313866853714 18499
1786279867505 0.1284302920103073 18549
1786279870886 0.11664243787527084 18599
1786279874311 0.111918605864048 18649
1786279877682 0.1266375631093979 18699
1786279881025 0.14389534294605255 18749
1786279884298 0.11316568404436111 18799
1786279887617 0.13117732107639313 18849
1786279890958 0.17228738963603973 18899
1786279894353 0.13081395626068115 18949
1786279897796 0.11952923983335495 18999
1786279901277 0.13081395626068115 19049
1786279904665 0.12390988320112228 19099
1786279908011 0.13699127733707428 19149
1786279973891 0.12281976640224457 19199
1786279977307 0.11954941600561142 19249
1786279980706 0.09375 19299
1786279984178 0.11773255467414856 19349
1786279987669 0.10719476640224457 19399
1786279991074 0.140625 19449
1786279994595 0.12281976640224457 19499
1786279998046 0.14170338213443756 19549
1786280001507 0.14159618318080902 19599
1786280005005 0.10319767147302628 19649
1786280008556 0.09375 19699
1786280011981 0.14098836481571198 19749
1786280015523 0.14433370530605316 19799
1786280019058 0.07994186133146286 19849
1786280022580 0.11300872266292572 19899
1786280026053 0.14934593439102173 19949
1786280029545 0.16569767892360687 19999
1786280033105 0.1315407007932663 20049
1786280036590 0.12665198743343353 20099
1786280040236 0.14861918985843658 20149
1786280043704 0.16569767892360687 20199
1786280047182 0.12390988320112228 20249
1786280050617 0.14934593439102173 20299
1786280054155 0.1315407007932663 20349
1786280057696 0.14680232107639313 20399
1786280061210 0.16315406560897827 20449
1786280064678 0.14534883201122284 20499
1786280068171 0.12427325546741486 20549
1786280071717 0.1446220874786377 20599
1786280075228 0.10864825546741486 20649
1786280078776 0.10792151093482971 20699
1786280082658 0.13771802186965942 20749
1786280086133 0.11300872266292572 20799
1786280089530 0.1340842992067337 20849
1786280092953 0.1537064015865326 20899
1786280096326 0.125 20949
1786280099724 0.130087211728096 20999
1786280103187 0.135537788271904 21049
1786280106693 0.16168329119682312 21099
1786280110304 0.11264535039663315 21149
1786280113815 0.15588662028312683 21199
1786280117312 0.12718023359775543 21249
1786280120853 0.14757709205150604 21299
1786280124209 0.12172964960336685 21349
1786280127708 0.10646802186965942 21399
1786280131193 0.1264534890651703 21449
1786280134678 0.15152616798877716 21499
1786280138178 0.13735465705394745 21549
1786280141710 0.14789244532585144 21599
1786280145180 0.11664243787527084 21649
1786280148691 0.12100290507078171 21699
1786280152188 0.14171510934829712 21749
1786280155704 0.13117732107639313 21799
1786280159238 0.12281976640224457 21849
1786280162653 0.14353197813034058 21899
1786280166098 0.12027616053819656 21949
1786280169538 0.16424418985843658 21999
1786280172998 0.13696129620075226 22049
1786280176468 0.12572674453258514 22099
1786280179895 0.1391715109348297 22149
1786280183304 0.13190406560897827 22199
1786280186779 0.16860465705394745 22249
1786280190231 0.14244185388088226 22299
1786280193952 0.14280523359775543 22349
1786280197278 0.11010174453258514 22399
1786280200704 0.13391557335853577 22449
1786280204225 0.17223836481571198 22499
1786280207783 0.171875 22549
1786280211237 0.10849577188491821 22599
1786280214645 0.12718023359775543 22649
1786280218088 0.12354651093482971 22699
1786280221478 0.135537788271904 22749
1786280224925 0.182412788271904 22799
1786280228311 0.1478484719991684 22849
1786280231777 0.15630747377872467 22899
1786280235201 0.12390988320112228 22949
1786280238541 0.1366279125213623 22999
1786280241952 0.18822674453258514 23049
1786280245439 0.16751453280448914 23099
1786280248947 0.15712188184261322 23149
1786280252384 0.15661336481571198 23199
1786280255824 0.1446220874786377 23249
1786280259340 0.140625 23299
1786280262896 0.1380814015865326 23349
1786280266383 0.13081395626068115 23399
1786280269850 0.15806926786899567 23449
1786280273330 0.13599707186222076 23499
1786280276784 0.12536336481571198 23549
1786280280224 0.09520348906517029 23599
1786280283696 0.13226744532585144 23649
1786280287162 0.16242732107639313 23699
1786280290628 0.15988372266292572 23749
1786280294152 0.16097383201122284 23799
1786280297572 0.16170057654380798 23849
1786280301088 0.10356104373931885 23899
1786280304834 0.10646802186965942 23949
1786280308373 0.11446221172809601 23999
1786280311871 0.14934593439102173 24049
1786280315374 0.13844476640224457 24099
1786280318928 0.12100290507078171 24149
1786280322513 0.15806685388088226 24199
1786280326154 0.130087211728096 24249
1786280329726 0.13081395626068115 24299
1786280333302 0.1587935984134674 24349
1786280336801 0.1264534890651703 24399
1786280340347 0.12318313866853714 24449
1786280343863 0.12390988320112228 24499
1786280347367 0.13989825546741486 24549
1786280350892 0.12609010934829712 24599
1786280354385 0.16348972916603088 24649
1786280357945 0.1289970874786377 24699
1786280361524 0.14643895626068115 24749
1786280365048 0.1340842992067337 24799
1786280368606 0.1653342992067337 24849
1786280372186 0.1184592992067337 24899
1786280375808 0.11373546719551086 24949
1786280379381 0.15850986540317535 24999
1786280382934 0.1431685984134674 25049
1786280386453 0.20675872266292572 25099
1786280389967 0.13526393473148346 25149
1786280393527 0.2227470874786377 25199
1786280397155 0.14098836481571198 25249
1786280400810 0.15915697813034058 25299
1786280404335 0.17405523359775543 25349
1786280407773 0.1636631190776825 25399
1786280411255 0.1380814015865326 25449
1786280414740 0.08666666597127914 25499
1786280418462 0.14752906560897827 25549
1786280422150 0.13771802186965942 25599
1786280425507 0.13045057654380798 25649
1786280429037 0.14244185388088226 25699
1786280432440 0.115271657705307 25749
1786280435835 0.11556690186262131 25799
1786280439332 0.17223836481571198 25849
1786280442731 0.14752906560897827 25899
1786280446119 0.16351744532585144 25949
1786280449601 0.19476744532585144 25999
1786280453033 0.16026344895362854 26049
1786280456570 0.17950581014156342 26099
1786280460037 0.13844476640224457 26149
1786280463450 0.1471129059791565 26199
1786280466926 0.12903225421905518 26249
1786280470396 0.13399411737918854 26299
1786280473885 0.13190406560897827 26349
1786280477276 0.1707848757505417 26399
1786280480732 0.13411939144134521 26449
1786280484212 0.14498546719551086 26499
1786280487573 0.12536336481571198 26549
1786280491043 0.18277616798877716 26599
1786280494422 0.17421476542949677 26649
1786280497817 0.14026162028312683 26699
1786280501167 0.11918604373931885 26749
1786280504480 0.14012505114078522 26799
1786280507860 0.171875 26849
1786280511310 0.16497093439102173 26899
1786280514694 0.15806685388088226 26949
1786280517978 0.1924486756324768 26999
1786280521325 0.14789244532585144 27049
1786280524666 0.18422965705394745 27099
1786280528370 0.13172337412834167 27149
1786280531783 0.16642442345619202 27199
1786280535250 0.1391715109348297 27249
1786280538722 0.1380814015865326 27299
1786280542141 0.15952034294605255 27349
1786280545547 0.1275435984134674 27399
1786280548894 0.14112012088298798 27449
1786280552290 0.13335755467414856 27499
1786280555693 0.11555232852697372 27549
1786280559076 0.09992732852697372 27599
1786280562477 0.11700581014156342 27649
1786280565808 0.15261627733707428 27699
1786280569216 0.1577034890651703 27749
1786280572561 0.12909157574176788 27799
1786280575900 0.17223836481571198 27849
1786280579280 0.1275435984134674 27899
1786280582641 0.13769175112247467 27949
1786280585901 0.15152616798877716 27999
1786280589211 0.125 28049
1786280592605 0.15859030187129974 28099
1786280596101 0.16061046719551086 28149
1786280599573 0.1537064015865326 28199
1786280602947 0.17986918985843658 28249
1786280606323 0.1257331371307373 28299
1786280609773 0.14680232107639313 28349
1786280613389 0.14607557654380798 28399
1786280617016 0.13444767892360687 28449
1786280620649 0.14680232107639313 28499
1786280624056 0.14026162028312683 28549
1786280627428 0.1431685984134674 28599
1786280630765 0.14861918985843658 28649
1786280634090 0.1159157007932663 28699
