1786278573160 0.43523141741752625 1595
1786278691923 0.210056871175766 3191
1786278809139 0.13847731053829193 4787
1786278926939 0.09919853508472443 6383
1786279044095 0.10512281954288483 7979
1786279218546 0.10947652161121368 9575
1786279337615 0.11764159053564072 11171
1786279454956 0.12184199690818787 12767
1786279571394 0.1305745542049408 14363
1786279683422 0.13578899204730988 15959
1786279797837 0.13129684329032898 17555
1786279970138 0.130666121840477 19151
1786280082128 0.1346047818660736 20747
1786280193146 0.13848929107189178 22343
1786280303823 0.14054259657859802 23939
1786280417165 0.14357180893421173 25535
1786280526800 0.14405779540538788 27131
1786280696236 0.14445100724697113 28727
