1786278451180 0.024907708168029785 49
1786278455258 0.01986580714583397 99
1786278459710 0.019053667783737183 149
1786278463848 0.024012083187699318 199
1786278467879 0.0226779542863369 249
1786278471783 0.022835029289126396 299
1786278475894 0.024701014161109924 349
1786278479889 0.022482598200440407 399
1786278483925 0.023609837517142296 449
1786278487828 0.027857428416609764 499
1786278491800 0.03322587162256241 549
1786278495687 0.03290136158466339 599
1786278499562 0.03769528120756149 649
1786278503522 0.036935627460479736 699
1786278507429 0.03715496510267258 749
1786278511343 0.038779743015766144 799
1786278515277 0.05008969083428383 849
1786278519162 0.04911859706044197 899
1786278523057 0.05840587988495827 949
1786278526937 0.06412671506404877 999
1786278530810 0.06958182901144028 1049
1786278534713 0.08108733594417572 1099
1786278538594 0.09652283042669296 1149
1786278542471 0.10049497336149216 1199
1786278546350 0.11383472383022308 1249
1786278550255 0.13110379874706268 1299
1786278554034 0.12030390650033951 1349
1786278557846 0.1323225498199463 1399
1786278561693 0.12818972766399384 1449
1786278565693 0.1295432448387146 1499
1786278569584 0.11899308860301971 1549
1786278573827 0.12058078497648239 1599
1786278577435 0.2021903544664383 1649
1786278581029 0.16047833859920502 1699
1786278584676 0.15159806609153748 1749
1786278588345 0.21927329897880554 1799
1786278591938 0.2051481157541275 1849
1786278595564 0.19901256263256073 1899
1786278599194 0.23698869347572327 1949
1786278602871 0.191200390458107 1999
1786278606611 0.16887442767620087 2049
1786278610204 0.20416535437107086 2099
1786278613897 0.20177941024303436 2149
1786278617662 0.24057017266750336 2199
1786278621368 0.24435070157051086 2249
1786278625088 0.22449052333831787 2299
1786278628743 0.26825761795043945 2349
1786278632447 0.2473687380552292 2399
1786278636124 0.2803579568862915 2449
1786278639934 0.2938598692417145 2499
1786278643674 0.25955888628959656 2549
1786278647486 0.2330283224582672 2599
1786278651126 0.3162669539451599 2649
1786278654880 0.1954113245010376 2699
1786278658592 0.2940569519996643 2749
1786278662322 0.23781563341617584 2799
1786278666061 0.23410271108150482 2849
1786278669864 0.3129845857620239 2899
1786278673729 0.30843424797058105 2949
1786278677601 0.2990322709083557 2999
1786278681421 0.29158324003219604 3049
1786278685236 0.29792702198028564 3099
1786278688862 0.27785176038742065 3149
1786278692921 0.35678964853286743 3199
1786278696650 0.3055013120174408 3249
1786278700352 0.2560584545135498 3299
1786278703937 0.3377467393875122 3349
1786278707663 0.3276650905609131 3399
1786278711416 0.3237927556037903 3449
1786278715120 0.34099632501602173 3499
1786278718782 0.3295891284942627 3549
1786278722520 0.31379225850105286 3599
1786278726284 0.26238036155700684 3649
1786278729911 0.3293978273868561 3699
1786278733638 0.4172466993331909 3749
1786278737414 0.30236831307411194 3799
1786278741170 0.3495173454284668 3849
1786278744812 0.3589952886104584 3899
1786278748398 0.3791114389896393 3949
1786278751999 0.2658149003982544 3999
1786278755663 0.4672899544239044 4049
1786278759352 0.2620827257633209 4099
1786278762909 0.3492383658885956 4149
1786278766421 0.340719610452652 4199
1786278770104 0.34674176573753357 4249
1786278773692 0.39612096548080444 4299
1786278777271 0.3820049464702606 4349
1786278780918 0.4114978611469269 4399
1786278784563 0.3443325459957123 4449
1786278788267 0.37257829308509827 4499
1786278791845 0.4307432770729065 4549
1786278795540 0.381470263004303 4599
1786278799243 0.3729281723499298 4649
1786278802857 0.48176273703575134 4699
1786278806494 0.49855104088783264 4749
1786278810400 0.3973376154899597 4799
1786278814032 0.5010995864868164 4849
1786278817761 0.4694531559944153 4899
1786278821322 0.4732317328453064 4949
1786278824990 0.44215071201324463 4999
1786278828653 0.43887677788734436 5049
1786278832309 0.4167852997779846 5099
1786278835926 0.36612847447395325 5149
1786278839609 0.3200526833534241 5199
1786278843269 0.45588400959968567 5249
1786278847004 0.48931077122688293 5299
1786278850743 0.3952556848526001 5349
1786278854516 0.4354851245880127 5399
1786278858300 0.42628014087677 5449
1786278862035 0.4028605818748474 5499
1786278865685 0.429107666015625 5549
1786278869408 0.3303866684436798 5599
1786278873177 0.40001508593559265 5649
1786278876897 0.462679386138916 5699
1786278880627 0.5442958474159241 5749
1786278884398 0.509978711605072 5799
1786278887994 0.5655733942985535 5849
1786278891585 0.565492570400238 5899
1786278895231 0.49732911586761475 5949
1786278898847 0.5514600276947021 5999
1786278902482 0.44134220480918884 6049
1786278906173 0.5189222097396851 6099
1786278909828 0.4468424618244171 6149
1786278913542 0.333161324262619 6199
1786278917201 0.47059160470962524 6249
1786278920910 0.5006839036941528 6299
1786278924537 0.43717309832572937 6349
1786278928561 0.41760653257369995 6399
1786278932227 0.48329105973243713 6449
1786278936003 0.4862098693847656 6499
1786278939700 0.5060871839523315 6549
1786278943373 0.4527459740638733 6599
1786278947184 0.517158567905426 6649
1786278951008 0.4940045177936554 6699
1786278954679 0.5456107258796692 6749
1786278958436 0.5603612661361694 6799
1786278962151 0.5539745688438416 6849
1786278965953 0.446606308221817 6899
1786278969755 0.37520846724510193 6949
1786278973402 0.5274409651756287 6999
1786278976986 0.4976131021976471 7049
1786278980581 0.5072529911994934 7099
1786278984235 0.42641404271125793 7149
1786278987858 0.5306572318077087 7199
1786278991446 0.4319174885749817 7249
1786278995086 0.3898085653781891 7299
1786278998686 0.47086668014526367 7349
1786279002340 0.4317784309387207 7399
1786279005998 0.4563009738922119 7449
1786279009651 0.504379153251648 7499
1786279013298 0.42113202810287476 7549
1786279016924 0.571584939956665 7599
1786279020422 0.49307045340538025 7649
1786279024040 0.37440890073776245 7699
1786279027626 0.43364906311035156 7749
1786279031186 0.4220679998397827 7799
1786279034817 0.3250422179698944 7849
1786279038383 0.3359329402446747 7899
1786279041975 0.577873706817627 7949
1786279045845 0.44359081983566284 7999
1786279049419 0.46498098969459534 8049
1786279053131 0.4346350133419037 8099
1786279056715 0.43489518761634827 8149
1786279060311 0.4194377064704895 8199
1786279063909 0.40964633226394653 8249
1786279067421 0.49567919969558716 8299
1786279070905 0.4746125638484955 8349
1786279074367 0.4155895411968231 8399
1786279077856 0.44899341464042664 8449
1786279081278 0.47562456130981445 8499
1786279084746 0.41623106598854065 8549
1786279088157 0.3553539216518402 8599
1786279091563 0.3405951261520386 8649
1786279095004 0.4683400094509125 8699
1786279098455 0.41926148533821106 8749
1786279101893 0.5214059352874756 8799
1786279105332 0.35647374391555786 8849
1786279108779 0.4434380531311035 8899
1786279112245 0.3606570363044739 8949
1786279115692 0.40270888805389404 8999
1786279119157 0.46472570300102234 9049
1786279122565 0.42143332958221436 9099
1786279125973 0.3379128575325012 9149
1786279129451 0.3702365458011627 9199
1786279132799 0.4490416646003723 9249
1786279136251 0.44942909479141235 9299
1786279139670 0.38969510793685913 9349
1786279143106 0.4924734830856323 9399
1786279146512 0.5248202681541443 9449
1786279149845 0.46793967485427856 9499
1786279153211 0.39716485142707825 9549
1786279220788 0.5952983498573303 9599
1786279224623 0.46954262256622314 9649
1786279228495 0.3722401559352875 9699
1786279232320 0.41435062885284424 9749
1786279236206 0.407064825296402 9799
1786279240075 0.45602425932884216 9849
1786279244080 0.39206939935684204 9899
1786279247998 0.5031360983848572 9949
1786279252064 0.4045397639274597 9999
1786279255980 0.5206755995750427 10049
1786279259824 0.41760626435279846 10099
1786279263613 0.49436312913894653 10149
1786279267415 0.46950966119766235 10199
1786279271184 0.4427211284637451 10249
1786279275010 0.36753177642822266 10299
1786279278785 0.5945545434951782 10349
1786279282518 0.3941780924797058 10399
1786279286166 0.45949774980545044 10449
1786279289834 0.4359804093837738 10499
1786279293566 0.4649723470211029 10549
1786279297249 0.4700837731361389 10599
1786279301008 0.5580630302429199 10649
1786279304705 0.38635799288749695 10699
1786279308359 0.4351978600025177 10749
1786279311804 0.5102517604827881 10799
1786279315220 0.5147427320480347 10849
1786279318734 0.5262529253959656 10899
1786279322265 0.3175804018974304 10949
1786279325815 0.5872895121574402 10999
1786279329213 0.3816096782684326 11049
1786279332732 0.5159227252006531 11099
1786279336124 0.3262117803096771 11149
1786279339873 0.44148582220077515 11199
1786279343334 0.4006548225879669 11249
1786279346701 0.34073808789253235 11299
1786279350117 0.34141805768013 11349
1786279353630 0.410684198141098 11399
1786279357143 0.35744404792785645 11449
1786279360662 0.3405950665473938 11499
1786279364349 0.5473484992980957 11549
1786279368330 0.4195844531059265 11599
1786279372145 0.4864194393157959 11649
1786279376014 0.33886945247650146 11699
1786279379850 0.4388023018836975 11749
1786279383729 0.39175987243652344 11799
1786279387611 0.5161128044128418 11849
1786279391516 0.42246827483177185 11899
1786279395261 0.3567180037498474 11949
1786279398976 0.4527769088745117 11999
1786279402664 0.48956364393234253 12049
1786279406298 0.38437288999557495 12099
1786279409938 0.4169803857803345 12149
1786279413562 0.3074129521846771 12199
1786279417168 0.3661508560180664 12249
1786279420926 0.358031302690506 12299
1786279424600 0.3699288070201874 12349
1786279428271 0.3424035310745239 12399
1786279431917 0.545772135257721 12449
1786279435561 0.4108644127845764 12499
1786279439178 0.34181955456733704 12549
1786279442710 0.32945868372917175 12599
1786279446391 0.30544647574424744 12649
1786279450034 0.4276107847690582 12699
1786279453737 0.3639410734176636 12749
1786279457830 0.3842132091522217 12799
1786279461629 0.4724805951118469 12849
1786279465343 0.4212489724159241 12899
1786279468892 0.3764432966709137 12949
1786279472588 0.39440375566482544 12999
1786279476245 0.3588354289531708 13049
1786279479845 0.5087696313858032 13099
1786279483360 0.28013744950294495 13149
1786279486990 0.32669779658317566 13199
1786279490910 0.5362586975097656 13249
1786279494811 0.3639163076877594 13299
1786279498392 0.37159463763237 13349
1786279501869 0.344944030046463 13399
1786279505443 0.3860120177268982 13449
1786279508988 0.3297189772129059 13499
1786279512580 0.4713326692581177 13549
1786279516181 0.3788335621356964 13599
1786279519821 0.4092152714729309 13649
1786279523503 0.36855635046958923 13699
1786279527174 0.4116067588329315 13749
1786279530806 0.34312501549720764 13799
1786279534448 0.5513843894004822 13849
1786279538034 0.4227244257926941 13899
1786279541719 0.43409213423728943 13949
1786279545390 0.49749985337257385 13999
1786279549122 0.44173839688301086 14049
1786279552743 0.4934362471103668 14099
1786279556381 0.3760858476161957 14149
1786279559951 0.4538349211215973 14199
1786279563503 0.3285805583000183 14249
1786279567016 0.44621020555496216 14299
1786279570544 0.49343788623809814 14349
1786279574370 0.40367332100868225 14399
1786279577961 0.4243951737880707 14449
1786279581422 0.37245962023735046 14499
1786279584792 0.38315996527671814 14549
1786279588224 0.4289202094078064 14599
1786279591626 0.46211323142051697 14649
1786279595050 0.42121171951293945 14699
1786279598508 0.37160781025886536 14749
1786279601940 0.46611207723617554 14799
1786279605435 0.3793458342552185 14849
1786279608914 0.393282413482666 14899
1786279612393 0.3645581007003784 14949
1786279615819 0.3700138032436371 14999
1786279619314 0.43779781460762024 15049
1786279622780 0.31610363721847534 15099
1786279626303 0.32020533084869385 15149
1786279629705 0.3646228611469269 15199
1786279633197 0.4131176769733429 15249
1786279636698 0.529390275478363 15299
1786279640118 0.4163946211338043 15349
1786279643674 0.3792515695095062 15399
1786279647092 0.402878999710083 15449
1786279650520 0.3784448504447937 15499
1786279654043 0.36959877610206604 15549
1786279657560 0.3631874918937683 15599
1786279661064 0.3587822914123535 15649
1786279664545 0.4750986695289612 15699
1786279668169 0.41790488362312317 15749
1786279671964 0.45616912841796875 15799
1786279675573 0.47159597277641296 15849
1786279679175 0.49660253524780273 15899
1786279682764 0.4430896043777466 15949
1786279686655 0.39075586199760437 15999
1786279690319 0.6670373678207397 16049
1786279693859 0.49873626232147217 16099
1786279697457 0.36415016651153564 16149
1786279701020 0.36377936601638794 16199
1786279704622 0.4977208375930786 16249
1786279708228 0.45300063490867615 16299
1786279711890 0.451540470123291 16349
1786279715508 0.4119906425476074 16399
1786279719037 0.4949517548084259 16449
1786279722571 0.35348594188690186 16499
1786279726194 0.3796626329421997 16549
1786279729841 0.4383496940135956 16599
1786279733435 0.45157063007354736 16649
1786279736971 0.4392457902431488 16699
1786279740485 0.36155909299850464 16749
1786279744065 0.3488868772983551 16799
1786279747694 0.41256988048553467 16849
1786279751242 0.3791358768939972 16899
1786279754884 0.3504110276699066 16949
1786279758513 0.44455957412719727 16999
1786279762163 0.5072160363197327 17049
1786279765690 0.4118180274963379 17099
1786279769409 0.41071656346321106 17149
1786279772964 0.3983443081378937 17199
1786279776517 0.30259934067726135 17249
1786279779979 0.487477570772171 17299
1786279783536 0.43971869349479675 17349
1786279787019 0.3929639458656311 17399
1786279790547 0.36266711354255676 17449
1786279793994 0.33813047409057617 17499
1786279797478 0.39071887731552124 17549
1786279801254 0.4278000295162201 17599
1786279804710 0.3864940404891968 17649
1786279808131 0.5015227794647217 17699
1786279811581 0.579248309135437 17749
1786279815110 0.4291587769985199 17799
1786279818680 0.412792831659317 17849
1786279822252 0.345182865858078 17899
1786279825801 0.3331316411495209 17949
1786279829314 0.37511691451072693 17999
1786279832869 0.3030341863632202 18049
1786279836426 0.406801700592041 18099
1786279839884 0.45904669165611267 18149
1786279843458 0.45343542098999023 18199
1786279846919 0.36762118339538574 18249
1786279850324 0.4372699558734894 18299
1786279853818 0.5366409420967102 18349
1786279857244 0.42564138770103455 18399
1786279860680 0.5403249859809875 18449
1786279864119 0.4538023769855499 18499
1786279867505 0.4322197139263153 18549
1786279870886 0.4838257133960724 18599
1786279874311 0.4383624792098999 18649
1786279877682 0.39942455291748047 18699
1786279881025 0.42401984333992004 18749
1786279884298 0.5261090993881226 18799
1786279887617 0.4486086666584015 18849
1786279890958 0.3663700222969055 18899
1786279894353 0.47523826360702515 18949
1786279897796 0.4458702504634857 18999
1786279901277 0.3846677243709564 19049
1786279904665 0.4483106732368469 19099
1786279908011 0.4606718122959137 19149
1786279973891 0.370879203081131 19199
1786279977307 0.5211042165756226 19249
1786279980706 0.6839436888694763 19299
1786279984178 0.3642454743385315 19349
1786279987669 0.4537186622619629 19399
1786279991074 0.45213910937309265 19449
1786279994595 0.4107605218887329 19499
1786279998046 0.3135717213153839 19549
1786280001507 0.42638900876045227 19599
1786280005005 0.5100901126861572 19649
1786280008556 0.5105124115943909 19699
1786280011981 0.3735620379447937 19749
1786280015523 0.43416306376457214 19799
1786280019058 0.5970686674118042 19849
1786280022580 0.4715287685394287 19899
1786280026053 0.3202887177467346 19949
1786280029545 0.47411638498306274 19999
1786280033105 0.38398876786231995 20049
1786280036590 0.5724164843559265 20099
1786280040236 0.3763952851295471 20149
1786280043704 0.3957042098045349 20199
1786280047182 0.5671608448028564 20249
1786280050617 0.37294653058052063 20299
1786280054155 0.38000622391700745 20349
1786280057696 0.5176031589508057 20399
1786280061210 0.29789161682128906 20449
1786280064678 0.4815406799316406 20499
1786280068171 0.5067738890647888 20549
1786280071717 0.3547531068325043 20599
1786280075228 0.5212717056274414 20649
1786280078776 0.49175769090652466 20699
1786280082658 0.34567752480506897 20749
1786280086133 0.623917281627655 20799
1786280089530 0.38578149676322937 20849
1786280092953 0.32748010754585266 20899
1786280096326 0.4779321551322937 20949
1786280099724 0.4165100157260895 20999
1786280103187 0.3698660731315613 21049
1786280106693 0.5187568068504333 21099
1786280110304 0.4441807270050049 21149
1786280113815 0.4062907099723816 21199
1786280117312 0.35304176807403564 21249
1786280120853 0.3480016589164734 21299
1786280124209 0.4427831768989563 21349
1786280127708 0.4430099427700043 21399
1786280131193 0.4284331202507019 21449
1786280134678 0.31618788838386536 21499
1786280138178 0.4222314953804016 21549
1786280141710 0.5236860513687134 21599
1786280145180 0.400738388299942 21649
1786280148691 0.46045586466789246 21699
1786280152188 0.37865954637527466 21749
1786280155704 0.4026504456996918 21799
1786280159238 0.36380642652511597 21849
1786280162653 0.3851698040962219 21899
1786280166098 0.3485223650932312 21949
1786280169538 0.35175129771232605 21999
1786280172998 0.3582167625427246 22049
1786280176468 0.44812464714050293 22099
1786280179895 0.37579771876335144 22149
1786280183304 0.43031230568885803 22199
1786280186779 0.31841957569122314 22249
1786280190231 0.3872836232185364 22299
1786280193952 0.49947187304496765 22349
1786280197278 0.39626041054725647 22399
1786280200704 0.4383264183998108 22449
1786280204225 0.3386213481426239 22499
1786280207783 0.32149383425712585 22549
1786280211237 0.47007590532302856 22599
1786280214645 0.34271058440208435 22649
1786280218088 0.4066556394100189 22699
1786280221478 0.3699873983860016 22749
1786280224925 0.28674444556236267 22799
1786280228311 0.3766808807849884 22849
1786280231777 0.327206552028656 22899
1786280235201 0.42814353108406067 22949
1786280238541 0.40949028730392456 22999
1786280241952 0.32130932807922363 23049
1786280245439 0.3673872649669647 23099
1786280248947 0.3945758640766144 23149
1786280252384 0.3774789869785309 23199
1786280255824 0.3601342737674713 23249
1786280259340 0.33228716254234314 23299
1786280262896 0.33416175842285156 23349
1786280266383 0.4351167380809784 23399
1786280269850 0.42216187715530396 23449
1786280273330 0.3236471116542816 23499
1786280276784 0.3892207443714142 23549
1786280280224 0.5721188187599182 23599
1786280283696 0.41532114148139954 23649
1786280287162 0.3665500581264496 23699
1786280290628 0.31087031960487366 23749
1786280294152 0.30109432339668274 23799
1786280297572 0.33209356665611267 23849
1786280301088 0.4520873427391052 23899
1786280304834 0.5347081422805786 23949
1786280308373 0.46168646216392517 23999
1786280311871 0.3393382430076599 24049
1786280315374 0.36551597714424133 24099
1786280318928 0.49344709515571594 24149
1786280322513 0.3363081216812134 24199
1786280326154 0.37505558133125305 24249
1786280329726 0.4624456465244293 24299
1786280333302 0.39816293120384216 24349
1786280336801 0.4411960542201996 24399
1786280340347 0.4077630937099457 24449
1786280343863 0.388919860124588 24499
1786280347367 0.3998759984970093 24549
1786280350892 0.43950405716896057 24599
1786280354385 0.4002002775669098 24649
1786280357945 0.4745698571205139 24699
1786280361524 0.3639282286167145 24749
1786280365048 0.44688287377357483 24799
1786280368606 0.30455273389816284 24849
1786280372186 0.4671579897403717 24899
1786280375808 0.4691239595413208 24949
1786280379381 0.3586496412754059 24999
1786280382934 0.4783189296722412 25049
1786280386453 0.27859795093536377 25099
1786280389967 0.32955631613731384 25149
1786280393527 0.38118496537208557 25199
1786280397155 0.4022643566131592 25249
1786280400810 0.3918561339378357 25299
1786280404335 0.26440778374671936 25349
1786280407773 0.34798750281333923 25399
1786280411255 0.4128350615501404 25449
1786280414740 0.5289161801338196 25499
1786280418462 0.3090035617351532 25549
1786280422150 0.3909198045730591 25599
1786280425507 0.464778333902359 25649
1786280429037 0.4855223298072815 25699
1786280432440 0.4916970133781433 25749
1786280435835 0.42979001998901367 25799
1786280439332 0.336744487285614 25849
1786280442731 0.4246695339679718 25899
1786280446119 0.32530534267425537 25949
1786280449601 0.2829199433326721 25999
1786280453033 0.4838746190071106 26049
1786280456570 0.31938809156417847 26099
1786280460037 0.4596787393093109 26149
1786280463450 0.35262632369995117 26199
1786280466926 0.494503915309906 26249
1786280470396 0.428043395280838 26299
1786280473885 0.3481062948703766 26349
1786280477276 0.34498727321624756 26399
1786280480732 0.4396379888057709 26449
1786280484212 0.3753424286842346 26499
1786280487573 0.410877525806427 26549
1786280491043 0.31971606612205505 26599
1786280494422 0.305355429649353 26649
1786280497817 0.398761123418808 26699
1786280501167 0.39965084195137024 26749
1786280504480 0.31185707449913025 26799
1786280507860 0.3463478684425354 26849
1786280511310 0.3541790843009949 26899
1786280514694 0.41907191276550293 26949
1786280517978 0.35999518632888794 26999
1786280521325 0.4181225001811981 27049
1786280524666 0.3573256731033325 27099
1786280528370 0.449839323759079 27149
1786280531783 0.3277609050273895 27199
1786280535250 0.40291914343833923 27249
1786280538722 0.4422582983970642 27299
1786280542141 0.34896716475486755 27349
1786280545547 0.40021106600761414 27399
1786280548894 0.3732164800167084 27449
1786280552290 0.4725199043750763 27499
1786280555693 0.4768301844596863 27549
1786280559076 0.5137839913368225 27599
1786280562477 0.44850778579711914 27649
1786280565808 0.31221845746040344 27699
1786280569216 0.3268232047557831 27749
1786280572561 0.3879939615726471 27799
1786280575900 0.37593063712120056 27849
1786280579280 0.46409323811531067 27899
1786280582641 0.3732767701148987 27949
1786280585901 0.3266821503639221 27999
1786280589211 0.3715650737285614 28049
1786280592605 0.31792473793029785 28099
1786280596101 0.31256622076034546 28149
1786280599573 0.33680859208106995 28199
1786280602947 0.3126504123210907 28249
1786280606323 0.43896424770355225 28299
1786280609773 0.3246780335903168 28349
1786280613389 0.3425208628177643 28399
1786280617016 0.35225847363471985 28449
1786280620649 0.31557756662368774 28499
1786280624056 0.47538918256759644 28549
1786280627428 0.41050803661346436 28599
1786280630765 0.3337191045284271 28649
1786280634090 0.4288080632686615 28699
