1786278573160 0.06434023380279541 1595
1786278691923 0.23451592028141022 3191
1786278809139 0.36469122767448425 4787
1786278926939 0.46847525238990784 6383
1786279044095 0.4529336094856262 7979
1786279218546 0.4386284649372101 9575
1786279337615 0.4451080560684204 11171
1786279454956 0.42319196462631226 12767
1786279571394 0.4168389141559601 14363
1786279683422 0.4191034734249115 15959
1786279797837 0.4276363253593445 17555
1786279970138 0.4276309609413147 19151
1786280082128 0.4195614755153656 20747
1786280193146 0.40782541036605835 22343
1786280303823 0.4038054943084717 23939
1786280417165 0.3966774344444275 25535
1786280526800 0.3963938057422638 27131
1786280696236 0.3970593512058258 28727
