1786278573160 1.2861038446426392 1595
1786278691923 1.8476258516311646 3191
1786278809139 2.2928290367126465 4787
1786278926939 2.7109146118164062 6383
1786279044095 2.70796799659729 7979
1786279218546 2.6423189640045166 9575
1786279337615 2.5744431018829346 11171
1786279454956 2.4460339546203613 12767
1786279571394 2.396859645843506 14363
1786279683422 2.3559281826019287 15959
1786279797837 2.3757734298706055 17555
1786279970138 2.4098410606384277 19151
1786280082128 2.3912036418914795 20747
1786280193146 2.3546361923217773 22343
1786280303823 2.33827805519104 23939
1786280417165 2.313361644744873 25535
1786280526800 2.310187578201294 27131
1786280696236 2.30888032913208 28727
