1786278451180 1.1524838209152222 49
1786278455258 0.9484540224075317 99
1786278459710 0.9111312031745911 149
1786278463848 0.9855417013168335 199
1786278467879 1.0709452629089355 249
1786278471783 1.0660216808319092 299
1786278475894 1.0389208793640137 349
1786278479889 1.0424742698669434 399
1786278483925 1.0414905548095703 449
1786278487828 1.035654067993164 499
1786278491800 1.0833873748779297 549
1786278495687 1.0798484086990356 599
1786278499562 1.15897536277771 649
1786278503522 1.1521927118301392 699
1786278507429 1.1728730201721191 749
1786278511343 1.2567007541656494 799
1786278515277 1.332236647605896 849
1786278519162 1.3341988325119019 899
1786278523057 1.3339203596115112 949
1786278526937 1.3612481355667114 999
1786278530810 1.3242313861846924 1049
1786278534713 1.3914275169372559 1099
1786278538594 1.4549354314804077 1149
1786278542471 1.4905914068222046 1199
1786278546350 1.5287244319915771 1249
1786278550255 1.594908595085144 1299
1786278554034 1.5992624759674072 1349
1786278557846 1.6067588329315186 1399
1786278561693 1.6114985942840576 1449
1786278565693 1.6081916093826294 1499
1786278569584 1.544197678565979 1549
1786278573827 1.5312546491622925 1599
1786278577435 1.7615687847137451 1649
1786278581029 1.648229956626892 1699
1786278584676 1.6239013671875 1749
1786278588345 1.806317687034607 1799
1786278591938 1.7588475942611694 1849
1786278595564 1.7407677173614502 1899
1786278599194 1.8121373653411865 1949
1786278602871 1.719931721687317 1999
1786278606611 1.6712018251419067 2049
1786278610204 1.7474812269210815 2099
1786278613897 1.7569231986999512 2149
1786278617662 1.770917296409607 2199
1786278621368 1.8186758756637573 2249
1786278625088 1.8043173551559448 2299
1786278628743 1.8831325769424438 2349
1786278632447 1.8380863666534424 2399
1786278636124 1.9229010343551636 2449
1786278639934 1.9518964290618896 2499
1786278643674 1.9024244546890259 2549
1786278647486 1.8366222381591797 2599
1786278651126 2.036586284637451 2649
1786278654880 1.727130651473999 2699
1786278658592 1.9826107025146484 2749
1786278662322 1.8660764694213867 2799
1786278666061 1.888414978981018 2849
1786278669864 2.0576305389404297 2899
1786278673729 2.076415538787842 2949
1786278677601 2.0171186923980713 2999
1786278681421 2.0437121391296387 3049
1786278685236 2.0802671909332275 3099
1786278688862 2.04573130607605 3149
1786278692921 2.1943647861480713 3199
1786278696650 2.0932044982910156 3249
1786278700352 1.997886061668396 3299
1786278703937 2.2120094299316406 3349
1786278707663 2.2004554271698 3399
1786278711416 2.2200710773468018 3449
1786278715120 2.1923506259918213 3499
1786278718782 2.1703155040740967 3549
1786278722520 2.139085292816162 3599
1786278726284 2.0579495429992676 3649
1786278729911 2.1792116165161133 3699
1786278733638 2.292445421218872 3749
1786278737414 2.1310179233551025 3799
1786278741170 2.21805477142334 3849
1786278744812 2.2666079998016357 3899
1786278748398 2.2842915058135986 3949
1786278751999 1.9997528791427612 3999
1786278755663 2.4322261810302734 4049
1786278759352 2.0237340927124023 4099
1786278762909 2.265807628631592 4149
1786278766421 2.1893980503082275 4199
1786278770104 2.2821764945983887 4249
1786278773692 2.4635651111602783 4299
1786278777271 2.2988617420196533 4349
1786278780918 2.423253297805786 4399
1786278784563 2.2731173038482666 4449
1786278788267 2.3567605018615723 4499
1786278791845 2.5046815872192383 4549
1786278795540 2.3369240760803223 4599
1786278799243 2.350844621658325 4649
1786278802857 2.6212408542633057 4699
1786278806494 2.7019472122192383 4749
1786278810400 2.5315775871276855 4799
1786278814032 2.699561834335327 4849
1786278817761 2.5872068405151367 4899
1786278821322 2.734182596206665 4949
1786278824990 2.6005337238311768 4999
1786278828653 2.572561740875244 5049
1786278832309 2.6558709144592285 5099
1786278835926 2.5099704265594482 5149
1786278839609 2.3079121112823486 5199
1786278843269 2.676661491394043 5249
1786278847004 2.8011577129364014 5299
1786278850743 2.5075151920318604 5349
1786278854516 2.711468458175659 5399
1786278858300 2.6094207763671875 5449
1786278862035 2.586615800857544 5499
1786278865685 2.518641948699951 5549
1786278869408 2.395320177078247 5599
1786278873177 2.5803802013397217 5649
1786278876897 2.714897394180298 5699
1786278880627 2.903001546859741 5749
1786278884398 2.8622732162475586 5799
1786278887994 2.887349843978882 5849
1786278891585 3.0154128074645996 5899
1786278895231 2.812631368637085 5949
1786278898847 2.9303081035614014 5999
1786278902482 2.638653039932251 6049
1786278906173 2.916436195373535 6099
1786278909828 2.702418804168701 6149
1786278913542 2.446958065032959 6199
1786278917201 2.83927845954895 6249
1786278920910 2.8279507160186768 6299
1786278924537 2.6240084171295166 6349
1786278928561 2.5866048336029053 6399
1786278932227 2.742790699005127 6449
1786278936003 2.899670362472534 6499
1786278939700 2.895336389541626 6549
1786278943373 2.712388038635254 6599
1786278947184 2.857628107070923 6649
1786278951008 2.791748285293579 6699
1786278954679 2.8341832160949707 6749
1786278958436 2.908705234527588 6799
1786278962151 2.970564365386963 6849
1786278965953 2.701331853866577 6899
1786278969755 2.501818895339966 6949
1786278973402 2.954411745071411 6999
1786278976986 2.882750988006592 7049
1786278980581 2.8577287197113037 7099
1786278984235 2.7787208557128906 7149
1786278987858 2.823730707168579 7199
1786278991446 2.683856725692749 7249
1786278995086 2.5328691005706787 7299
1786278998686 2.7635092735290527 7349
1786279002340 2.7471680641174316 7399
1786279005998 2.664677381515503 7449
1786279009651 2.8469038009643555 7499
1786279013298 2.7596144676208496 7549
1786279016924 3.002309799194336 7599
1786279020422 2.793203353881836 7649
1786279024040 2.4485716819763184 7699
1786279027626 2.6733367443084717 7749
1786279031186 2.625917673110962 7799
1786279034817 2.3546383380889893 7849
1786279038383 2.317086696624756 7899
1786279041975 3.0520920753479004 7949
1786279045845 2.679828643798828 7999
1786279049419 2.7677597999572754 8049
1786279053131 2.674546003341675 8099
1786279056715 2.6683685779571533 8149
1786279060311 2.5580050945281982 8199
1786279063909 2.6415297985076904 8249
1786279067421 2.85455584526062 8299
1786279070905 2.8182671070098877 8349
1786279074367 2.644895076751709 8399
1786279077856 2.6893599033355713 8449
1786279081278 2.7776551246643066 8499
1786279084746 2.5872573852539062 8549
1786279088157 2.4193015098571777 8599
1786279091563 2.452242374420166 8649
1786279095004 2.7295501232147217 8699
1786279098455 2.6062073707580566 8749
1786279101893 2.8595588207244873 8799
1786279105332 2.4572694301605225 8849
1786279108779 2.621791124343872 8899
1786279112245 2.401135206222534 8949
1786279115692 2.5366718769073486 8999
1786279119157 2.558237314224243 9049
1786279122565 2.5783355236053467 9099
1786279125973 2.3616223335266113 9149
1786279129451 2.467776298522949 9199
1786279132799 2.748112201690674 9249
1786279136251 2.6534671783447266 9299
1786279139670 2.5544824600219727 9349
1786279143106 2.7831809520721436 9399
1786279146512 2.856020212173462 9449
1786279149845 2.7001285552978516 9499
1786279153211 2.5150504112243652 9549
1786279220788 2.9245760440826416 9599
1786279224623 2.6533358097076416 9649
1786279228495 2.4364354610443115 9699
1786279232320 2.554619550704956 9749
1786279236206 2.4604403972625732 9799
1786279240075 2.7358789443969727 9849
1786279244080 2.510786294937134 9899
1786279247998 2.8198161125183105 9949
1786279252064 2.429830312728882 9999
1786279255980 2.788074493408203 10049
1786279259824 2.4545581340789795 10099
1786279263613 2.713027238845825 10149
1786279267415 2.6186442375183105 10199
1786279271184 2.4892754554748535 10249
1786279275010 2.3834128379821777 10299
1786279278785 2.8503739833831787 10349
1786279282518 2.425034523010254 10399
1786279286166 2.529548168182373 10449
1786279289834 2.5453453063964844 10499
1786279293566 2.661062240600586 10549
1786279297249 2.6754934787750244 10599
1786279301008 2.7888872623443604 10649
1786279304705 2.483484983444214 10699
1786279308359 2.5792722702026367 10749
1786279311804 2.676912784576416 10799
1786279315220 2.729418992996216 10849
1786279318734 2.6899945735931396 10899
1786279322265 2.144699811935425 10949
1786279325815 2.8460350036621094 10999
1786279329213 2.373260021209717 11049
1786279332732 2.704474925994873 11099
1786279336124 2.2100837230682373 11149
1786279339873 2.544956922531128 11199
1786279343334 2.4522345066070557 11249
1786279346701 2.294856309890747 11299
1786279350117 2.320413589477539 11349
1786279353630 2.467181444168091 11399
1786279357143 2.285116672515869 11449
1786279360662 2.3058619499206543 11499
1786279364349 2.8003602027893066 11549
1786279368330 2.4732489585876465 11599
1786279372145 2.7158825397491455 11649
1786279376014 2.239116668701172 11699
1786279379850 2.44757342338562 11749
1786279383729 2.462104320526123 11799
1786279387611 2.797776699066162 11849
1786279391516 2.466869592666626 11899
1786279395261 2.236921787261963 11949
1786279398976 2.4122042655944824 11999
1786279402664 2.560289144515991 12049
1786279406298 2.3536808490753174 12099
1786279409938 2.4472665786743164 12149
1786279413562 2.136465549468994 12199
1786279417168 2.310325860977173 12249
1786279420926 2.3534395694732666 12299
1786279424600 2.2511253356933594 12349
1786279428271 2.299748182296753 12399
1786279431917 2.7472832202911377 12449
1786279435561 2.3904001712799072 12499
1786279439178 2.26127028465271 12549
1786279442710 2.2093868255615234 12599
1786279446391 2.104499578475952 12649
1786279450034 2.4064877033233643 12699
1786279453737 2.2336971759796143 12749
1786279457830 2.3678107261657715 12799
1786279461629 2.527618646621704 12849
1786279465343 2.4859225749969482 12899
1786279468892 2.2601194381713867 12949
1786279472588 2.3952720165252686 12999
1786279476245 2.2173097133636475 13049
1786279479845 2.6233980655670166 13099
1786279483360 2.0848135948181152 13149
1786279486990 2.238837957382202 13199
1786279490910 2.597496271133423 13249
1786279494811 2.3729798793792725 13299
1786279498392 2.241046190261841 13349
1786279501869 2.178769111633301 13399
1786279505443 2.317786931991577 13449
1786279508988 2.203477382659912 13499
1786279512580 2.5612881183624268 13549
1786279516181 2.3115158081054688 13599
1786279519821 2.369537353515625 13649
1786279523503 2.3717451095581055 13699
1786279527174 2.3645706176757812 13749
1786279530806 2.178856372833252 13799
1786279534448 2.700005531311035 13849
1786279538034 2.410893440246582 13899
1786279541719 2.4801652431488037 13949
1786279545390 2.548518419265747 13999
1786279549122 2.3685622215270996 14049
1786279552743 2.586454153060913 14099
1786279556381 2.305495500564575 14149
1786279559951 2.4079935550689697 14199
1786279563503 2.2273428440093994 14249
1786279567016 2.4079887866973877 14299
1786279570544 2.561102867126465 14349
1786279574370 2.4102251529693604 14399
1786279577961 2.3615758419036865 14449
1786279581422 2.2833077907562256 14499
1786279584792 2.2726714611053467 14549
1786279588224 2.4093499183654785 14599
1786279591626 2.361278533935547 14649
1786279595050 2.306800365447998 14699
1786279598508 2.2217893600463867 14749
1786279601940 2.4486398696899414 14799
1786279605435 2.3221349716186523 14849
1786279608914 2.323960065841675 14899
1786279612393 2.2159645557403564 14949
1786279615819 2.2038800716400146 14999
1786279619314 2.4113681316375732 15049
1786279622780 2.1793243885040283 15099
1786279626303 2.175468921661377 15149
1786279629705 2.1702003479003906 15199
1786279633197 2.3078773021698 15249
1786279636698 2.595966339111328 15299
1786279640118 2.3637473583221436 15349
1786279643674 2.2624731063842773 15399
1786279647092 2.3315460681915283 15449
1786279650520 2.244405746459961 15499
1786279654043 2.273343563079834 15549
1786279657560 2.208838939666748 15599
1786279661064 2.261150598526001 15649
1786279664545 2.46736216545105 15699
1786279668169 2.36979079246521 15749
1786279671964 2.444953441619873 15799
1786279675573 2.4205615520477295 15849
1786279679175 2.415374994277954 15899
1786279682764 2.3403267860412598 15949
1786279686655 2.2619264125823975 15999
1786279690319 2.8094916343688965 16049
1786279693859 2.464543581008911 16099
1786279697457 2.222477436065674 16149
1786279701020 2.1504368782043457 16199
1786279704622 2.509782552719116 16249
1786279708228 2.486851930618286 16299
1786279711890 2.3845784664154053 16349
1786279715508 2.35099720954895 16399
1786279719037 2.517993211746216 16449
1786279722571 2.2532083988189697 16499
1786279726194 2.3032472133636475 16549
1786279729841 2.4911770820617676 16599
1786279733435 2.4483001232147217 16649
1786279736971 2.43662166595459 16699
1786279740485 2.2055883407592773 16749
1786279744065 2.1870951652526855 16799
1786279747694 2.377476453781128 16849
1786279751242 2.2672057151794434 16899
1786279754884 2.2103238105773926 16949
1786279758513 2.4301087856292725 16999
1786279762163 2.5433692932128906 17049
1786279765690 2.33309268951416 17099
1786279769409 2.2998416423797607 17149
1786279772964 2.345319986343384 17199
1786279776517 2.086299419403076 17249
1786279779979 2.5577375888824463 17299
1786279783536 2.3955419063568115 17349
1786279787019 2.271679639816284 17399
1786279790547 2.2415220737457275 17449
1786279793994 2.2270936965942383 17499
1786279797478 2.3222992420196533 17549
1786279801254 2.324587106704712 17599
1786279804710 2.3572771549224854 17649
1786279808131 2.5026121139526367 17699
1786279811581 2.7299516201019287 17749
1786279815110 2.435563802719116 17799
1786279818680 2.3735146522521973 17849
1786279822252 2.2269814014434814 17899
1786279825801 2.227299213409424 17949
1786279829314 2.333674907684326 17999
1786279832869 2.1587677001953125 18049
1786279836426 2.3710458278656006 18099
1786279839884 2.4939632415771484 18149
1786279843458 2.453087568283081 18199
1786279846919 2.300097703933716 18249
1786279850324 2.385712146759033 18299
1786279853818 2.6599152088165283 18349
1786279857244 2.440833806991577 18399
1786279860680 2.563815116882324 18449
1786279864119 2.5424106121063232 18499
1786279867505 2.4510462284088135 18549
1786279870886 2.626837730407715 18599
1786279874311 2.4361305236816406 18649
1786279877682 2.340252161026001 18699
1786279881025 2.4320151805877686 18749
1786279884298 2.676889419555664 18799
1786279887617 2.4409422874450684 18849
1786279890958 2.250558376312256 18899
1786279894353 2.4828286170959473 18949
1786279897796 2.476287364959717 18999
1786279901277 2.2588601112365723 19049
1786279904665 2.4760355949401855 19099
1786279908011 2.471022605895996 19149
1786279973891 2.3354618549346924 19199
1786279977307 2.578451156616211 19249
1786279980706 2.947960138320923 19299
1786279984178 2.31980037689209 19349
1786279987669 2.499314546585083 19399
1786279991074 2.423827648162842 19449
1786279994595 2.423398494720459 19499
1786279998046 2.152287721633911 19549
1786280001507 2.384268045425415 19599
1786280005005 2.6584413051605225 19649
1786280008556 2.636324167251587 19699
1786280011981 2.3114302158355713 19749
1786280015523 2.4129254817962646 19799
1786280019058 2.876532554626465 19849
1786280022580 2.527501106262207 19899
1786280026053 2.1836984157562256 19949
1786280029545 2.4071478843688965 19999
1786280033105 2.2962803840637207 20049
1786280036590 2.70560622215271 20099
1786280040236 2.29045033454895 20149
1786280043704 2.2576510906219482 20199
1786280047182 2.6524040699005127 20249
1786280050617 2.2380409240722656 20299
1786280054155 2.3063721656799316 20349
1786280057696 2.4420886039733887 20399
1786280061210 2.111449718475342 20449
1786280064678 2.4708244800567627 20499
1786280068171 2.5926246643066406 20549
1786280071717 2.244135856628418 20599
1786280075228 2.6993582248687744 20649
1786280078776 2.5769762992858887 20699
1786280082658 2.2688591480255127 20749
1786280086133 2.8002493381500244 20799
1786280089530 2.3432741165161133 20849
1786280092953 2.1846697330474854 20899
1786280096326 2.4799158573150635 20949
1786280099724 2.416987895965576 20999
1786280103187 2.309633731842041 21049
1786280106693 2.5541598796844482 21099
1786280110304 2.484833002090454 21149
1786280113815 2.3285934925079346 21199
1786280117312 2.2784554958343506 21249
1786280120853 2.214937210083008 21299
1786280124209 2.5263991355895996 21349
1786280127708 2.419069766998291 21399
1786280131193 2.4076454639434814 21449
1786280134678 2.157257556915283 21499
1786280138178 2.410041093826294 21549
1786280141710 2.446580410003662 21599
1786280145180 2.377751588821411 21649
1786280148691 2.507280111312866 21699
1786280152188 2.3271946907043457 21749
1786280155704 2.385373592376709 21799
1786280159238 2.3356029987335205 21849
1786280162653 2.3204598426818848 21899
1786280166098 2.245511770248413 21949
1786280169538 2.196864366531372 21999
1786280172998 2.2200851440429688 22049
1786280176468 2.447099447250366 22099
1786280179895 2.301577091217041 22149
1786280183304 2.4320602416992188 22199
1786280186779 2.1086325645446777 22249
1786280190231 2.403893232345581 22299
1786280193952 2.475295305252075 22349
1786280197278 2.3829333782196045 22399
1786280200704 2.4073538780212402 22449
1786280204225 2.142206907272339 22499
1786280207783 2.1153151988983154 22549
1786280211237 2.5269393920898438 22599
1786280214645 2.2421984672546387 22649
1786280218088 2.3710007667541504 22699
1786280221478 2.259021043777466 22749
1786280224925 2.0215330123901367 22799
1786280228311 2.31119704246521 22849
1786280231777 2.1749486923217773 22899
1786280235201 2.379241466522217 22949
1786280238541 2.3898489475250244 22999
1786280241952 2.1777749061584473 23049
1786280245439 2.203565835952759 23099
1786280248947 2.25813627243042 23149
1786280252384 2.2473196983337402 23199
1786280255824 2.235219955444336 23249
1786280259340 2.19650936126709 23299
1786280262896 2.2504847049713135 23349
1786280266383 2.429748058319092 23399
1786280269850 2.2940382957458496 23449
1786280273330 2.193773031234741 23499
1786280276784 2.3334643840789795 23549
1786280280224 2.748079776763916 23599
1786280283696 2.365574359893799 23649
1786280287162 2.2304282188415527 23699
1786280290628 2.109715223312378 23749
1786280294152 2.106813430786133 23799
1786280297572 2.1619465351104736 23849
1786280301088 2.533341884613037 23899
1786280304834 2.73895263671875 23949
1786280308373 2.440551996231079 23999
1786280311871 2.20312237739563 24049
1786280315374 2.2466795444488525 24099
1786280318928 2.6227545738220215 24149
1786280322513 2.153733968734741 24199
1786280326154 2.262133836746216 24249
1786280329726 2.4869651794433594 24299
1786280333302 2.3191077709198 24349
1786280336801 2.45497727394104 24399
1786280340347 2.3199362754821777 24449
1786280343863 2.326972007751465 24499
1786280347367 2.361020565032959 24549
1786280350892 2.402780294418335 24599
1786280354385 2.2694013118743896 24649
1786280357945 2.4805305004119873 24699
1786280361524 2.2250685691833496 24749
1786280365048 2.3870952129364014 24799
1786280368606 2.0884571075439453 24849
1786280372186 2.4789187908172607 24899
1786280375808 2.527040958404541 24949
1786280379381 2.2164700031280518 24999
1786280382934 2.3754968643188477 25049
1786280386453 1.9761090278625488 25099
1786280389967 2.2197299003601074 25149
1786280393527 2.1002793312072754 25199
1786280397155 2.333591938018799 25249
1786280400810 2.3240318298339844 25299
1786280404335 1.994365930557251 25349
1786280407773 2.188552141189575 25399
1786280411255 2.362626791000366 25449
1786280414740 2.7201735973358154 25499
1786280418462 2.1564760208129883 25549
1786280422150 2.334907054901123 25599
1786280425507 2.4599449634552 25649
1786280429037 2.4945242404937744 25699
1786280432440 2.548607349395752 25749
1786280435835 2.426372528076172 25799
1786280439332 2.1338038444519043 25849
1786280442731 2.381751298904419 25899
1786280446119 2.1431169509887695 25949
1786280449601 2.04884934425354 25999
1786280453033 2.4215404987335205 26049
1786280456570 2.162904977798462 26099
1786280460037 2.387943983078003 26149
1786280463450 2.2180001735687256 26199
1786280466926 2.529134511947632 26249
1786280470396 2.3824691772460938 26299
1786280473885 2.2538793087005615 26349
1786280477276 2.172672748565674 26399
1786280480732 2.3766868114471436 26449
1786280484212 2.3084323406219482 26499
1786280487573 2.3084418773651123 26549
1786280491043 2.1144018173217773 26599
1786280494422 2.093168258666992 26649
1786280497817 2.3397059440612793 26699
1786280501167 2.3487205505371094 26749
1786280504480 2.1324710845947266 26799
1786280507860 2.199695587158203 26849
1786280511310 2.224874496459961 26899
1786280514694 2.2532849311828613 26949
1786280517978 2.188088893890381 26999
1786280521325 2.3678014278411865 27049
1786280524666 2.1295387744903564 27099
1786280528370 2.414820432662964 27149
1786280531783 2.1597678661346436 27199
1786280535250 2.2891182899475098 27249
1786280538722 2.4017388820648193 27299
1786280542141 2.194453716278076 27349
1786280545547 2.2967581748962402 27399
1786280548894 2.246750831604004 27449
1786280552290 2.429619073867798 27499
1786280555693 2.513857364654541 27549
1786280559076 2.5519955158233643 27599
1786280562477 2.472994089126587 27649
1786280565808 2.139801025390625 27699
1786280569216 2.133758783340454 27749
1786280572561 2.3139538764953613 27799
1786280575900 2.1883840560913086 27849
1786280579280 2.536144495010376 27899
1786280582641 2.264200448989868 27949
1786280585901 2.144804000854492 27999
1786280589211 2.292684555053711 28049
1786280592605 2.1305289268493652 28099
1786280596101 2.148925304412842 28149
1786280599573 2.1907691955566406 28199
1786280602947 2.0655112266540527 28249
1786280606323 2.463855743408203 28299
1786280609773 2.128262758255005 28349
1786280613389 2.2007622718811035 28399
1786280617016 2.264038324356079 28449
1786280620649 2.1246626377105713 28499
1786280624056 2.40718936920166 28549
1786280627428 2.281388998031616 28599
1786280630765 2.2179110050201416 28649
1786280634090 2.4285385608673096 28699
