1786278573160 0.9197201132774353 1595
1786278691923 0.6915224194526672 3191
1786278809139 0.5365818738937378 4787
1786278926939 0.42546364665031433 6383
1786279044095 0.4244310259819031 7979
1786279218546 0.4448547065258026 9575
1786279337615 0.46480095386505127 11171
1786279454956 0.4894360899925232 12767
1786279571394 0.506648600101471 14363
1786279683422 0.5182338953018188 15959
1786279797837 0.5113058090209961 17555
1786279970138 0.5032742619514465 19151
1786280082128 0.509110152721405 20747
1786280193146 0.5162787437438965 22343
1786280303823 0.5203909277915955 23939
1786280417165 0.5255246758460999 25535
1786280526800 0.5258176922798157 27131
1786280696236 0.52553391456604 28727
