1786278451180 0.9956395030021667 49
1786278455258 0.9956395030021667 99
1786278459710 0.9927325248718262 149
1786278463848 0.9912790656089783 199
1786278467879 0.9923691749572754 249
1786278471783 0.9981738924980164 299
1786278475894 0.9937477111816406 349
1786278479889 0.989098846912384 399
1786278483925 0.9840116500854492 449
1786278487828 0.9778342843055725 499
1786278491800 0.9702034592628479 549
1786278495687 0.973473846912384 599
1786278499562 0.9593023061752319 649
1786278503522 0.9658430218696594 699
1786278507429 0.96875 749
1786278511343 0.9629360437393188 799
1786278515277 0.9414970874786377 849
1786278519162 0.9480378031730652 899
1786278523057 0.9247819781303406 949
1786278526937 0.9079330563545227 999
1786278530810 0.9084302186965942 1049
1786278534713 0.8779069781303406 1099
1786278538594 0.8557412624359131 1149
1786278542471 0.852107584476471 1199
1786278546350 0.8397529125213623 1249
1786278550255 0.7983284592628479 1299
1786278554034 0.823401153087616 1349
1786278557846 0.8059592843055725 1399
1786278561693 0.8181485533714294 1449
1786278565693 0.8081395030021667 1499
1786278569584 0.81901615858078 1549
1786278573827 0.8277616500854492 1599
1786278577435 0.7303779125213623 1649
1786278581029 0.7638282775878906 1699
1786278584676 0.7830668687820435 1749
1786278588345 0.6969476938247681 1799
1786278591938 0.7216569781303406 1849
1786278595564 0.7376453280448914 1899
1786278599194 0.6976743936538696 1949
1786278602871 0.7278342843055725 1999
1786278606611 0.7569040656089783 2049
1786278610204 0.7183866500854492 2099
1786278613897 0.71875 2149
1786278617662 0.7027616500854492 2199
1786278621368 0.7252907156944275 2249
1786278625088 0.7122092843055725 2299
1786278628743 0.6707848906517029 2349
1786278632447 0.7044786810874939 2399
1786278636124 0.6664243936538696 2449
1786278639934 0.6500726938247681 2499
1786278643674 0.6860464811325073 2549
1786278647486 0.6820493936538696 2599
1786278651126 0.625 2649
1786278654880 0.760901153087616 2699
1786278658592 0.6486191749572754 2749
1786278662322 0.6864098906517029 2799
1786278666061 0.6907703280448914 2849
1786278669864 0.6092592477798462 2899
1786278673729 0.6199128031730652 2949
1786278677601 0.6428052186965942 2999
1786278681421 0.6050145030021667 3049
1786278685236 0.602107584476471 3099
1786278688862 0.6271802186965942 3149
1786278692921 0.5559592843055725 3199
1786278696650 0.5906113386154175 3249
1786278700352 0.6388081312179565 3299
1786278703937 0.5806686282157898 3349
1786278707663 0.5507407188415527 3399
1786278711416 0.5374273061752319 3449
1786278715120 0.5454214811325073 3499
1786278718782 0.5737645030021667 3549
1786278722520 0.5701308250427246 3599
1786278726284 0.6220930218696594 3649
1786278729911 0.5792151093482971 3699
1786278733638 0.5548691749572754 3749
1786278737414 0.6004366874694824 3799
1786278741170 0.5712209343910217 3849
1786278744812 0.5545058250427246 3899
1786278748398 0.5388808250427246 3949
1786278751999 0.6268168687820435 3999
1786278755663 0.48473837971687317 4049
1786278759352 0.617572009563446 4099
1786278762909 0.5363371968269348 4149
1786278766421 0.5704941749572754 4199
1786278770104 0.5301598906517029 4249
1786278773692 0.4859985411167145 4299
1786278777271 0.546875 4349
1786278780918 0.5279796719551086 4399
1786278784563 0.49818313121795654 4449
1786278788267 0.5130813717842102 4499
1786278791845 0.48619186878204346 4549
1786278795540 0.5174418687820435 4599
1786278799243 0.4954027235507965 4649
1786278802857 0.4414874315261841 4699
1786278806494 0.4233284890651703 4749
1786278810400 0.45494186878204346 4799
1786278814032 0.421875 4849
1786278817761 0.45748546719551086 4899
1786278821322 0.40843021869659424 4949
1786278824990 0.44133034348487854 4999
1786278828653 0.4699413478374481 5049
1786278832309 0.4178779125213623 5099
1786278835926 0.4542151093482971 5149
1786278839609 0.538517415523529 5199
1786278843269 0.4284156858921051 5249
1786278847004 0.421875 5299
1786278850743 0.46802324056625366 5349
1786278854516 0.4345930218696594 5399
1786278858300 0.46547964215278625 5449
1786278862035 0.4596656858921051 5499
1786278865685 0.49963662028312683 5549
1786278869408 0.5101892352104187 5599
1786278873177 0.4494912922382355 5649
1786278876897 0.4385901093482971 5699
1786278880627 0.37427324056625366 5749
1786278884398 0.39244186878204346 5799
1786278887994 0.4181222915649414 5849
1786278891585 0.3775435984134674 5899
1786278895231 0.37440237402915955 5949
1786278898847 0.3747260868549347 5999
1786278902482 0.4375 6049
1786278906173 0.36155521869659424 6099
1786278909828 0.453125 6149
1786278913542 0.47747093439102173 6199
1786278917201 0.4011628031730652 6249
1786278920910 0.4037064015865326 6299
1786278924537 0.4451308250427246 6349
1786278928561 0.4560319781303406 6399
1786278932227 0.4204215109348297 6449
1786278936003 0.3670058250427246 6499
1786278939700 0.3895348906517029 6549
1786278943373 0.4207848906517029 6599
1786278947184 0.37318313121795654 6649
1786278951008 0.384728342294693 6699
1786278954679 0.4093245267868042 6749
1786278958436 0.4026162922382355 6799
1786278962151 0.36119186878204346 6849
1786278965953 0.4229651093482971 6899
1786278969755 0.46547964215278625 6949
1786278973402 0.34375 6999
1786278976986 0.3728197515010834 7049
1786278980581 0.3957121968269348 7099
1786278984235 0.3789970874786377 7149
1786278987858 0.41315406560897827 7199
1786278991446 0.4167878031730652 7249
1786278995086 0.4778343141078949 7299
1786278998686 0.4207848906517029 7349
1786279002340 0.3935031592845917 7399
1786279005998 0.4276844561100006 7449
1786279009651 0.3840843141078949 7499
1786279013298 0.39498546719551086 7549
1786279016924 0.3422965109348297 7599
1786279020422 0.42005813121795654 7649
1786279024040 0.508357584476471 7699
1786279027626 0.4385901093482971 7749
1786279031186 0.43023255467414856 7799
1786279034817 0.5114837884902954 7849
1786279038383 0.5257993936538696 7899
1786279041975 0.3473837077617645 7949
1786279045845 0.4309593141078949 7999
1786279049419 0.3982558250427246 8049
1786279053131 0.42446574568748474 8099
1786279056715 0.43023255467414856 8149
1786279060311 0.44876453280448914 8199
1786279063909 0.4502180218696594 8249
1786279067421 0.3688226640224457 8299
1786279070905 0.3710029125213623 8349
1786279074367 0.44440406560897827 8399
1786279077856 0.4156976640224457 8449
1786279081278 0.40456050634384155 8499
1786279084746 0.47101715207099915 8549
1786279088157 0.5 8599
1786279091563 0.4781976640224457 8649
1786279095004 0.4436773359775543 8699
1786279098455 0.43422964215278625 8749
1786279101893 0.3740822374820709 8799
1786279105332 0.49018895626068115 8849
1786279108779 0.46875 8899
1786279112245 0.4894621968269348 8949
1786279115692 0.4934593141078949 8999
1786279119157 0.4665697515010834 9049
1786279122565 0.48847419023513794 9099
1786279125973 0.522892415523529 9149
1786279129451 0.4727470874786377 9199
1786279132799 0.39534884691238403 9249
1786279136251 0.4570484459400177 9299
1786279139670 0.4516715109348297 9349
1786279143106 0.39168813824653625 9399
1786279146512 0.38880813121795654 9449
1786279149845 0.43121302127838135 9499
1786279153211 0.4923691749572754 9549
1786279220788 0.3979366421699524 9599
1786279224623 0.4672965109348297 9649
1786279228495 0.49706313014030457 9699
1786279232320 0.4596656858921051 9749
1786279236206 0.507267415523529 9799
1786279240075 0.41606104373931885 9849
1786279244080 0.4763808250427246 9899
1786279247998 0.3826308250427246 9949
1786279252064 0.5054985284805298 9999
1786279255980 0.42659884691238403 10049
1786279259824 0.4702034890651703 10099
1786279263613 0.45494186878204346 10149
1786279267415 0.4516715109348297 10199
1786279271184 0.48110464215278625 10249
1786279275010 0.4934593141078949 10299
1786279278785 0.4192489981651306 10349
1786279282518 0.47710755467414856 10399
1786279286166 0.4992526173591614 10449
1786279289834 0.4723837077617645 10499
1786279293566 0.4451308250427246 10549
1786279297249 0.442950576543808 10599
1786279301008 0.4358220100402832 10649
1786279304705 0.4778343141078949 10699
1786279308359 0.4400435984134674 10749
1786279311804 0.453125 10799
1786279315220 0.4247819781303406 10849
1786279318734 0.44840115308761597 10899
1786279322265 0.5822416543960571 10949
1786279325815 0.39536595344543457 10999
1786279329213 0.5185730457305908 11049
1786279332732 0.4280523359775543 11099
1786279336124 0.5363371968269348 11149
1786279339873 0.49018895626068115 11199
1786279343334 0.49818313121795654 11249
1786279346701 0.5065407156944275 11299
1786279350117 0.5225290656089783 11349
1786279353630 0.5254360437393188 11399
1786279357143 0.5484581589698792 11449
1786279360662 0.4858284890651703 11499
1786279364349 0.3995601236820221 11549
1786279368330 0.4672965109348297 11599
1786279372145 0.38226744532585144 11649
1786279376014 0.5512354373931885 11699
1786279379850 0.49668386578559875 11749
1786279383729 0.47056686878204346 11799
1786279387611 0.4026162922382355 11849
1786279391516 0.4698401093482971 11899
1786279395261 0.5428779125213623 11949
1786279398976 0.5050946474075317 11999
1786279402664 0.4651162624359131 12049
1786279406298 0.507267415523529 12099
1786279409938 0.4686346650123596 12149
1786279413562 0.578812301158905 12199
1786279417168 0.4960029125213623 12249
1786279420926 0.4869185984134674 12299
1786279424600 0.5465116500854492 12349
1786279428271 0.49273255467414856 12399
1786279431917 0.4313226640224457 12449
1786279435561 0.5134447813034058 12499
1786279439178 0.5235143899917603 12549
1786279442710 0.5479651093482971 12599
1786279446391 0.6173691749572754 12649
1786279450034 0.5232558250427246 12699
1786279453737 0.5314098000526428 12749
1786279457830 0.5061773061752319 12799
1786279461629 0.46293604373931885 12849
1786279465343 0.47443389892578125 12899
1786279468892 0.5410610437393188 12949
1786279472588 0.49963662028312683 12999
1786279476245 0.5491266250610352 13049
1786279479845 0.45784884691238403 13099
1786279483360 0.5851258039474487 13149
1786279486990 0.5272529125213623 13199
1786279490910 0.4938226640224457 13249
1786279494811 0.5079941749572754 13299
1786279498392 0.5279796719551086 13349
1786279501869 0.5723110437393188 13399
1786279505443 0.5199854373931885 13449
1786279508988 0.5522276163101196 13499
1786279512580 0.45130813121795654 13549
1786279516181 0.5334302186965942 13599
1786279519821 0.5243459343910217 13649
1786279523503 0.4934593141078949 13699
1786279527174 0.5237399935722351 13749
1786279530806 0.5439882874488831 13799
1786279534448 0.42151162028312683 13849
1786279538034 0.4744391441345215 13899
1786279541719 0.48510172963142395 13949
1786279545390 0.4611191749572754 13999
1786279549122 0.5123546719551086 14049
1786279552743 0.4389534890651703 14099
1786279556381 0.5181686282157898 14149
1786279559951 0.5254730582237244 14199
1786279563503 0.5486918687820435 14249
1786279567016 0.5178052186965942 14299
1786279570544 0.47056686878204346 14349
1786279574370 0.48742255568504333 14399
1786279577961 0.5116279125213623 14449
1786279581422 0.570857584476471 14499
1786279584792 0.5356093645095825 14549
1786279588224 0.5090842843055725 14599
1786279591626 0.53125 14649
1786279595050 0.5585029125213623 14699
1786279598508 0.5581395626068115 14749
1786279601940 0.5018168687820435 14799
1786279605435 0.5087209343910217 14849
1786279608914 0.5159883499145508 14899
1786279612393 0.5337243676185608 14949
1786279615819 0.5712209343910217 14999
1786279619314 0.48909884691238403 15049
1786279622780 0.5857558250427246 15099
1786279626303 0.5599563717842102 15149
1786279629705 0.5803052186965942 15199
1786279633197 0.5293466448783875 15249
1786279636698 0.46547964215278625 15299
1786279640118 0.53125 15349
1786279643674 0.5548691749572754 15399
1786279647092 0.5170784592628479 15449
1786279650520 0.554142415523529 15499
1786279654043 0.5268895626068115 15549
1786279657560 0.5439882874488831 15599
1786279661064 0.5323401093482971 15649
1786279664545 0.4934593141078949 15699
1786279668169 0.5225290656089783 15749
1786279671964 0.4985465109348297 15799
1786279675573 0.5116279125213623 15849
1786279679175 0.5232558250427246 15899
1786279682764 0.5374273061752319 15949
1786279686655 0.5472383499145508 15999
1786279690319 0.4353197515010834 16049
1786279693859 0.48001453280448914 16099
1786279697457 0.5316133499145508 16149
1786279701020 0.6031976938247681 16199
1786279704622 0.4908357858657837 16249
1786279708228 0.507267415523529 16299
1786279711890 0.5272529125213623 16349
1786279715508 0.510901153087616 16399
1786279719037 0.45461174845695496 16449
1786279722571 0.5490552186965942 16499
1786279726194 0.5305232405662537 16549
1786279729841 0.47552961111068726 16599
1786279733435 0.508357584476471 16649
1786279736971 0.46875 16699
1786279740485 0.526526153087616 16749
1786279744065 0.570857584476471 16799
1786279747694 0.4970930218696594 16849
1786279751242 0.5392441749572754 16899
1786279754884 0.5610464811325073 16949
1786279758513 0.478924423456192 16999
1786279762163 0.4749273359775543 17049
1786279765690 0.5345203280448914 17099
1786279769409 0.5214389562606812 17149
1786279772964 0.5145348906517029 17199
1786279776517 0.5924308896064758 17249
1786279779979 0.4592430889606476 17299
1786279783536 0.5025436282157898 17349
1786279787019 0.5465116500854492 17399
1786279790547 0.5610464811325073 17449
1786279793994 0.5334302186965942 17499
1786279797478 0.5407324433326721 17549
1786279801254 0.5123546719551086 17599
1786279804710 0.5050871968269348 17649
1786279808131 0.49527615308761597 17699
1786279811581 0.42260172963142395 17749
1786279815110 0.4749273359775543 17799
1786279818680 0.5090842843055725 17849
1786279822252 0.5314453840255737 17899
1786279825801 0.5530523061752319 17949
1786279829314 0.5247092843055725 17999
1786279832869 0.5686773061752319 18049
1786279836426 0.4974564015865326 18099
1786279839884 0.46438953280448914 18149
1786279843458 0.47311046719551086 18199
1786279846919 0.5330668687820435 18249
1786279850324 0.5188953280448914 18299
1786279853818 0.4596656858921051 18349
1786279857244 0.5167151093482971 18399
1786279860680 0.5036337375640869 18449
1786279864119 0.4625726640224457 18499
1786279867505 0.46834978461265564 18549
1786279870886 0.4491279125213623 18599
1786279874311 0.4752906858921051 18649
1786279877682 0.5029112100601196 18699
1786279881025 0.5207121968269348 18749
1786279884298 0.4338017702102661 18799
1786279887617 0.5174418687820435 18849
1786279890958 0.5641495585441589 18899
1786279894353 0.5192587375640869 18949
1786279897796 0.48510482907295227 18999
1786279901277 0.53125 19049
1786279904665 0.484375 19099
1786279908011 0.5145348906517029 19149
1786279973891 0.507267415523529 19199
1786279977307 0.46039244532585144 19249
1786279980706 0.3789970874786377 19299
1786279984178 0.5021802186965942 19349
1786279987669 0.4829215109348297 19399
1786279991074 0.5254360437393188 19449
1786279994595 0.4909156858921051 19499
1786279998046 0.5701174736022949 19549
1786280001507 0.5108495950698853 19599
1786280005005 0.4269621968269348 19649
1786280008556 0.4182412922382355 19699
1786280011981 0.5374273061752319 19749
1786280015523 0.5271317958831787 19799
1786280019058 0.3920784890651703 19849
1786280022580 0.4872819781303406 19899
1786280026053 0.5614098906517029 19949
1786280029545 0.5247092843055725 19999
1786280033105 0.5185319781303406 20049
1786280036590 0.4607195258140564 20099
1786280040236 0.5221657156944275 20149
1786280043704 0.5428779125213623 20199
1786280047182 0.48255813121795654 20249
1786280050617 0.5555959343910217 20299
1786280054155 0.5090842843055725 20349
1786280057696 0.5218023061752319 20399
1786280061210 0.5962936282157898 20449
1786280064678 0.5054506063461304 20499
1786280068171 0.45494186878204346 20549
1786280071717 0.5374273061752319 20599
1786280075228 0.4385901093482971 20649
1786280078776 0.4712935984134674 20699
1786280082658 0.5374273061752319 20749
1786280086133 0.4647529125213623 20799
1786280089530 0.5188953280448914 20849
1786280092953 0.5574128031730652 20899
1786280096326 0.4974564015865326 20949
1786280099724 0.49309593439102173 20999
1786280103187 0.5436046719551086 21049
1786280106693 0.49317091703414917 21099
1786280110304 0.4763808250427246 21149
1786280113815 0.526526153087616 21199
1786280117312 0.5196220874786377 21249
1786280120853 0.5517621040344238 21299
1786280124209 0.47856104373931885 21349
1786280127708 0.4716569781303406 21399
1786280131193 0.4938226640224457 21449
1786280134678 0.5570493936538696 21499
1786280138178 0.5119912624359131 21549
1786280141710 0.5428779125213623 21599
1786280145180 0.5032703280448914 21649
1786280148691 0.4716569781303406 21699
1786280152188 0.5098110437393188 21749
1786280155704 0.504723846912384 21799
1786280159238 0.5076308250427246 21849
1786280162653 0.494549423456192 21899
1786280166098 0.5305232405662537 21949
1786280169538 0.5810319781303406 21999
1786280172998 0.5346968770027161 22049
1786280176468 0.4920058250427246 22099
1786280179895 0.5250726938247681 22149
1786280183304 0.4963662624359131 22199
1786280186779 0.5843023061752319 22249
1786280190231 0.5087209343910217 22299
1786280193952 0.5025436282157898 22349
1786280197278 0.46148255467414856 22399
1786280200704 0.5236535668373108 22449
1786280204225 0.5614098906517029 22499
1786280207783 0.5752180218696594 22549
1786280211237 0.484001487493515 22599
1786280214645 0.5446947813034058 22649
1786280218088 0.4920058250427246 22699
1786280221478 0.5454214811325073 22749
1786280224925 0.6028342843055725 22799
1786280228311 0.5200441479682922 22849
1786280231777 0.5557190179824829 22899
1786280235201 0.5058139562606812 22949
1786280238541 0.5032703280448914 22999
1786280241952 0.5803052186965942 23049
1786280245439 0.5490552186965942 23099
1786280248947 0.5602055788040161 23149
1786280252384 0.5643168687820435 23199
1786280255824 0.5290697813034058 23249
1786280259340 0.5454214811325073 23299
1786280262896 0.5243459343910217 23349
1786280266383 0.49963662028312683 23399
1786280269850 0.5405306220054626 23449
1786280273330 0.554618775844574 23499
1786280276784 0.5018168687820435 23549
1786280280224 0.44585755467414856 23599
1786280283696 0.5105378031730652 23649
1786280287162 0.5497819781303406 23699
1786280290628 0.5832121968269348 23749
1786280294152 0.5835756063461304 23799
1786280297572 0.5664970874786377 23849
1786280301088 0.4571220874786377 23899
1786280304834 0.40806686878204346 23949
1786280308373 0.48001453280448914 23999
1786280311871 0.5694040656089783 24049
1786280315374 0.535973846912384 24099
1786280318928 0.4451308250427246 24149
1786280322513 0.5846657156944275 24199
1786280326154 0.5079941749572754 24249
1786280329726 0.4829215109348297 24299
1786280333302 0.5247092843055725 24349
1786280336801 0.4960029125213623 24399
1786280340347 0.4905523359775543 24449
1786280343863 0.5134447813034058 24499
1786280347367 0.48873546719551086 24549
1786280350892 0.49527615308761597 24599
1786280354385 0.5245600938796997 24649
1786280357945 0.48110464215278625 24699
1786280361524 0.539607584476471 24749
1786280365048 0.5025436282157898 24799
1786280368606 0.5872092843055725 24849
1786280372186 0.484375 24899
1786280375808 0.46875 24949
1786280379381 0.5646457672119141 24999
1786280382934 0.5356104373931885 25049
1786280386453 0.6380813717842102 25099
1786280389967 0.525293231010437 25149
1786280393527 0.6282703280448914 25199
1786280397155 0.5138081312179565 25249
1786280400810 0.507267415523529 25299
1786280404335 0.598473846912384 25349
1786280407773 0.5627068877220154 25399
1786280411255 0.5261628031730652 25449
1786280414740 0.3977777659893036 25499
1786280418462 0.5650436282157898 25549
1786280422150 0.5145348906517029 25599
1786280425507 0.48655521869659424 25649
1786280429037 0.5003633499145508 25699
1786280432440 0.47356826066970825 25749
1786280435835 0.49617210030555725 25799
1786280439332 0.5759447813034058 25849
1786280442731 0.5123546719551086 25899
1786280446119 0.5555959343910217 25949
1786280449601 0.6111918687820435 25999
1786280453033 0.5181119441986084 26049
1786280456570 0.5759447813034058 26099
1786280460037 0.5003633499145508 26149
1786280463450 0.5388010144233704 26199
1786280466926 0.4717741906642914 26249
1786280470396 0.48825255036354065 26299
1786280473885 0.5130813717842102 26349
1786280477276 0.5537790656089783 26399
1786280480732 0.48747238516807556 26449
1786280484212 0.5247092843055725 26499
1786280487573 0.5261628031730652 26549
1786280491043 0.573401153087616 26599
1786280494422 0.5807158946990967 26649
1786280497817 0.5341569781303406 26699
1786280501167 0.5029069781303406 26749
1786280504480 0.550937831401825 26799
1786280507860 0.5595930218696594 26849
1786280511310 0.5519621968269348 26899
1786280514694 0.5290697813034058 26949
1786280517978 0.5674486756324768 26999
1786280521325 0.526526153087616 27049
1786280524666 0.6191860437393188 27099
1786280528370 0.47749724984169006 27149
1786280531783 0.5614098906517029 27199
1786280535250 0.5112645626068115 27249
1786280538722 0.5076308250427246 27299
1786280542141 0.5454214811325073 27349
1786280545547 0.526526153087616 27399
1786280548894 0.5401621460914612 27449
1786280552290 0.4949128031730652 27499
1786280555693 0.4676598906517029 27549
1786280559076 0.4636628031730652 27599
1786280562477 0.47347384691238403 27649
1786280565808 0.5639534592628479 27699
1786280569216 0.5777616500854492 27749
1786280572561 0.5068039894104004 27799
1786280575900 0.5585029125213623 27849
1786280579280 0.4716569781303406 27899
1786280582641 0.5376186966896057 27949
1786280585901 0.5428779125213623 27999
1786280589211 0.5257993936538696 28049
1786280592605 0.5748898386955261 28099
1786280596101 0.5581395626068115 28149
1786280599573 0.5399709343910217 28199
1786280602947 0.6115552186965942 28249
1786280606323 0.45821115374565125 28299
1786280609773 0.5850290656089783 28349
1786280613389 0.5352470874786377 28399
1786280617016 0.5178052186965942 28449
1786280620649 0.5570493936538696 28499
1786280624056 0.5032703280448914 28549
1786280627428 0.5207121968269348 28599
1786280630765 0.5534157156944275 28649
1786280634090 0.4803779125213623 28699
