1786278451180 0.0 49
1786278455258 0.0 99
1786278459710 0.0 149
1786278463848 0.0 199
1786278467879 0.0 249
1786278471783 0.0 299
1786278475894 0.0 349
1786278479889 0.0 399
1786278483925 0.0 449
1786278487828 0.0 499
1786278491800 0.0 549
1786278495687 0.0 599
1786278499562 0.0 649
1786278503522 5.425347262644209e-05 699
1786278507429 5.425347262644209e-05 749
1786278511343 0.0007052951259538531 799
1786278515277 0.00016276042151730508 849
1786278519162 0.0015733507461845875 899
1786278523057 0.0004340277810115367 949
1786278526937 0.0008152173832058907 999
1786278530810 0.0005425347480922937 1049
1786278534713 0.0009223090601153672 1099
1786278538594 0.0009223090601153672 1149
1786278542471 0.0015190972480922937 1199
1786278546350 0.0011935763759538531 1249
1786278550255 0.0023328992538154125 1299
1786278554034 0.0028754340019077063 1349
1786278557846 0.0027669270057231188 1399
1786278561693 0.002513111801818013 1449
1786278565693 0.0032009549904614687 1499
1786278569584 0.006140350829809904 1549
1786278573827 0.009928385727107525 1599
1786278577435 0.00775824673473835 1649
1786278581029 0.010108696296811104 1699
1786278584676 0.014431423507630825 1749
1786278588345 0.012044270522892475 1799
1786278591938 0.010470920242369175 1849
1786278595564 0.01128472201526165 1899
1786278599194 0.014431423507630825 1949
1786278602871 0.011881510727107525 1999
1786278606611 0.014377170242369175 2049
1786278610204 0.011501736007630825 2099
1786278613897 0.01953125 2149
1786278617662 0.01730685867369175 2199
1786278621368 0.01166449673473835 2249
1786278625088 0.01318359375 2299
1786278628743 0.01741536520421505 2349
1786278632447 0.012500000186264515 2399
1786278636124 0.0162217877805233 2449
1786278639934 0.01643880270421505 2499
1786278643674 0.01220703125 2549
1786278647486 0.01215277798473835 2599
1786278651126 0.010091145522892475 2649
1786278654880 0.00884331576526165 2699
1786278658592 0.01888020895421505 2749
1786278662322 0.014919704757630825 2799
1786278666061 0.01128472201526165 2849
1786278669864 0.014823008328676224 2899
1786278673729 0.0135633684694767 2949
1786278677601 0.01654730923473835 2999
1786278681421 0.01627604104578495 3049
1786278685236 0.012912326492369175 3099
1786278688862 0.008897569961845875 3149
1786278692921 0.010959201492369175 3199
1786278696650 0.009239130653440952 3249
1786278700352 0.013671875 3299
1786278703937 0.0107421875 3349
1786278707663 0.011891593225300312 3399
1786278711416 0.010470920242369175 3449
1786278715120 0.013671875 3499
1786278718782 0.0120985247194767 3549
1786278722520 0.0101453997194767 3599
1786278726284 0.0042860242538154125 3649
1786278729911 0.010036892257630825 3699
1786278733638 0.008626301772892475 3749
1786278737414 0.008913043886423111 3799
1786278741170 0.007052951492369175 3849
1786278744812 0.008463541977107525 3899
1786278748398 0.008409288711845875 3949
1786278751999 0.006890191230922937 3999
1786278755663 0.007595486007630825 4049
1786278759352 0.014046167023479939 4099
1786278762909 0.009006076492369175 4149
1786278766421 0.0096571184694767 4199
1786278770104 0.010362413711845875 4249
1786278773692 0.005666813347488642 4299
1786278777271 0.009114583022892475 4349
1786278780918 0.0076497397385537624 4399
1786278784563 0.0111219622194767 4449
1786278788267 0.00933159701526165 4499
1786278791845 0.004448784980922937 4549
1786278795540 0.008409288711845875 4599
1786278799243 0.011203866451978683 4649
1786278802857 0.005226480774581432 4699
1786278806494 0.0060221352614462376 4749
1786278810400 0.0038519965019077063 4799
1786278814032 0.00971137173473835 4849
1786278817761 0.01318359375 4899
1786278821322 0.003634982742369175 4949
1786278824990 0.00764508917927742 4999
1786278828653 0.006348511204123497 5049
1786278832309 0.01025390625 5099
1786278835926 0.00835503451526165 5149
1786278839609 0.0034722222480922937 5199
1786278843269 0.014919704757630825 5249
1786278847004 0.00732421875 5299
1786278850743 0.0078125 5349
1786278854516 0.00786675326526165 5399
1786278858300 0.00726996548473835 5449
1786278862035 0.006618923507630825 5499
1786278865685 0.00434027798473835 5549
1786278869408 0.00967391300946474 5599
1786278873177 0.010091145522892475 5649
1786278876897 0.0057508680038154125 5699
1786278880627 0.009982638992369175 5749
1786278884398 0.012803819961845875 5799
1786278887994 0.008641304448246956 5849
1786278891585 0.007107204757630825 5899
1786278895231 0.005327328573912382 5949
1786278898847 0.004253926686942577 5999
1786278902482 0.0077039930038154125 6049
1786278906173 0.00537109375 6099
1786278909828 0.010525173507630825 6149
1786278913542 0.0049913194961845875 6199
1786278917201 0.0052625867538154125 6249
1786278920910 0.005642361007630825 6299
1786278924537 0.006890191230922937 6349
1786278928561 0.01117621548473835 6399
1786278932227 0.008138020522892475 6449
1786278936003 0.00732421875 6499
1786278939700 0.013888888992369175 6549
1786278943373 0.009928385727107525 6599
1786278947184 0.005425347480922937 6649
1786278951008 0.0038925439585000277 6699
1786278954679 0.011567982845008373 6749
1786278958436 0.0071614584885537624 6799
1786278962151 0.0052625867538154125 6849
1786278965953 0.010470920242369175 6899
1786278969755 0.0064561632461845875 6949
1786278973402 0.01025390625 6999
1786278976986 0.00971137173473835 7049
1786278980581 0.008463541977107525 7099
1786278984235 0.009602864272892475 7149
1786278987858 0.0179578997194767 7199
1786278991446 0.010036892257630825 7249
1786278995086 0.0067274305038154125 7299
1786278998686 0.006618923507630825 7349
1786279002340 0.007605819962918758 7399
1786279005998 0.011398342438042164 7449
1786279009651 0.0057508680038154125 7499
1786279013298 0.0052625867538154125 7549
1786279016924 0.0107421875 7599
1786279020422 0.0077039930038154125 7649
1786279024040 0.01226128451526165 7699
1786279027626 0.0111219622194767 7749
1786279031186 0.005425347480922937 7799
1786279034817 0.012630661949515343 7849
1786279038383 0.005913628730922937 7899
1786279041975 0.00244140625 7949
1786279045845 0.0055338540114462376 7999
1786279049419 0.007378472480922937 8049
1786279053131 0.01397447194904089 8099
1786279056715 0.0078125 8149
1786279060311 0.009114583022892475 8199
1786279063909 0.0052625867538154125 8249
1786279067421 0.0034722222480922937 8299
1786279070905 0.009548611007630825 8349
1786279074367 0.004177517257630825 8399
1786279077856 0.007378472480922937 8449
1786279081278 0.007469244301319122 8499
1786279084746 0.0066419863142073154 8549
1786279088157 0.00971137173473835 8599
1786279091563 0.005425347480922937 8649
1786279095004 0.0086805559694767 8699
1786279098455 0.0077039930038154125 8749
1786279101893 0.008936403319239616 8799
1786279105332 0.011447482742369175 8849
1786279108779 0.0116102434694767 8899
1786279112245 0.01416015625 8949
1786279115692 0.010525173507630825 8999
1786279119157 0.0116102434694767 9049
1786279122565 0.007867133244872093 9099
1786279125973 0.0135633684694767 9149
1786279129451 0.01996527798473835 9199
1786279132799 0.006618923507630825 9249
1786279136251 0.013651316054165363 9299
1786279139670 0.008897569961845875 9349
1786279143106 0.014444200322031975 9399
1786279146512 0.00981987826526165 9449
1786279149845 0.015404151752591133 9499
1786279153211 0.01730685867369175 9549
1786279220788 0.019366197288036346 9599
1786279224623 0.013834635727107525 9649
1786279228495 0.008223684504628181 9699
1786279232320 0.01459418423473835 9749
1786279236206 0.015462239272892475 9799
1786279240075 0.01578775979578495 9849
1786279244080 0.014811198227107525 9899
1786279247998 0.014268663711845875 9949
1786279252064 0.017075305804610252 9999
1786279255980 0.01812065951526165 10049
1786279259824 0.02067057229578495 10099
1786279263613 0.01616753451526165 10149
1786279267415 0.013020833022892475 10199
1786279271184 0.03043619729578495 10249
1786279275010 0.015625 10299
1786279278785 0.01758493110537529 10349
1786279282518 0.01421440951526165 10399
1786279286166 0.0167410708963871 10449
1786279289834 0.011555989272892475 10499
1786279293566 0.014865451492369175 10549
1786279297249 0.005099826492369175 10599
1786279301008 0.01762961409986019 10649
1786279304705 0.014485676772892475 10699
1786279308359 0.012369791977107525 10749
1786279311804 0.014485676772892475 10799
1786279315220 0.01323784701526165 10849
1786279318734 0.02034505270421505 10899
1786279322265 0.02092391438782215 10949
1786279325815 0.015432776883244514 10999
1786279329213 0.012137521989643574 11049
1786279332732 0.013400607742369175 11099
1786279336124 0.02001953125 11149
1786279339873 0.011501736007630825 11199
1786279343334 0.013292101211845875 11249
1786279346701 0.01676432229578495 11299
1786279350117 0.01274956576526165 11349
1786279353630 0.02034505270421505 11399
1786279357143 0.014857456088066101 11449
1786279360662 0.01627604104578495 11499
1786279364349 0.012313922867178917 11549
1786279368330 0.0116102434694767 11599
1786279372145 0.0116102434694767 11649
1786279376014 0.01877170242369175 11699
1786279379850 0.01116857398301363 11749
1786279383729 0.01019965298473835 11799
1786279387611 0.0072157117538154125 11849
1786279391516 0.013997395522892475 11899
1786279395261 0.0206163190305233 11949
1786279398976 0.017608696594834328 11999
1786279402664 0.01654730923473835 12049
1786279406298 0.014756944961845875 12099
1786279409938 0.008597883395850658 12149
1786279413562 0.012095008976757526 12199
1786279417168 0.014431423507630825 12249
1786279420926 0.009548611007630825 12299
1786279424600 0.014485676772892475 12349
1786279428271 0.00835503451526165 12399
1786279431917 0.012478298507630825 12449
1786279435561 0.012044270522892475 12499
1786279439178 0.010289634577929974 12549
1786279442710 0.009874132461845875 12599
1786279446391 0.01177300326526165 12649
1786279450034 0.0107421875 12699
1786279453737 0.01292539294809103 12749
1786279457830 0.010416666977107525 12799
1786279461629 0.0111219622194767 12849
1786279465343 0.011834641918540001 12899
1786279468892 0.01123046875 12949
1786279472588 0.008029513992369175 12999
1786279476245 0.009130435064435005 13049
1786279479845 0.01166449673473835 13099
1786279483360 0.009418553672730923 13149
1786279486990 0.008951823227107525 13199
1786279490910 0.009060329757630825 13249
1786279494811 0.011990017257630825 13299
1786279498392 0.012532551772892475 13349
1786279501869 0.012858073227107525 13399
1786279505443 0.013346354477107525 13449
1786279508988 0.013864042237401009 13499
1786279512580 0.011501736007630825 13549
1786279516181 0.009006076492369175 13599
1786279519821 0.01790364645421505 13649
1786279523503 0.0091688372194767 13699
1786279527174 0.009325915947556496 13749
1786279530806 0.009686952456831932 13799
1786279534448 0.008463541977107525 13849
1786279538034 0.008347978815436363 13899
1786279541719 0.01226128451526165 13949
1786279545390 0.01128472201526165 13999
1786279549122 0.01274956576526165 14049
1786279552743 0.0106336809694767 14099
1786279556381 0.015462239272892475 14149
1786279559951 0.01880434900522232 14199
1786279563503 0.0196397565305233 14249
1786279567016 0.01654730923473835 14299
1786279570544 0.0101453997194767 14349
1786279574370 0.01170513965189457 14399
1786279577961 0.01947699673473835 14449
1786279581422 0.01372612826526165 14499
1786279584792 0.016447369009256363 14549
1786279588224 0.01557074673473835 14599
1786279591626 0.0166015625 14649
1786279595050 0.01643880270421505 14699
1786279598508 0.01708984375 14749
1786279601940 0.02170138992369175 14799
1786279605435 0.015353732742369175 14849
1786279608914 0.01611328125 14899
1786279612393 0.01647329144179821 14949
1786279615819 0.0186631940305233 14999
1786279619314 0.014377170242369175 15049
1786279622780 0.012912326492369175 15099
1786279626303 0.01654730923473835 15149
1786279629705 0.011067708022892475 15199
1786279633197 0.015597442165017128 15249
1786279636698 0.01616753451526165 15299
1786279640118 0.0169813372194767 15349
1786279643674 0.015299479477107525 15399
1786279647092 0.0101453997194767 15449
1786279650520 0.014973958022892475 15499
1786279654043 0.014865451492369175 15549
1786279657560 0.01806041970849037 15599
1786279661064 0.012532551772892475 15649
1786279664545 0.0183376744389534 15699
1786279668169 0.012532551772892475 15749
1786279671964 0.0206163190305233 15799
1786279675573 0.01860894076526165 15849
1786279679175 0.0164930559694767 15899
1786279682764 0.01877170242369175 15949
1786279686655 0.0191514752805233 15999
1786279690319 0.0155164934694767 16049
1786279693859 0.02457682229578495 16099
1786279697457 0.0167100690305233 16149
1786279701020 0.01595052145421505 16199
1786279704622 0.01647329144179821 16249
1786279708228 0.01323784701526165 16299
1786279711890 0.012424045242369175 16349
1786279715508 0.008626301772892475 16399
1786279719037 0.015842769294977188 16449
1786279722571 0.013780382461845875 16499
1786279726194 0.013780382461845875 16549
1786279729841 0.017288394272327423 16599
1786279733435 0.014973958022892475 16649
1786279736971 0.01633029617369175 16699
1786279740485 0.02023654617369175 16749
1786279744065 0.012478298507630825 16799
1786279747694 0.01264105923473835 16849
1786279751242 0.012532551772892475 16899
1786279754884 0.01578775979578495 16949
1786279758513 0.01361762173473835 16999
1786279762163 0.01920572854578495 17049
1786279765690 0.0140516497194767 17099
1786279769409 0.0235460065305233 17149
1786279772964 0.01665581576526165 17199
1786279776517 0.018423913046717644 17249
1786279779979 0.01875000074505806 17299
1786279783536 0.0155164934694767 17349
1786279787019 0.0158962681889534 17399
1786279790547 0.0178493931889534 17449
1786279793994 0.0146484375 17499
1786279797478 0.01149553619325161 17549
1786279801254 0.01578775979578495 17599
1786279804710 0.009765625 17649
1786279808131 0.01274956576526165 17699
1786279811581 0.01508246548473835 17749
1786279815110 0.0178493931889534 17799
1786279818680 0.012044270522892475 17849
1786279822252 0.01636643335223198 17899
1786279825801 0.01806640625 17949
1786279829314 0.0189344622194767 17999
1786279832869 0.01860894076526165 18049
1786279836426 0.0162217877805233 18099
1786279839884 0.0135633684694767 18149
1786279843458 0.015353732742369175 18199
1786279846919 0.01519097201526165 18249
1786279850324 0.01839192770421505 18299
1786279853818 0.01410590298473835 18349
1786279857244 0.01578775979578495 18399
1786279860680 0.0203993059694767 18449
1786279864119 0.0125868059694767 18499
1786279867505 0.01824737712740898 18549
1786279870886 0.012424045242369175 18599
1786279874311 0.014431423507630825 18649
1786279877682 0.02092391438782215 18699
1786279881025 0.010036892257630825 18749
1786279884298 0.015680212527513504 18799
1786279887617 0.01860894076526165 18849
1786279890958 0.016528021544218063 18899
1786279894353 0.0120985247194767 18949
1786279897796 0.013235940597951412 18999
1786279901277 0.01584201492369175 19049
1786279904665 0.0158962681889534 19099
1786279908011 0.00884331576526165 19149
1786279973891 0.01557074673473835 19199
1786279977307 0.02083333395421505 19249
1786279980706 0.011013454757630825 19299
1786279984178 0.012424045242369175 19349
1786279987669 0.010416666977107525 19399
1786279991074 0.01627604104578495 19449
1786279994595 0.0163845494389534 19499
1786279998046 0.017489034682512283 19549
1786280001507 0.017574692144989967 19599
1786280005005 0.01909722201526165 19649
1786280008556 0.01605902798473835 19699
1786280011981 0.01741536520421505 19749
1786280015523 0.014605378732085228 19799
1786280019058 0.017578125 19849
1786280022580 0.01681857742369175 19899
1786280026053 0.015407986007630825 19949
1786280029545 0.02414279617369175 19999
1786280033105 0.013292101211845875 20049
1786280036590 0.013815789483487606 20099
1786280040236 0.0185546875 20149
1786280043704 0.01898871548473835 20199
1786280047182 0.01079644076526165 20249
1786280050617 0.0208875872194767 20299
1786280054155 0.0106336809694767 20349
1786280057696 0.02072482742369175 20399
1786280061210 0.01220703125 20449
1786280064678 0.0220811627805233 20499
1786280068171 0.02115885354578495 20549
1786280071717 0.02072482742369175 20599
1786280075228 0.01019965298473835 20649
1786280078776 0.009982638992369175 20699
1786280082658 0.02056206576526165 20749
1786280086133 0.01888020895421505 20799
1786280089530 0.02018229104578495 20849
1786280092953 0.01904296875 20899
1786280096326 0.0185546875 20949
1786280099724 0.01627604104578495 20999
1786280103187 0.0162217877805233 21049
1786280106693 0.01449514925479889 21099
1786280110304 0.01806640625 21149
1786280113815 0.015625 21199
1786280117312 0.0223524309694767 21249
1786280120853 0.02094298228621483 21299
1786280124209 0.011990017257630825 21349
1786280127708 0.02094184048473835 21399
1786280131193 0.0257703997194767 21449
1786280134678 0.02083333395421505 21499
1786280138178 0.014322916977107525 21549
1786280141710 0.02083333395421505 21599
1786280145180 0.0173611119389534 21649
1786280148691 0.0207790806889534 21699
1786280152188 0.01725260354578495 21749
1786280155704 0.009928385727107525 21799
1786280159238 0.01822916604578495 21849
1786280162653 0.02229817770421505 21899
1786280166098 0.01665581576526165 21949
1786280169538 0.015407986007630825 21999
1786280172998 0.01821553334593773 22049
1786280176468 0.01974826492369175 22099
1786280179895 0.011447482742369175 22149
1786280183304 0.01996527798473835 22199
1786280186779 0.02945963479578495 22249
1786280190231 0.014865451492369175 22299
1786280193952 0.0213758684694767 22349
1786280197278 0.01410590298473835 22399
1786280200704 0.026250001043081284 22449
1786280204225 0.02262369729578495 22499
1786280207783 0.0232204869389534 22549
1786280211237 0.02059534378349781 22599
1786280214645 0.0198025181889534 22649
1786280218088 0.0211046002805233 22699
1786280221478 0.01850043423473835 22749
1786280224925 0.02164713479578495 22799
1786280228311 0.02345122955739498 22849
1786280231777 0.018508348613977432 22899
1786280235201 0.0202907994389534 22949
1786280238541 0.017578125 22999
1786280241952 0.01665581576526165 23049
1786280245439 0.02593315951526165 23099
1786280248947 0.017927631735801697 23149
1786280252384 0.011447482742369175 23199
1786280255824 0.0207790806889534 23249
1786280259340 0.021484375 23299
1786280262896 0.02213541604578495 23349
1786280266383 0.02132161520421505 23399
1786280269850 0.021456865593791008 23449
1786280273330 0.030593257397413254 23499
1786280276784 0.01741536520421505 23549
1786280280224 0.0215928815305233 23599
1786280283696 0.0176866315305233 23649
1786280287162 0.02560763992369175 23699
1786280290628 0.0202907994389534 23749
1786280294152 0.011447482742369175 23799
1786280297572 0.0184461809694767 23849
1786280301088 0.01595052145421505 23899
1786280304834 0.01708984375 23949
1786280308373 0.02414279617369175 23999
1786280311871 0.01860894076526165 24049
1786280315374 0.0203993059694767 24099
1786280318928 0.01627604104578495 24149
1786280322513 0.02094184048473835 24199
1786280326154 0.01822916604578495 24249
1786280329726 0.01812065951526165 24299
1786280333302 0.01974826492369175 24349
1786280336801 0.007975260727107525 24399
1786280340347 0.0238172747194767 24449
1786280343863 0.01676432229578495 24499
1786280347367 0.01871744729578495 24549
1786280350892 0.0201280377805233 24599
1786280354385 0.02572241611778736 24649
1786280357945 0.01996527798473835 24699
1786280361524 0.014268663711845875 24749
1786280365048 0.0224609375 24799
1786280368606 0.0205078125 24849
1786280372186 0.01822916604578495 24899
1786280375808 0.02408854104578495 24949
1786280379381 0.023560209199786186 24999
1786280382934 0.02121310867369175 25049
1786280386453 0.02018229104578495 25099
1786280389967 0.02287653274834156 25149
1786280393527 0.02587890625 25199
1786280397155 0.0174696184694767 25249
1786280400810 0.01665581576526165 25299
1786280404335 0.01714409701526165 25349
1786280407773 0.013785149902105331 25399
1786280411255 0.014973958022892475 25449
1786280414740 0.018915928900241852 25499
1786280418462 0.02034505270421505 25549
1786280422150 0.01904296875 25599
1786280425507 0.012803819961845875 25649
1786280429037 0.01888020895421505 25699
1786280432440 0.019572369754314423 25749
1786280435835 0.017149390652775764 25799
1786280439332 0.014377170242369175 25849
1786280442731 0.021484375 25899
1786280446119 0.0171983502805233 25949
1786280449601 0.0223524309694767 25999
1786280453033 0.01873907260596752 26049
1786280456570 0.02067057229578495 26099
1786280460037 0.01969400979578495 26149
1786280463450 0.025757908821105957 26199
1786280466926 0.018771890550851822 26249
1786280470396 0.02330043911933899 26299
1786280473885 0.01871744729578495 26349
1786280477276 0.01741536520421505 26399
1786280480732 0.021016724407672882 26449
1786280484212 0.013834635727107525 26499
1786280487573 0.01850043423473835 26549
1786280491043 0.0212673619389534 26599
1786280494422 0.016743019223213196 26649
1786280497817 0.02213541604578495 26699
1786280501167 0.0188259556889534 26749
1786280504480 0.019442003220319748 26799
1786280507860 0.02115885354578495 26849
1786280511310 0.02072482742369175 26899
1786280514694 0.0205078125 26949
1786280517978 0.019538091495633125 26999
1786280521325 0.01595052145421505 27049
1786280524666 0.02023654617369175 27099
1786280528370 0.017045455053448677 27149
1786280531783 0.02555338479578495 27199
1786280535250 0.02387152798473835 27249
1786280538722 0.0208875872194767 27299
1786280542141 0.0199110247194767 27349
1786280545547 0.01806640625 27399
1786280548894 0.014909771271049976 27449
1786280552290 0.01470269076526165 27499
1786280555693 0.02143012173473835 27549
1786280559076 0.02067057229578495 27599
1786280562477 0.02962239645421505 27649
1786280565808 0.0228407122194767 27699
1786280569216 0.013943142257630825 27749
1786280572561 0.022902021184563637 27799
1786280575900 0.01860894076526165 27849
1786280579280 0.03059895895421505 27899
1786280582641 0.017506545409560204 27949
1786280585901 0.0237087681889534 27999
1786280589211 0.01274956576526165 28049
1786280592605 0.022039474919438362 28099
1786280596101 0.01611328125 28149
1786280599573 0.01953125 28199
1786280602947 0.0179578997194767 28249
1786280606323 0.02101576142013073 28299
1786280609773 0.0269639752805233 28349
1786280613389 0.02294921875 28399
1786280617016 0.0198025181889534 28449
1786280620649 0.02164713479578495 28499
1786280624056 0.02414279617369175 28549
1786280627428 0.02034505270421505 28599
1786280630765 0.01925998367369175 28649
1786280634090 0.02457682229578495 28699
