1786278451180 4.277930736541748 49
1786278455258 4.82459020614624 99
1786278459710 5.418390274047852 149
1786278463848 5.940021991729736 199
1786278467879 6.429294586181641 249
1786278471783 6.6841044425964355 299
1786278475894 6.8758649826049805 349
1786278479889 7.142454624176025 399
1786278483925 7.328625202178955 449
1786278487828 7.473720073699951 499
1786278491800 7.81359338760376 549
1786278495687 8.159701347351074 599
1786278499562 8.351431846618652 649
1786278503522 8.340652465820312 699
1786278507429 8.470606803894043 749
1786278511343 8.652883529663086 799
1786278515277 8.757905960083008 849
1786278519162 8.915826797485352 899
1786278523057 8.92855167388916 949
1786278526937 9.128456115722656 999
1786278530810 9.04200553894043 1049
1786278534713 9.135762214660645 1099
1786278538594 9.200621604919434 1149
1786278542471 9.290071487426758 1199
1786278546350 9.41943645477295 1249
1786278550255 9.479390144348145 1299
1786278554034 9.467063903808594 1349
1786278557846 9.572047233581543 1399
1786278561693 9.551733016967773 1449
1786278565693 9.587443351745605 1499
1786278569584 9.646186828613281 1549
1786278573827 9.685242652893066 1599
1786278577435 9.648892402648926 1649
1786278581029 9.703485488891602 1699
1786278584676 9.694964408874512 1749
1786278588345 9.733510971069336 1799
1786278591938 9.73303508758545 1849
1786278595564 9.742650985717773 1899
1786278599194 9.748477935791016 1949
1786278602871 9.72126579284668 1999
1786278606611 9.696419715881348 2049
1786278610204 9.705219268798828 2099
1786278613897 9.734787940979004 2149
1786278617662 9.705328941345215 2199
1786278621368 9.766740798950195 2249
1786278625088 9.74567985534668 2299
1786278628743 9.740836143493652 2349
1786278632447 9.75424575805664 2399
1786278636124 9.731513023376465 2449
1786278639934 9.767366409301758 2499
1786278643674 9.76962661743164 2549
1786278647486 9.673079490661621 2599
1786278651126 9.818123817443848 2649
1786278654880 9.780571937561035 2699
1786278658592 9.83325481414795 2749
1786278662322 9.80026626586914 2799
1786278666061 9.79273509979248 2849
1786278669864 9.810546875 2899
1786278673729 9.714736938476562 2949
1786278677601 9.83735466003418 2999
1786278681421 9.81871223449707 3049
1786278685236 9.773666381835938 3099
1786278688862 9.83591079711914 3149
1786278692921 9.819533348083496 3199
1786278696650 9.795757293701172 3249
1786278700352 9.80182933807373 3299
1786278703937 9.849074363708496 3349
1786278707663 9.825766563415527 3399
1786278711416 9.832564353942871 3449
1786278715120 9.833684921264648 3499
1786278718782 9.769330024719238 3549
1786278722520 9.863546371459961 3599
1786278726284 9.76508903503418 3649
1786278729911 9.806416511535645 3699
1786278733638 9.811895370483398 3749
1786278737414 9.824297904968262 3799
1786278741170 9.78276538848877 3849
1786278744812 9.812203407287598 3899
1786278748398 9.845559120178223 3949
1786278751999 9.799592971801758 3999
1786278755663 9.810444831848145 4049
1786278759352 9.835561752319336 4099
1786278762909 9.815573692321777 4149
1786278766421 9.795287132263184 4199
1786278770104 9.845507621765137 4249
1786278773692 9.78457260131836 4299
1786278777271 9.847232818603516 4349
1786278780918 9.834358215332031 4399
1786278784563 9.840497016906738 4449
1786278788267 9.821484565734863 4499
1786278791845 9.785989761352539 4549
1786278795540 9.839117050170898 4599
1786278799243 9.823636054992676 4649
1786278802857 9.821521759033203 4699
1786278806494 9.805299758911133 4749
1786278810400 9.774053573608398 4799
1786278814032 9.811610221862793 4849
1786278817761 9.823922157287598 4899
1786278821322 9.769319534301758 4949
1786278824990 9.83192253112793 4999
1786278828653 9.814464569091797 5049
1786278832309 9.785550117492676 5099
1786278835926 9.812856674194336 5149
1786278839609 9.768370628356934 5199
1786278843269 9.806896209716797 5249
1786278847004 9.809450149536133 5299
1786278850743 9.80516529083252 5349
1786278854516 9.813511848449707 5399
1786278858300 9.805831909179688 5449
1786278862035 9.75660514831543 5499
1786278865685 9.748644828796387 5549
1786278869408 9.83681869506836 5599
1786278873177 9.828939437866211 5649
1786278876897 9.775790214538574 5699
1786278880627 9.802867889404297 5749
1786278884398 9.759264945983887 5799
1786278887994 9.798847198486328 5849
1786278891585 9.804703712463379 5899
1786278895231 9.782435417175293 5949
1786278898847 9.800517082214355 5999
1786278902482 9.80137825012207 6049
1786278906173 9.802250862121582 6099
1786278909828 9.84550952911377 6149
1786278913542 9.749567031860352 6199
1786278917201 9.786462783813477 6249
1786278920910 9.791254997253418 6299
1786278924537 9.79620361328125 6349
1786278928561 9.815842628479004 6399
1786278932227 9.789389610290527 6449
1786278936003 9.807519912719727 6499
1786278939700 9.81386947631836 6549
1786278943373 9.801261901855469 6599
1786278947184 9.815934181213379 6649
1786278951008 9.78419303894043 6699
1786278954679 9.836047172546387 6749
1786278958436 9.81924057006836 6799
1786278962151 9.809511184692383 6849
1786278965953 9.815299987792969 6899
1786278969755 9.844512939453125 6949
1786278973402 9.800679206848145 6999
1786278976986 9.777031898498535 7049
1786278980581 9.812289237976074 7099
1786278984235 9.780939102172852 7149
1786278987858 9.797565460205078 7199
1786278991446 9.790604591369629 7249
1786278995086 9.802596092224121 7299
1786278998686 9.77219009399414 7349
1786279002340 9.8036527633667 7399
1786279005998 9.807281494140625 7449
1786279009651 9.80732250213623 7499
1786279013298 9.791178703308105 7549
1786279016924 9.80282974243164 7599
1786279020422 9.796836853027344 7649
1786279024040 9.720044136047363 7699
1786279027626 9.773093223571777 7749
1786279031186 9.825127601623535 7799
1786279034817 9.804426193237305 7849
1786279038383 9.7504301071167 7899
1786279041975 9.79888916015625 7949
1786279045845 9.79537582397461 7999
1786279049419 9.81611442565918 8049
1786279053131 9.79973316192627 8099
1786279056715 9.821098327636719 8149
1786279060311 9.794340133666992 8199
1786279063909 9.760618209838867 8249
1786279067421 9.776994705200195 8299
1786279070905 9.794320106506348 8349
1786279074367 9.756442070007324 8399
1786279077856 9.793025970458984 8449
1786279081278 9.789283752441406 8499
1786279084746 9.807441711425781 8549
1786279088157 9.809645652770996 8599
1786279091563 9.791118621826172 8649
1786279095004 9.8263521194458 8699
1786279098455 9.808959007263184 8749
1786279101893 9.806594848632812 8799
1786279105332 9.780202865600586 8849
1786279108779 9.79361629486084 8899
1786279112245 9.791837692260742 8949
1786279115692 9.818649291992188 8999
1786279119157 9.731438636779785 9049
1786279122565 9.79478645324707 9099
1786279125973 9.800321578979492 9149
1786279129451 9.76945686340332 9199
1786279132799 9.775040626525879 9249
1786279136251 9.791051864624023 9299
1786279139670 9.80207633972168 9349
1786279143106 9.743517875671387 9399
1786279146512 9.794687271118164 9449
1786279149845 9.784870147705078 9499
1786279153211 9.769719123840332 9549
1786279220788 9.823709487915039 9599
1786279224623 9.760135650634766 9649
1786279228495 9.765035629272461 9699
1786279232320 9.825239181518555 9749
1786279236206 9.779993057250977 9799
1786279240075 9.800732612609863 9849
1786279244080 9.8076171875 9899
1786279247998 9.798301696777344 9949
1786279252064 9.786725997924805 9999
1786279255980 9.805883407592773 10049
1786279259824 9.72293758392334 10099
1786279263613 9.787063598632812 10149
1786279267415 9.786457061767578 10199
1786279271184 9.683309555053711 10249
1786279275010 9.782788276672363 10299
1786279278785 9.740992546081543 10349
1786279282518 9.79052734375 10399
1786279286166 9.747734069824219 10449
1786279289834 9.796975135803223 10499
1786279293566 9.805994033813477 10549
1786279297249 9.729509353637695 10599
1786279301008 9.786920547485352 10649
1786279304705 9.826343536376953 10699
1786279308359 9.799232482910156 10749
1786279311804 9.801609992980957 10799
1786279315220 9.788480758666992 10849
1786279318734 9.788599014282227 10899
1786279322265 9.76248836517334 10949
1786279325815 9.7806396484375 10999
1786279329213 9.79289722442627 11049
1786279332732 9.805252075195312 11099
1786279336124 9.802145957946777 11149
1786279339873 9.834449768066406 11199
1786279343334 9.789637565612793 11249
1786279346701 9.826791763305664 11299
1786279350117 9.822661399841309 11349
1786279353630 9.807771682739258 11399
1786279357143 9.814756393432617 11449
1786279360662 9.806618690490723 11499
1786279364349 9.805888175964355 11549
1786279368330 9.773554801940918 11599
1786279372145 9.820439338684082 11649
1786279376014 9.827088356018066 11699
1786279379850 9.81908893585205 11749
1786279383729 9.723236083984375 11799
1786279387611 9.733260154724121 11849
1786279391516 9.813472747802734 11899
1786279395261 9.763924598693848 11949
1786279398976 9.75786304473877 11999
1786279402664 9.820036888122559 12049
1786279406298 9.829545021057129 12099
1786279409938 9.803350448608398 12149
1786279413562 9.78756046295166 12199
1786279417168 9.775139808654785 12249
1786279420926 9.794102668762207 12299
1786279424600 9.739850997924805 12349
1786279428271 9.78408145904541 12399
1786279431917 9.766437530517578 12449
1786279435561 9.806432723999023 12499
1786279439178 9.750967025756836 12549
1786279442710 9.761590003967285 12599
1786279446391 9.75809097290039 12649
1786279450034 9.770429611206055 12699
1786279453737 9.686053276062012 12749
1786279457830 9.676627159118652 12799
1786279461629 9.777335166931152 12849
1786279465343 9.781736373901367 12899
1786279468892 9.746519088745117 12949
1786279472588 9.710038185119629 12999
1786279476245 9.733254432678223 13049
1786279479845 9.709389686584473 13099
1786279483360 9.78904914855957 13149
1786279486990 9.733681678771973 13199
1786279490910 9.725905418395996 13249
1786279494811 9.799915313720703 13299
1786279498392 9.771562576293945 13349
1786279501869 9.69176959991455 13399
1786279505443 9.766778945922852 13449
1786279508988 9.760746002197266 13499
1786279512580 9.635137557983398 13549
1786279516181 9.7659912109375 13599
1786279519821 9.793336868286133 13649
1786279523503 9.758966445922852 13699
1786279527174 9.803669929504395 13749
1786279530806 9.771393775939941 13799
1786279534448 9.799088478088379 13849
1786279538034 9.74312973022461 13899
1786279541719 9.774185180664062 13949
1786279545390 9.751060485839844 13999
1786279549122 9.73210620880127 14049
1786279552743 9.793864250183105 14099
1786279556381 9.718940734863281 14149
1786279559951 9.797521591186523 14199
1786279563503 9.740421295166016 14249
1786279567016 9.71921443939209 14299
1786279570544 9.745757102966309 14349
1786279574370 9.776516914367676 14399
1786279577961 9.756505012512207 14449
1786279581422 9.803007125854492 14499
1786279584792 9.763384819030762 14549
1786279588224 9.784745216369629 14599
1786279591626 9.705277442932129 14649
1786279595050 9.779272079467773 14699
1786279598508 9.779386520385742 14749
1786279601940 9.741408348083496 14799
1786279605435 9.798921585083008 14849
1786279608914 9.746610641479492 14899
1786279612393 9.77452278137207 14949
1786279615819 9.777887344360352 14999
1786279619314 9.7869873046875 15049
1786279622780 9.817530632019043 15099
1786279626303 9.763737678527832 15149
1786279629705 9.699522972106934 15199
1786279633197 9.80877685546875 15249
1786279636698 9.766119003295898 15299
1786279640118 9.777887344360352 15349
1786279643674 9.7509183883667 15399
1786279647092 9.75442886352539 15449
1786279650520 9.768476486206055 15499
1786279654043 9.791756629943848 15549
1786279657560 9.745290756225586 15599
1786279661064 9.788909912109375 15649
1786279664545 9.783467292785645 15699
1786279668169 9.802794456481934 15749
1786279671964 9.776583671569824 15799
1786279675573 9.785677909851074 15849
1786279679175 9.67210865020752 15899
1786279682764 9.778573989868164 15949
1786279686655 9.809046745300293 15999
1786279690319 9.7656888961792 16049
1786279693859 9.784422874450684 16099
1786279697457 9.775029182434082 16149
1786279701020 9.768735885620117 16199
1786279704622 9.811226844787598 16249
1786279708228 9.791764259338379 16299
1786279711890 9.746817588806152 16349
1786279715508 9.685282707214355 16399
1786279719037 9.705801010131836 16449
1786279722571 9.788545608520508 16499
1786279726194 9.765615463256836 16549
1786279729841 9.734031677246094 16599
1786279733435 9.782037734985352 16649
1786279736971 9.789542198181152 16699
1786279740485 9.760968208312988 16749
1786279744065 9.770410537719727 16799
1786279747694 9.751121520996094 16849
1786279751242 9.752585411071777 16899
1786279754884 9.762097358703613 16949
1786279758513 9.762898445129395 16999
1786279762163 9.756775856018066 17049
1786279765690 9.79249382019043 17099
1786279769409 9.759634017944336 17149
1786279772964 9.735102653503418 17199
1786279776517 9.728921890258789 17249
1786279779979 9.760608673095703 17299
1786279783536 9.699454307556152 17349
1786279787019 9.77724838256836 17399
1786279790547 9.776965141296387 17449
1786279793994 9.71375846862793 17499
1786279797478 9.781116485595703 17549
1786279801254 9.768534660339355 17599
1786279804710 9.727176666259766 17649
1786279808131 9.685552597045898 17699
1786279811581 9.740557670593262 17749
1786279815110 9.743050575256348 17799
1786279818680 9.730862617492676 17849
1786279822252 9.766685485839844 17899
1786279825801 9.68531322479248 17949
1786279829314 9.72368049621582 17999
1786279832869 9.754558563232422 18049
1786279836426 9.77178955078125 18099
1786279839884 9.753713607788086 18149
1786279843458 9.762638092041016 18199
1786279846919 9.776062965393066 18249
1786279850324 9.800052642822266 18299
1786279853818 9.78651237487793 18349
1786279857244 9.784223556518555 18399
1786279860680 9.624436378479004 18449
1786279864119 9.695362091064453 18499
1786279867505 9.76623821258545 18549
1786279870886 9.670730590820312 18599
1786279874311 9.683257102966309 18649
1786279877682 9.749753952026367 18699
1786279881025 9.673347473144531 18749
1786279884298 9.738709449768066 18799
1786279887617 9.658931732177734 18849
1786279890958 9.741694450378418 18899
1786279894353 9.789754867553711 18949
1786279897796 9.740793228149414 18999
1786279901277 9.78315544128418 19049
1786279904665 9.774735450744629 19099
1786279908011 9.747976303100586 19149
1786279973891 9.754401206970215 19199
1786279977307 9.691865921020508 19249
1786279980706 9.724722862243652 19299
1786279984178 9.767732620239258 19349
1786279987669 9.68486499786377 19399
1786279991074 9.755301475524902 19449
1786279994595 9.709949493408203 19499
1786279998046 9.751115798950195 19549
1786280001507 9.754453659057617 19599
1786280005005 9.710692405700684 19649
1786280008556 9.76895523071289 19699
1786280011981 9.763267517089844 19749
1786280015523 9.77833366394043 19799
1786280019058 9.710880279541016 19849
1786280022580 9.795286178588867 19899
1786280026053 9.743195533752441 19949
1786280029545 9.701444625854492 19999
1786280033105 9.709222793579102 20049
1786280036590 9.742313385009766 20099
1786280040236 9.774815559387207 20149
1786280043704 9.689312934875488 20199
1786280047182 9.805267333984375 20249
1786280050617 9.792255401611328 20299
1786280054155 9.772356986999512 20349
1786280057696 9.780797958374023 20399
1786280061210 9.787142753601074 20449
1786280064678 9.73731517791748 20499
1786280068171 9.77385425567627 20549
1786280071717 9.78404426574707 20599
1786280075228 9.78974723815918 20649
1786280078776 9.778569221496582 20699
1786280082658 9.753958702087402 20749
1786280086133 9.779325485229492 20799
1786280089530 9.779438018798828 20849
1786280092953 9.762040138244629 20899
1786280096326 9.78383731842041 20949
1786280099724 9.730674743652344 20999
1786280103187 9.737638473510742 21049
1786280106693 9.618839263916016 21099
1786280110304 9.690248489379883 21149
1786280113815 9.772628784179688 21199
1786280117312 9.79692268371582 21249
1786280120853 9.7701997756958 21299
1786280124209 9.749927520751953 21349
1786280127708 9.789246559143066 21399
1786280131193 9.776484489440918 21449
1786280134678 9.78332233428955 21499
1786280138178 9.779739379882812 21549
1786280141710 9.69406509399414 21599
1786280145180 9.778502464294434 21649
1786280148691 9.733504295349121 21699
1786280152188 9.778599739074707 21749
1786280155704 9.746492385864258 21799
1786280159238 9.75885009765625 21849
1786280162653 9.767294883728027 21899
1786280166098 9.781841278076172 21949
1786280169538 9.764230728149414 21999
1786280172998 9.714573860168457 22049
1786280176468 9.79548454284668 22099
1786280179895 9.794157028198242 22149
1786280183304 9.768448829650879 22199
1786280186779 9.68588924407959 22249
1786280190231 9.752156257629395 22299
1786280193952 9.765268325805664 22349
1786280197278 9.745598793029785 22399
1786280200704 9.759618759155273 22449
1786280204225 9.754136085510254 22499
1786280207783 9.798545837402344 22549
1786280211237 9.751494407653809 22599
1786280214645 9.813657760620117 22649
1786280218088 9.796494483947754 22699
1786280221478 9.771242141723633 22749
1786280224925 9.751102447509766 22799
1786280228311 9.750978469848633 22849
1786280231777 9.782882690429688 22899
1786280235201 9.748422622680664 22949
1786280238541 9.765591621398926 22999
1786280241952 9.768410682678223 23049
1786280245439 9.749897003173828 23099
1786280248947 9.765948295593262 23149
1786280252384 9.766449928283691 23199
1786280255824 9.776934623718262 23249
1786280259340 9.79117202758789 23299
1786280262896 9.72536849975586 23349
1786280266383 9.808234214782715 23399
1786280269850 9.729265213012695 23449
1786280273330 9.685174942016602 23499
1786280276784 9.783560752868652 23549
1786280280224 9.769479751586914 23599
1786280283696 9.765480041503906 23649
1786280287162 9.72484302520752 23699
1786280290628 9.777215957641602 23749
1786280294152 9.716010093688965 23799
1786280297572 9.73255443572998 23849
1786280301088 9.809948921203613 23899
1786280304834 9.691949844360352 23949
1786280308373 9.784496307373047 23999
1786280311871 9.787115097045898 24049
1786280315374 9.668377876281738 24099
1786280318928 9.659063339233398 24149
1786280322513 9.787004470825195 24199
1786280326154 9.763646125793457 24249
1786280329726 9.772411346435547 24299
1786280333302 9.779850006103516 24349
1786280336801 9.742952346801758 24399
1786280340347 9.732898712158203 24449
1786280343863 9.783706665039062 24499
1786280347367 9.748764038085938 24549
1786280350892 9.728911399841309 24599
1786280354385 9.712583541870117 24649
1786280357945 9.754228591918945 24699
1786280361524 9.745216369628906 24749
1786280365048 9.777949333190918 24799
1786280368606 9.789545059204102 24849
1786280372186 9.734631538391113 24899
1786280375808 9.749093055725098 24949
1786280379381 9.777643203735352 24999
1786280382934 9.789700508117676 25049
1786280386453 9.756863594055176 25099
1786280389967 9.769476890563965 25149
1786280393527 9.648210525512695 25199
1786280397155 9.751420974731445 25249
1786280400810 9.762104988098145 25299
1786280404335 9.771829605102539 25349
1786280407773 9.678808212280273 25399
1786280411255 9.733184814453125 25449
1786280414740 9.719273567199707 25499
1786280418462 9.744842529296875 25549
1786280422150 9.77558708190918 25599
1786280425507 9.730220794677734 25649
1786280429037 9.782326698303223 25699
1786280432440 9.730175971984863 25749
1786280435835 9.774157524108887 25799
1786280439332 9.739121437072754 25849
1786280442731 9.762191772460938 25899
1786280446119 9.743852615356445 25949
1786280449601 9.743400573730469 25999
1786280453033 9.73810863494873 26049
1786280456570 9.772696495056152 26099
1786280460037 9.760186195373535 26149
1786280463450 9.772335052490234 26199
1786280466926 9.792428970336914 26249
1786280470396 9.768797874450684 26299
1786280473885 9.740510940551758 26349
1786280477276 9.733407974243164 26399
1786280480732 9.746506690979004 26449
1786280484212 9.771490097045898 26499
1786280487573 9.747208595275879 26549
1786280491043 9.740161895751953 26599
1786280494422 9.791726112365723 26649
1786280497817 9.786407470703125 26699
1786280501167 9.79035472869873 26749
1786280504480 9.76300048828125 26799
1786280507860 9.725834846496582 26849
1786280511310 9.721107482910156 26899
1786280514694 9.746021270751953 26949
1786280517978 9.671446800231934 26999
1786280521325 9.7761869430542 27049
1786280524666 9.760790824890137 27099
1786280528370 9.816153526306152 27149
1786280531783 9.733918190002441 27199
1786280535250 9.732104301452637 27249
1786280538722 9.74301815032959 27299
1786280542141 9.76952075958252 27349
1786280545547 9.776546478271484 27399
1786280548894 9.74682331085205 27449
1786280552290 9.78426456451416 27499
1786280555693 9.742189407348633 27549
1786280559076 9.794914245605469 27599
1786280562477 9.706564903259277 27649
1786280565808 9.725567817687988 27699
1786280569216 9.768485069274902 27749
1786280572561 9.754653930664062 27799
1786280575900 9.79806900024414 27849
1786280579280 9.701621055603027 27899
1786280582641 9.70833683013916 27949
1786280585901 9.751609802246094 27999
1786280589211 9.767218589782715 28049
1786280592605 9.778959274291992 28099
1786280596101 9.727335929870605 28149
1786280599573 9.758539199829102 28199
1786280602947 9.735512733459473 28249
1786280606323 9.696015357971191 28299
1786280609773 9.7399263381958 28349
1786280613389 9.770344734191895 28399
1786280617016 9.80299186706543 28449
1786280620649 9.77039909362793 28499
1786280624056 9.777506828308105 28549
1786280627428 9.769039154052734 28599
1786280630765 9.785207748413086 28649
1786280634090 9.777379989624023 28699
