1786278573160 7.377735137939453 1595
1786278691923 9.785613059997559 3191
1786278809139 9.86697006225586 4787
1786278926939 9.82725715637207 6383
1786279044095 9.814300537109375 7979
1786279218546 9.812875747680664 9575
1786279337615 9.803609848022461 11171
1786279454956 9.842507362365723 12767
1786279571394 9.810846328735352 14363
1786279683422 9.80277156829834 15959
1786279797837 9.810937881469727 17555
1786279970138 9.786308288574219 19151
1786280082128 9.78731918334961 20747
1786280193146 9.798690795898438 22343
1786280303823 9.798577308654785 23939
1786280417165 9.796470642089844 25535
1786280526800 9.793174743652344 27131
1786280696236 9.79229736328125 28727
