1786278573160 0.7403064966201782 1595
1786278691923 0.9819210171699524 3191
1786278809139 0.9900846481323242 4787
1786278926939 0.9860997200012207 6383
1786279044095 0.9847996234893799 7979
1786279218546 0.9846566319465637 9575
1786279337615 0.9837268590927124 11171
1786279454956 0.9876300096511841 12767
1786279571394 0.984453022480011 14363
1786279683422 0.9836427569389343 15959
1786279797837 0.9844622015953064 17555
1786279970138 0.9819907546043396 19151
1786280082128 0.9820922017097473 20747
1786280193146 0.9832332730293274 22343
1786280303823 0.9832218885421753 23939
1786280417165 0.9830105304718018 25535
1786280526800 0.9826797842979431 27131
1786280696236 0.9825917482376099 28727
