1786278451180 3.0405850410461426 49
1786278455258 2.897364854812622 99
1786278459710 3.056858777999878 149
1786278463848 3.4111826419830322 199
1786278467879 3.6860809326171875 249
1786278471783 3.884639263153076 299
1786278475894 4.068514347076416 349
1786278479889 4.3793487548828125 399
1786278483925 4.6566996574401855 449
1786278487828 4.930472373962402 499
1786278491800 5.162984848022461 549
1786278495687 5.335732460021973 599
1786278499562 5.6520280838012695 649
1786278503522 5.727555274963379 699
1786278507429 6.020095348358154 749
1786278511343 6.24787712097168 799
1786278515277 6.637627601623535 849
1786278519162 6.774619102478027 899
1786278523057 7.076970100402832 949
1786278526937 7.232347011566162 999
1786278530810 7.295566082000732 1049
1786278534713 7.502379417419434 1099
1786278538594 7.6966657638549805 1149
1786278542471 7.9775495529174805 1199
1786278546350 8.171158790588379 1249
1786278550255 8.307944297790527 1299
1786278554034 8.309754371643066 1349
1786278557846 8.635017395019531 1399
1786278561693 8.685434341430664 1449
1786278565693 8.687372207641602 1499
1786278569584 8.808945655822754 1549
1786278573827 8.910213470458984 1599
1786278577435 9.042506217956543 1649
1786278581029 9.154165267944336 1699
1786278584676 9.167091369628906 1749
1786278588345 9.323634147644043 1799
1786278591938 9.29145622253418 1849
1786278595564 9.263620376586914 1899
1786278599194 9.293498992919922 1949
1786278602871 9.31436538696289 1999
1786278606611 9.297945022583008 2049
1786278610204 9.379212379455566 2099
1786278613897 9.394866943359375 2149
1786278617662 9.302170753479004 2199
1786278621368 9.459636688232422 2249
1786278625088 9.40001106262207 2299
1786278628743 9.39523696899414 2349
1786278632447 9.374011039733887 2399
1786278636124 9.44626235961914 2449
1786278639934 9.482002258300781 2499
1786278643674 9.440544128417969 2549
1786278647486 9.465520858764648 2599
1786278651126 9.53067684173584 2649
1786278654880 9.534591674804688 2699
1786278658592 9.527896881103516 2749
1786278662322 9.56710147857666 2799
1786278666061 9.566801071166992 2849
1786278669864 9.578828811645508 2899
1786278673729 9.568329811096191 2949
1786278677601 9.570476531982422 2999
1786278681421 9.547463417053223 3049
1786278685236 9.516525268554688 3099
1786278688862 9.614921569824219 3149
1786278692921 9.617749214172363 3199
1786278696650 9.546092987060547 3249
1786278700352 9.540369033813477 3299
1786278703937 9.566164016723633 3349
1786278707663 9.62820053100586 3399
1786278711416 9.574715614318848 3449
1786278715120 9.61939811706543 3499
1786278718782 9.575798034667969 3549
1786278722520 9.584041595458984 3599
1786278726284 9.608461380004883 3649
1786278729911 9.610650062561035 3699
1786278733638 9.555705070495605 3749
1786278737414 9.603111267089844 3799
1786278741170 9.54776382446289 3849
1786278744812 9.599552154541016 3899
1786278748398 9.573393821716309 3949
1786278751999 9.506831169128418 3999
1786278755663 9.600360870361328 4049
1786278759352 9.583223342895508 4099
1786278762909 9.62803840637207 4149
1786278766421 9.572364807128906 4199
1786278770104 9.545578002929688 4249
1786278773692 9.576005935668945 4299
1786278777271 9.55929183959961 4349
1786278780918 9.533830642700195 4399
1786278784563 9.64519214630127 4449
1786278788267 9.583803176879883 4499
1786278791845 9.626031875610352 4549
1786278795540 9.61228084564209 4599
1786278799243 9.610513687133789 4649
1786278802857 9.593825340270996 4699
1786278806494 9.60456657409668 4749
1786278810400 9.442562103271484 4799
1786278814032 9.53936767578125 4849
1786278817761 9.583199501037598 4899
1786278821322 9.585155487060547 4949
1786278824990 9.548578262329102 4999
1786278828653 9.577495574951172 5049
1786278832309 9.501957893371582 5099
1786278835926 9.441330909729004 5149
1786278839609 9.541494369506836 5199
1786278843269 9.521920204162598 5249
1786278847004 9.560347557067871 5299
1786278850743 9.56282901763916 5349
1786278854516 9.568378448486328 5399
1786278858300 9.498889923095703 5449
1786278862035 9.486898422241211 5499
1786278865685 9.500545501708984 5549
1786278869408 9.618688583374023 5599
1786278873177 9.558431625366211 5649
1786278876897 9.525030136108398 5699
1786278880627 9.490890502929688 5749
1786278884398 9.476499557495117 5799
1786278887994 9.568655014038086 5849
1786278891585 9.492579460144043 5899
1786278895231 9.564435958862305 5949
1786278898847 9.559715270996094 5999
1786278902482 9.48580551147461 6049
1786278906173 9.463132858276367 6099
1786278909828 9.552983283996582 6149
1786278913542 9.533027648925781 6199
1786278917201 9.51314640045166 6249
1786278920910 9.459421157836914 6299
1786278924537 9.519433975219727 6349
1786278928561 9.566638946533203 6399
1786278932227 9.572540283203125 6449
1786278936003 9.578189849853516 6499
1786278939700 9.600589752197266 6549
1786278943373 9.573068618774414 6599
1786278947184 9.569074630737305 6649
1786278951008 9.58561897277832 6699
1786278954679 9.4580659866333 6749
1786278958436 9.544236183166504 6799
1786278962151 9.489147186279297 6849
1786278965953 9.38766860961914 6899
1786278969755 9.568644523620605 6949
1786278973402 9.506656646728516 6999
1786278976986 9.486425399780273 7049
1786278980581 9.448312759399414 7099
1786278984235 9.556230545043945 7149
1786278987858 9.529056549072266 7199
1786278991446 9.38408088684082 7249
1786278995086 9.417043685913086 7299
1786278998686 9.554431915283203 7349
1786279002340 9.572854995727539 7399
1786279005998 9.45005989074707 7449
1786279009651 9.474930763244629 7499
1786279013298 9.519826889038086 7549
1786279016924 9.50811767578125 7599
1786279020422 9.507817268371582 7649
1786279024040 9.432138442993164 7699
1786279027626 9.510740280151367 7749
1786279031186 9.584833145141602 7799
1786279034817 9.521583557128906 7849
1786279038383 9.530984878540039 7899
1786279041975 9.595541000366211 7949
1786279045845 9.569601058959961 7999
1786279049419 9.507194519042969 8049
1786279053131 9.543006896972656 8099
1786279056715 9.53510856628418 8149
1786279060311 9.52509593963623 8199
1786279063909 9.439556121826172 8249
1786279067421 9.45199203491211 8299
1786279070905 9.595039367675781 8349
1786279074367 9.539072036743164 8399
1786279077856 9.520899772644043 8449
1786279081278 9.549031257629395 8499
1786279084746 9.524580955505371 8549
1786279088157 9.455217361450195 8599
1786279091563 9.523809432983398 8649
1786279095004 9.54969596862793 8699
1786279098455 9.598703384399414 8749
1786279101893 9.537601470947266 8799
1786279105332 9.435444831848145 8849
1786279108779 9.517699241638184 8899
1786279112245 9.444421768188477 8949
1786279115692 9.505020141601562 8999
1786279119157 9.521405220031738 9049
1786279122565 9.522537231445312 9099
1786279125973 9.539774894714355 9149
1786279129451 9.440652847290039 9199
1786279132799 9.561651229858398 9249
1786279136251 9.549854278564453 9299
1786279139670 9.542831420898438 9349
1786279143106 9.48782730102539 9399
1786279146512 9.540420532226562 9449
1786279149845 9.567230224609375 9499
1786279153211 9.375146865844727 9549
1786279220788 9.51355266571045 9599
1786279224623 9.467267036437988 9649
1786279228495 9.522171020507812 9699
1786279232320 9.511855125427246 9749
1786279236206 9.458731651306152 9799
1786279240075 9.511211395263672 9849
1786279244080 9.533180236816406 9899
1786279247998 9.483802795410156 9949
1786279252064 9.427530288696289 9999
1786279255980 9.424208641052246 10049
1786279259824 9.380878448486328 10099
1786279263613 9.534905433654785 10149
1786279267415 9.497356414794922 10199
1786279271184 9.205924987792969 10249
1786279275010 9.457664489746094 10299
1786279278785 9.477900505065918 10349
1786279282518 9.431729316711426 10399
1786279286166 9.45101547241211 10449
1786279289834 9.36651611328125 10499
1786279293566 9.535646438598633 10549
1786279297249 9.521096229553223 10599
1786279301008 9.423002243041992 10649
1786279304705 9.550081253051758 10699
1786279308359 9.516207695007324 10749
1786279311804 9.584917068481445 10799
1786279315220 9.519128799438477 10849
1786279318734 9.494306564331055 10899
1786279322265 9.417267799377441 10949
1786279325815 9.454760551452637 10999
1786279329213 9.480307579040527 11049
1786279332732 9.597076416015625 11099
1786279336124 9.554043769836426 11149
1786279339873 9.551538467407227 11199
1786279343334 9.596912384033203 11249
1786279346701 9.56812858581543 11299
1786279350117 9.547754287719727 11349
1786279353630 9.45666217803955 11399
1786279357143 9.567684173583984 11449
1786279360662 9.574084281921387 11499
1786279364349 9.55456829071045 11549
1786279368330 9.553159713745117 11599
1786279372145 9.530346870422363 11649
1786279376014 9.531349182128906 11699
1786279379850 9.534611701965332 11749
1786279383729 9.459712982177734 11799
1786279387611 9.533524513244629 11849
1786279391516 9.553138732910156 11899
1786279395261 9.45462417602539 11949
1786279398976 9.531752586364746 11999
1786279402664 9.488849639892578 12049
1786279406298 9.567234992980957 12099
1786279409938 9.590588569641113 12149
1786279413562 9.517597198486328 12199
1786279417168 9.511832237243652 12249
1786279420926 9.537737846374512 12299
1786279424600 9.513809204101562 12349
1786279428271 9.538355827331543 12399
1786279431917 9.535009384155273 12449
1786279435561 9.532825469970703 12499
1786279439178 9.535388946533203 12549
1786279442710 9.440638542175293 12599
1786279446391 9.502483367919922 12649
1786279450034 9.464506149291992 12699
1786279453737 9.463777542114258 12749
1786279457830 9.496415138244629 12799
1786279461629 9.545419692993164 12849
1786279465343 9.487674713134766 12899
1786279468892 9.428323745727539 12949
1786279472588 9.502005577087402 12999
1786279476245 9.438882827758789 13049
1786279479845 9.485883712768555 13099
1786279483360 9.497912406921387 13149
1786279486990 9.465879440307617 13199
1786279490910 9.475815773010254 13249
1786279494811 9.53530216217041 13299
1786279498392 9.525178909301758 13349
1786279501869 9.373043060302734 13399
1786279505443 9.439474105834961 13449
1786279508988 9.483802795410156 13499
1786279512580 9.396881103515625 13549
1786279516181 9.466486930847168 13599
1786279519821 9.520696640014648 13649
1786279523503 9.532978057861328 13699
1786279527174 9.52065658569336 13749
1786279530806 9.454553604125977 13799
1786279534448 9.502029418945312 13849
1786279538034 9.449052810668945 13899
1786279541719 9.478944778442383 13949
1786279545390 9.512016296386719 13999
1786279549122 9.464750289916992 14049
1786279552743 9.547353744506836 14099
1786279556381 9.33388900756836 14149
1786279559951 9.48344898223877 14199
1786279563503 9.555904388427734 14249
1786279567016 9.457600593566895 14299
1786279570544 9.59561824798584 14349
1786279574370 9.488454818725586 14399
1786279577961 9.360276222229004 14449
1786279581422 9.545522689819336 14499
1786279584792 9.474498748779297 14549
1786279588224 9.490723609924316 14599
1786279591626 9.334482192993164 14649
1786279595050 9.450357437133789 14699
1786279598508 9.52756404876709 14749
1786279601940 9.418066024780273 14799
1786279605435 9.510839462280273 14849
1786279608914 9.392654418945312 14899
1786279612393 9.50046157836914 14949
1786279615819 9.44062614440918 14999
1786279619314 9.446186065673828 15049
1786279622780 9.548336029052734 15099
1786279626303 9.50848388671875 15149
1786279629705 9.350423812866211 15199
1786279633197 9.514717102050781 15249
1786279636698 9.468057632446289 15299
1786279640118 9.435592651367188 15349
1786279643674 9.563441276550293 15399
1786279647092 9.56985092163086 15449
1786279650520 9.40113639831543 15499
1786279654043 9.49583625793457 15549
1786279657560 9.441681861877441 15599
1786279661064 9.536216735839844 15649
1786279664545 9.45942211151123 15699
1786279668169 9.513699531555176 15749
1786279671964 9.453104972839355 15799
1786279675573 9.514076232910156 15849
1786279679175 9.465173721313477 15899
1786279682764 9.488162994384766 15949
1786279686655 9.491354942321777 15999
1786279690319 9.509431838989258 16049
1786279693859 9.472221374511719 16099
1786279697457 9.49921703338623 16149
1786279701020 9.457372665405273 16199
1786279704622 9.476496696472168 16249
1786279708228 9.49782657623291 16299
1786279711890 9.494260787963867 16349
1786279715508 9.291708946228027 16399
1786279719037 9.4503755569458 16449
1786279722571 9.539888381958008 16499
1786279726194 9.431495666503906 16549
1786279729841 9.457229614257812 16599
1786279733435 9.537118911743164 16649
1786279736971 9.51478099822998 16699
1786279740485 9.454280853271484 16749
1786279744065 9.376113891601562 16799
1786279747694 9.45995807647705 16849
1786279751242 9.42202377319336 16899
1786279754884 9.423508644104004 16949
1786279758513 9.518691062927246 16999
1786279762163 9.470191955566406 17049
1786279765690 9.451359748840332 17099
1786279769409 9.504353523254395 17149
1786279772964 9.423101425170898 17199
1786279776517 9.397010803222656 17249
1786279779979 9.470266342163086 17299
1786279783536 9.423440933227539 17349
1786279787019 9.523811340332031 17399
1786279790547 9.442924499511719 17449
1786279793994 9.36866283416748 17499
1786279797478 9.472597122192383 17549
1786279801254 9.427509307861328 17599
1786279804710 9.479259490966797 17649
1786279808131 9.350411415100098 17699
1786279811581 9.500101089477539 17749
1786279815110 9.442243576049805 17799
1786279818680 9.554582595825195 17849
1786279822252 9.452791213989258 17899
1786279825801 9.357870101928711 17949
1786279829314 9.43856430053711 17999
1786279832869 9.449811935424805 18049
1786279836426 9.466670989990234 18099
1786279839884 9.465269088745117 18149
1786279843458 9.43751335144043 18199
1786279846919 9.466097831726074 18249
1786279850324 9.47192668914795 18299
1786279853818 9.475874900817871 18349
1786279857244 9.595935821533203 18399
1786279860680 9.386421203613281 18449
1786279864119 9.453784942626953 18499
1786279867505 9.360250473022461 18549
1786279870886 9.416923522949219 18599
1786279874311 9.422627449035645 18649
1786279877682 9.361894607543945 18699
1786279881025 9.353493690490723 18749
1786279884298 9.418083190917969 18799
1786279887617 9.318538665771484 18849
1786279890958 9.323163986206055 18899
1786279894353 9.451604843139648 18949
1786279897796 9.493890762329102 18999
1786279901277 9.480888366699219 19049
1786279904665 9.422449111938477 19099
1786279908011 9.411300659179688 19149
1786279973891 9.465537071228027 19199
1786279977307 9.263744354248047 19249
1786279980706 9.445959091186523 19299
1786279984178 9.459228515625 19349
1786279987669 9.444988250732422 19399
1786279991074 9.447774887084961 19449
1786279994595 9.435896873474121 19499
1786279998046 9.423330307006836 19549
1786280001507 9.53040885925293 19599
1786280005005 9.321734428405762 19649
1786280008556 9.473976135253906 19699
1786280011981 9.425654411315918 19749
1786280015523 9.5628023147583 19799
1786280019058 9.432954788208008 19849
1786280022580 9.497864723205566 19899
1786280026053 9.458370208740234 19949
1786280029545 9.384255409240723 19999
1786280033105 9.424076080322266 20049
1786280036590 9.43359375 20099
1786280040236 9.430051803588867 20149
1786280043704 9.4053316116333 20199
1786280047182 9.453470230102539 20249
1786280050617 9.517175674438477 20299
1786280054155 9.392619132995605 20349
1786280057696 9.434493064880371 20399
1786280061210 9.519522666931152 20449
1786280064678 9.358148574829102 20499
1786280068171 9.474626541137695 20549
1786280071717 9.422042846679688 20599
1786280075228 9.509765625 20649
1786280078776 9.546056747436523 20699
1786280082658 9.460430145263672 20749
1786280086133 9.532299995422363 20799
1786280089530 9.542032241821289 20849
1786280092953 9.51360034942627 20899
1786280096326 9.505997657775879 20949
1786280099724 9.514595031738281 20999
1786280103187 9.418163299560547 21049
1786280106693 9.423421859741211 21099
1786280110304 9.495250701904297 21149
1786280113815 9.499547958374023 21199
1786280117312 9.416692733764648 21249
1786280120853 9.47908878326416 21299
1786280124209 9.509349822998047 21349
1786280127708 9.542459487915039 21399
1786280131193 9.472559928894043 21449
1786280134678 9.463507652282715 21499
1786280138178 9.535512924194336 21549
1786280141710 9.343982696533203 21599
1786280145180 9.459110260009766 21649
1786280148691 9.507402420043945 21699
1786280152188 9.518013000488281 21749
1786280155704 9.513516426086426 21799
1786280159238 9.502847671508789 21849
1786280162653 9.365745544433594 21899
1786280166098 9.529065132141113 21949
1786280169538 9.54288101196289 21999
1786280172998 9.449085235595703 22049
1786280176468 9.463193893432617 22099
1786280179895 9.548694610595703 22149
1786280183304 9.465104103088379 22199
1786280186779 9.505634307861328 22249
1786280190231 9.467625617980957 22299
1786280193952 9.410196304321289 22349
1786280197278 9.506126403808594 22399
1786280200704 9.49194622039795 22449
1786280204225 9.420275688171387 22499
1786280207783 9.475152969360352 22549
1786280211237 9.44244384765625 22599
1786280214645 9.436119079589844 22649
1786280218088 9.473628044128418 22699
1786280221478 9.549276351928711 22749
1786280224925 9.479963302612305 22799
1786280228311 9.454654693603516 22849
1786280231777 9.503143310546875 22899
1786280235201 9.450929641723633 22949
1786280238541 9.50316333770752 22999
1786280241952 9.405791282653809 23049
1786280245439 9.424528121948242 23099
1786280248947 9.46124267578125 23149
1786280252384 9.524162292480469 23199
1786280255824 9.54539680480957 23249
1786280259340 9.513830184936523 23299
1786280262896 9.386604309082031 23349
1786280266383 9.537069320678711 23399
1786280269850 9.47637939453125 23449
1786280273330 9.377214431762695 23499
1786280276784 9.451348304748535 23549
1786280280224 9.462860107421875 23599
1786280283696 9.492578506469727 23649
1786280287162 9.438599586486816 23699
1786280290628 9.548896789550781 23749
1786280294152 9.37350082397461 23799
1786280297572 9.41223430633545 23849
1786280301088 9.521818161010742 23899
1786280304834 9.403736114501953 23949
1786280308373 9.49087142944336 23999
1786280311871 9.458145141601562 24049
1786280315374 9.425741195678711 24099
1786280318928 9.436159133911133 24149
1786280322513 9.485328674316406 24199
1786280326154 9.554134368896484 24249
1786280329726 9.488748550415039 24299
1786280333302 9.520866394042969 24349
1786280336801 9.504568099975586 24399
1786280340347 9.539665222167969 24449
1786280343863 9.519607543945312 24499
1786280347367 9.487678527832031 24549
1786280350892 9.459845542907715 24599
1786280354385 9.381799697875977 24649
1786280357945 9.557112693786621 24699
1786280361524 9.46777629852295 24749
1786280365048 9.408013343811035 24799
1786280368606 9.457300186157227 24849
1786280372186 9.476048469543457 24899
1786280375808 9.532130241394043 24949
1786280379381 9.496886253356934 24999
1786280382934 9.536144256591797 25049
1786280386453 9.388731002807617 25099
1786280389967 9.488957405090332 25149
1786280393527 9.264837265014648 25199
1786280397155 9.477334976196289 25249
1786280400810 9.444109916687012 25299
1786280404335 9.489994049072266 25349
1786280407773 9.355304718017578 25399
1786280411255 9.506078720092773 25449
1786280414740 9.445597648620605 25499
1786280418462 9.488702774047852 25549
1786280422150 9.549531936645508 25599
1786280425507 9.496801376342773 25649
1786280429037 9.480010032653809 25699
1786280432440 9.490320205688477 25749
1786280435835 9.555502891540527 25799
1786280439332 9.532777786254883 25849
1786280442731 9.448848724365234 25899
1786280446119 9.372482299804688 25949
1786280449601 9.457575798034668 25999
1786280453033 9.417120933532715 26049
1786280456570 9.415216445922852 26099
1786280460037 9.465178489685059 26149
1786280463450 9.441692352294922 26199
1786280466926 9.50765323638916 26249
1786280470396 9.45165729522705 26299
1786280473885 9.481380462646484 26349
1786280477276 9.435503005981445 26399
1786280480732 9.411771774291992 26449
1786280484212 9.51406192779541 26499
1786280487573 9.5619478225708 26549
1786280491043 9.452518463134766 26599
1786280494422 9.535348892211914 26649
1786280497817 9.492079734802246 26699
1786280501167 9.487922668457031 26749
1786280504480 9.492149353027344 26799
1786280507860 9.450943946838379 26849
1786280511310 9.429237365722656 26899
1786280514694 9.489114761352539 26949
1786280517978 9.442291259765625 26999
1786280521325 9.55295467376709 27049
1786280524666 9.512876510620117 27099
1786280528370 9.555832862854004 27149
1786280531783 9.456398010253906 27199
1786280535250 9.399974822998047 27249
1786280538722 9.429304122924805 27299
1786280542141 9.480777740478516 27349
1786280545547 9.551246643066406 27399
1786280548894 9.420266151428223 27449
1786280552290 9.52406120300293 27499
1786280555693 9.43089485168457 27549
1786280559076 9.565149307250977 27599
1786280562477 9.402273178100586 27649
1786280565808 9.398346900939941 27699
1786280569216 9.514413833618164 27749
1786280572561 9.46533489227295 27799
1786280575900 9.49955940246582 27849
1786280579280 9.465389251708984 27899
1786280582641 9.362699508666992 27949
1786280585901 9.493602752685547 27999
1786280589211 9.547943115234375 28049
1786280592605 9.49878978729248 28099
1786280596101 9.416280746459961 28149
1786280599573 9.487675666809082 28199
1786280602947 9.4830904006958 28249
1786280606323 9.488390922546387 28299
1786280609773 9.509597778320312 28349
1786280613389 9.44633674621582 28399
1786280617016 9.559745788574219 28449
1786280620649 9.47680377960205 28499
1786280624056 9.49804401397705 28549
1786280627428 9.473591804504395 28599
1786280630765 9.458938598632812 28649
1786280634090 9.434733390808105 28699
