1786278573160 0.2787088453769684 1595
1786278691923 0.009276731871068478 3191
1786278809139 0.00918678566813469 4787
1786278926939 0.0033163963817059994 6383
1786279044095 0.00188948935829103 7979
1786279218546 0.0013908061664551497 9575
1786279337615 0.0011680813040584326 11171
1786279454956 0.0002765703247860074 12767
1786279571394 0.0005647664074786007 14363
1786279683422 0.0009367901948280632 15959
1786279797837 0.0011674694251269102 17555
1786279970138 0.0003873208479490131 19151
1786280082128 0.0003242970851715654 20747
1786280193146 0.0002710634144023061 22343
1786280303823 0.00041669115307740867 23939
1786280417165 0.0002655564749147743 25535
1786280526800 0.00021477031987160444 27131
1786280696236 0.0002153821988031268 28727
