1786278573160 0.005270080175250769 1595
1786278691923 0.0071831997483968735 3191
1786278809139 0.006482945755124092 4787
1786278926939 0.01145291980355978 6383
1786279044095 0.012665534391999245 7979
1786279218546 0.014415948651731014 9575
1786279337615 0.0205122958868742 11171
1786279454956 0.02775951288640499 12767
1786279571394 0.03718806430697441 14363
1786279683422 0.03672845661640167 15959
1786279797837 0.03887539729475975 17555
1786279970138 0.059230607002973557 19151
1786280082128 0.04312893748283386 20747
1786280193146 0.041206613183021545 22343
1786280303823 0.049130622297525406 23939
1786280417165 0.05308222770690918 25535
1786280526800 0.05448929965496063 27131
1786280696236 0.054429031908512115 28727
