1786278451180 0.859375 49
1786278455258 0.796875 99
1786278459710 0.71484375 149
1786278463848 0.62109375 199
1786278467879 0.56640625 249
1786278471783 0.52734375 299
1786278475894 0.5 349
1786278479889 0.45703125 399
1786278483925 0.427734375 449
1786278487828 0.396484375 499
1786278491800 0.333984375 549
1786278495687 0.28515625 599
1786278499562 0.263671875 649
1786278503522 0.24609375 699
1786278507429 0.2099609375 749
1786278511343 0.1787109375 799
1786278515277 0.1923828125 849
1786278519162 0.126953125 899
1786278523057 0.1572265625 949
1786278526937 0.1162109375 999
1786278530810 0.1064453125 1049
1786278534713 0.0712890625 1099
1786278538594 0.0693359375 1149
1786278542471 0.052734375 1199
1786278546350 0.052734375 1249
1786278550255 0.0185546875 1299
1786278554034 0.0439453125 1349
1786278557846 0.0126953125 1399
1786278561693 0.0478515625 1449
1786278565693 0.025390625 1499
1786278569584 0.0029296875 1549
1786278573827 0.0 1599
1786278577435 0.0 1649
1786278581029 0.0 1699
1786278584676 0.0 1749
1786278588345 0.0 1799
1786278591938 0.00390625 1849
1786278595564 0.0 1899
1786278599194 0.0 1949
1786278602871 0.0029296875 1999
1786278606611 0.001953125 2049
1786278610204 0.0087890625 2099
1786278613897 0.0 2149
1786278617662 0.0 2199
1786278621368 0.0048828125 2249
1786278625088 0.005859375 2299
1786278628743 0.0009765625 2349
1786278632447 0.01953125 2399
1786278636124 0.0166015625 2449
1786278639934 0.005859375 2499
1786278643674 0.0009765625 2549
1786278647486 0.005859375 2599
1786278651126 0.0126953125 2649
1786278654880 0.029296875 2699
1786278658592 0.0068359375 2749
1786278662322 0.0068359375 2799
1786278666061 0.0302734375 2849
1786278669864 0.0146484375 2899
1786278673729 0.0166015625 2949
1786278677601 0.0029296875 2999
1786278681421 0.001953125 3049
1786278685236 0.0 3099
1786278688862 0.021484375 3149
1786278692921 0.0146484375 3199
1786278696650 0.0283203125 3249
1786278700352 0.009765625 3299
1786278703937 0.0146484375 3349
1786278707663 0.0 3399
1786278711416 0.005859375 3449
1786278715120 0.0 3499
1786278718782 0.009765625 3549
1786278722520 0.0048828125 3599
1786278726284 0.0458984375 3649
1786278729911 0.0185546875 3699
1786278733638 0.0087890625 3749
1786278737414 0.01953125 3799
1786278741170 0.0185546875 3849
1786278744812 0.0 3899
1786278748398 0.0029296875 3949
1786278751999 0.005859375 3999
1786278755663 0.01953125 4049
1786278759352 0.0 4099
1786278762909 0.01171875 4149
1786278766421 0.0029296875 4199
1786278770104 0.0 4249
1786278773692 0.0244140625 4299
1786278777271 0.0 4349
1786278780918 0.0087890625 4399
1786278784563 0.0 4449
1786278788267 0.0 4499
1786278791845 0.0380859375 4549
1786278795540 0.001953125 4599
1786278799243 0.00390625 4649
1786278802857 0.00390625 4699
1786278806494 0.005859375 4749
1786278810400 0.0 4799
1786278814032 0.0 4849
1786278817761 0.0 4899
1786278821322 0.03125 4949
1786278824990 0.0048828125 4999
1786278828653 0.001953125 5049
1786278832309 0.0 5099
1786278835926 0.0 5149
1786278839609 0.017578125 5199
1786278843269 0.0 5249
1786278847004 0.0 5299
1786278850743 0.0 5349
1786278854516 0.0 5399
1786278858300 0.0087890625 5449
1786278862035 0.013671875 5499
1786278865685 0.0224609375 5549
1786278869408 0.0 5599
1786278873177 0.0 5649
1786278876897 0.0029296875 5699
1786278880627 0.0 5749
1786278884398 0.0 5799
1786278887994 0.0 5849
1786278891585 0.0009765625 5899
1786278895231 0.0 5949
1786278898847 0.01171875 5999
1786278902482 0.0 6049
1786278906173 0.0 6099
1786278909828 0.0 6149
1786278913542 0.0 6199
1786278917201 0.0107421875 6249
1786278920910 0.0 6299
1786278924537 0.001953125 6349
1786278928561 0.0 6399
1786278932227 0.0 6449
1786278936003 0.0 6499
1786278939700 0.0 6549
1786278943373 0.0029296875 6599
1786278947184 0.0 6649
1786278951008 0.00390625 6699
1786278954679 0.0 6749
1786278958436 0.0 6799
1786278962151 0.0 6849
1786278965953 0.0 6899
1786278969755 0.0 6949
1786278973402 0.0 6999
1786278976986 0.001953125 7049
1786278980581 0.0 7099
1786278984235 0.0 7149
1786278987858 0.0 7199
1786278991446 0.0 7249
1786278995086 0.0 7299
1786278998686 0.0 7349
1786279002340 0.0 7399
1786279005998 0.0 7449
1786279009651 0.009765625 7499
1786279013298 0.0009765625 7549
1786279016924 0.0 7599
1786279020422 0.0 7649
1786279024040 0.0 7699
1786279027626 0.0009765625 7749
1786279031186 0.0 7799
1786279034817 0.0 7849
1786279038383 0.001953125 7899
1786279041975 0.0078125 7949
1786279045845 0.0 7999
1786279049419 0.0 8049
1786279053131 0.0 8099
1786279056715 0.0 8149
1786279060311 0.0 8199
1786279063909 0.0 8249
1786279067421 0.0009765625 8299
1786279070905 0.0009765625 8349
1786279074367 0.017578125 8399
1786279077856 0.0 8449
1786279081278 0.0048828125 8499
1786279084746 0.0 8549
1786279088157 0.0 8599
1786279091563 0.0 8649
1786279095004 0.0 8699
1786279098455 0.0 8749
1786279101893 0.0 8799
1786279105332 0.0 8849
1786279108779 0.0 8899
1786279112245 0.0 8949
1786279115692 0.0 8999
1786279119157 0.0 9049
1786279122565 0.009765625 9099
1786279125973 0.0048828125 9149
1786279129451 0.0 9199
1786279132799 0.0048828125 9249
1786279136251 0.0 9299
1786279139670 0.0009765625 9349
1786279143106 0.00390625 9399
1786279146512 0.0 9449
1786279149845 0.0 9499
1786279153211 0.0 9549
1786279220788 0.0 9599
1786279224623 0.00390625 9649
1786279228495 0.01171875 9699
1786279232320 0.0 9749
1786279236206 0.0 9799
1786279240075 0.0 9849
1786279244080 0.0 9899
1786279247998 0.0 9949
1786279252064 0.0 9999
1786279255980 0.0 10049
1786279259824 0.0 10099
1786279263613 0.00390625 10149
1786279267415 0.0107421875 10199
1786279271184 0.0 10249
1786279275010 0.0 10299
1786279278785 0.013671875 10349
1786279282518 0.0 10399
1786279286166 0.0 10449
1786279289834 0.0 10499
1786279293566 0.0 10549
1786279297249 0.0087890625 10599
1786279301008 0.0 10649
1786279304705 0.0 10699
1786279308359 0.0 10749
1786279311804 0.0 10799
1786279315220 0.0 10849
1786279318734 0.0 10899
1786279322265 0.0 10949
1786279325815 0.0 10999
1786279329213 0.0 11049
1786279332732 0.0 11099
1786279336124 0.0 11149
1786279339873 0.0 11199
1786279343334 0.0 11249
1786279346701 0.0 11299
1786279350117 0.0 11349
1786279353630 0.0 11399
1786279357143 0.0 11449
1786279360662 0.0029296875 11499
1786279364349 0.0 11549
1786279368330 0.0 11599
1786279372145 0.0 11649
1786279376014 0.0 11699
1786279379850 0.0 11749
1786279383729 0.0 11799
1786279387611 0.0 11849
1786279391516 0.0 11899
1786279395261 0.0 11949
1786279398976 0.0 11999
1786279402664 0.0 12049
1786279406298 0.0 12099
1786279409938 0.0 12149
1786279413562 0.0 12199
1786279417168 0.0 12249
1786279420926 0.0 12299
1786279424600 0.0 12349
1786279428271 0.0 12399
1786279431917 0.0 12449
1786279435561 0.0 12499
1786279439178 0.0 12549
1786279442710 0.0 12599
1786279446391 0.0 12649
1786279450034 0.0 12699
1786279453737 0.0 12749
1786279457830 0.0 12799
1786279461629 0.0 12849
1786279465343 0.0 12899
1786279468892 0.0 12949
1786279472588 0.0009765625 12999
1786279476245 0.0 13049
1786279479845 0.0 13099
1786279483360 0.0 13149
1786279486990 0.0009765625 13199
1786279490910 0.00390625 13249
1786279494811 0.0 13299
1786279498392 0.0 13349
1786279501869 0.0 13399
1786279505443 0.0 13449
1786279508988 0.0 13499
1786279512580 0.0146484375 13549
1786279516181 0.0 13599
1786279519821 0.0 13649
1786279523503 0.0078125 13699
1786279527174 0.0 13749
1786279530806 0.0 13799
1786279534448 0.0009765625 13849
1786279538034 0.0 13899
1786279541719 0.00390625 13949
1786279545390 0.0 13999
1786279549122 0.0 14049
1786279552743 0.0 14099
1786279556381 0.0 14149
1786279559951 0.0 14199
1786279563503 0.0 14249
1786279567016 0.0 14299
1786279570544 0.0 14349
1786279574370 0.0 14399
1786279577961 0.0 14449
1786279581422 0.0 14499
1786279584792 0.0 14549
1786279588224 0.0 14599
1786279591626 0.0 14649
1786279595050 0.0 14699
1786279598508 0.0 14749
1786279601940 0.0 14799
1786279605435 0.0 14849
1786279608914 0.0 14899
1786279612393 0.0 14949
1786279615819 0.0 14999
1786279619314 0.0 15049
1786279622780 0.0 15099
1786279626303 0.0 15149
1786279629705 0.0 15199
1786279633197 0.0 15249
1786279636698 0.0 15299
1786279640118 0.0 15349
1786279643674 0.009765625 15399
1786279647092 0.0107421875 15449
1786279650520 0.0 15499
1786279654043 0.0 15549
1786279657560 0.0 15599
1786279661064 0.0 15649
1786279664545 0.0 15699
1786279668169 0.0 15749
1786279671964 0.005859375 15799
1786279675573 0.0 15849
1786279679175 0.0 15899
1786279682764 0.0 15949
1786279686655 0.0 15999
1786279690319 0.0 16049
1786279693859 0.0 16099
1786279697457 0.0 16149
1786279701020 0.0 16199
1786279704622 0.0 16249
1786279708228 0.0 16299
1786279711890 0.001953125 16349
1786279715508 0.0 16399
1786279719037 0.0 16449
1786279722571 0.0 16499
1786279726194 0.0 16549
1786279729841 0.0 16599
1786279733435 0.0 16649
1786279736971 0.0 16699
1786279740485 0.0 16749
1786279744065 0.0 16799
1786279747694 0.0029296875 16849
1786279751242 0.0 16899
1786279754884 0.0 16949
1786279758513 0.0 16999
1786279762163 0.0 17049
1786279765690 0.0 17099
1786279769409 0.0 17149
1786279772964 0.0 17199
1786279776517 0.0 17249
1786279779979 0.0 17299
1786279783536 0.0 17349
1786279787019 0.0 17399
1786279790547 0.0 17449
1786279793994 0.0 17499
1786279797478 0.0 17549
1786279801254 0.0 17599
1786279804710 0.0 17649
1786279808131 0.0 17699
1786279811581 0.0 17749
1786279815110 0.0 17799
1786279818680 0.0 17849
1786279822252 0.0 17899
1786279825801 0.0 17949
1786279829314 0.0 17999
1786279832869 0.0 18049
1786279836426 0.0 18099
1786279839884 0.0 18149
1786279843458 0.0 18199
1786279846919 0.0 18249
1786279850324 0.0 18299
1786279853818 0.0 18349
1786279857244 0.0 18399
1786279860680 0.0 18449
1786279864119 0.0 18499
1786279867505 0.0 18549
1786279870886 0.0 18599
1786279874311 0.0 18649
1786279877682 0.0 18699
1786279881025 0.0 18749
1786279884298 0.0 18799
1786279887617 0.0 18849
1786279890958 0.0 18899
1786279894353 0.0 18949
1786279897796 0.0 18999
1786279901277 0.0 19049
1786279904665 0.0 19099
1786279908011 0.0 19149
1786279973891 0.0 19199
1786279977307 0.0 19249
1786279980706 0.0 19299
1786279984178 0.0 19349
1786279987669 0.0 19399
1786279991074 0.0 19449
1786279994595 0.0 19499
1786279998046 0.0 19549
1786280001507 0.0 19599
1786280005005 0.0 19649
1786280008556 0.0 19699
1786280011981 0.0 19749
1786280015523 0.0 19799
1786280019058 0.0009765625 19849
1786280022580 0.0 19899
1786280026053 0.0 19949
1786280029545 0.0 19999
1786280033105 0.0 20049
1786280036590 0.0 20099
1786280040236 0.0 20149
1786280043704 0.0 20199
1786280047182 0.0 20249
1786280050617 0.0 20299
1786280054155 0.0 20349
1786280057696 0.0 20399
1786280061210 0.0 20449
1786280064678 0.0 20499
1786280068171 0.0 20549
1786280071717 0.0 20599
1786280075228 0.0 20649
1786280078776 0.0 20699
1786280082658 0.001953125 20749
1786280086133 0.0 20799
1786280089530 0.0 20849
1786280092953 0.0 20899
1786280096326 0.0 20949
1786280099724 0.0 20999
1786280103187 0.0 21049
1786280106693 0.0 21099
1786280110304 0.0029296875 21149
1786280113815 0.0 21199
1786280117312 0.0 21249
1786280120853 0.0 21299
1786280124209 0.0 21349
1786280127708 0.0 21399
1786280131193 0.0 21449
1786280134678 0.0 21499
1786280138178 0.0 21549
1786280141710 0.0 21599
1786280145180 0.0 21649
1786280148691 0.0 21699
1786280152188 0.0 21749
1786280155704 0.0 21799
1786280159238 0.0 21849
1786280162653 0.0 21899
1786280166098 0.0 21949
1786280169538 0.0 21999
1786280172998 0.0 22049
1786280176468 0.0 22099
1786280179895 0.0 22149
1786280183304 0.0 22199
1786280186779 0.0 22249
1786280190231 0.0 22299
1786280193952 0.0 22349
1786280197278 0.0 22399
1786280200704 0.0 22449
1786280204225 0.0 22499
1786280207783 0.0 22549
1786280211237 0.0 22599
1786280214645 0.0 22649
1786280218088 0.0 22699
1786280221478 0.0 22749
1786280224925 0.0 22799
1786280228311 0.0 22849
1786280231777 0.0 22899
1786280235201 0.0 22949
1786280238541 0.0 22999
1786280241952 0.0 23049
1786280245439 0.0 23099
1786280248947 0.0 23149
1786280252384 0.0 23199
1786280255824 0.0 23249
1786280259340 0.0 23299
1786280262896 0.0 23349
1786280266383 0.0 23399
1786280269850 0.0 23449
1786280273330 0.0 23499
1786280276784 0.0 23549
1786280280224 0.0 23599
1786280283696 0.0009765625 23649
1786280287162 0.0 23699
1786280290628 0.0 23749
1786280294152 0.0 23799
1786280297572 0.0 23849
1786280301088 0.0 23899
1786280304834 0.001953125 23949
1786280308373 0.0 23999
1786280311871 0.0 24049
1786280315374 0.0 24099
1786280318928 0.0 24149
1786280322513 0.0 24199
1786280326154 0.0009765625 24249
1786280329726 0.0 24299
1786280333302 0.0 24349
1786280336801 0.0 24399
1786280340347 0.0 24449
1786280343863 0.0 24499
1786280347367 0.0 24549
1786280350892 0.0 24599
1786280354385 0.0 24649
1786280357945 0.0 24699
1786280361524 0.0 24749
1786280365048 0.0 24799
1786280368606 0.0 24849
1786280372186 0.0 24899
1786280375808 0.0 24949
1786280379381 0.0 24999
1786280382934 0.0 25049
1786280386453 0.0 25099
1786280389967 0.0 25149
1786280393527 0.0 25199
1786280397155 0.0 25249
1786280400810 0.0 25299
1786280404335 0.0 25349
1786280407773 0.0 25399
1786280411255 0.0 25449
1786280414740 0.01953125 25499
1786280418462 0.0 25549
1786280422150 0.0 25599
1786280425507 0.0 25649
1786280429037 0.0 25699
1786280432440 0.0 25749
1786280435835 0.0 25799
1786280439332 0.0 25849
1786280442731 0.0 25899
1786280446119 0.0 25949
1786280449601 0.0 25999
1786280453033 0.0 26049
1786280456570 0.0 26099
1786280460037 0.0 26149
1786280463450 0.0 26199
1786280466926 0.0 26249
1786280470396 0.0 26299
1786280473885 0.0 26349
1786280477276 0.0 26399
1786280480732 0.0 26449
1786280484212 0.0 26499
1786280487573 0.00390625 26549
1786280491043 0.0 26599
1786280494422 0.0 26649
1786280497817 0.0 26699
1786280501167 0.0 26749
1786280504480 0.0 26799
1786280507860 0.0 26849
1786280511310 0.0 26899
1786280514694 0.0 26949
1786280517978 0.0 26999
1786280521325 0.0 27049
1786280524666 0.0 27099
1786280528370 0.0 27149
1786280531783 0.0 27199
1786280535250 0.0 27249
1786280538722 0.0 27299
1786280542141 0.0 27349
1786280545547 0.0 27399
1786280548894 0.0 27449
1786280552290 0.0 27499
1786280555693 0.0 27549
1786280559076 0.0 27599
1786280562477 0.0 27649
1786280565808 0.0009765625 27699
1786280569216 0.0 27749
1786280572561 0.0 27799
1786280575900 0.0 27849
1786280579280 0.0 27899
1786280582641 0.0 27949
1786280585901 0.0 27999
1786280589211 0.0 28049
1786280592605 0.0 28099
1786280596101 0.0 28149
1786280599573 0.0 28199
1786280602947 0.0 28249
1786280606323 0.0 28299
1786280609773 0.0 28349
1786280613389 0.0 28399
1786280617016 0.0 28449
1786280620649 0.0 28499
1786280624056 0.0 28549
1786280627428 0.0 28599
1786280630765 0.0 28649
1786280634090 0.0 28699
