1786278451180 0.00025387300411239266 49
1786278455258 0.0006911158561706543 99
1786278459710 0.0033349283039569855 149
1786278463848 0.00415218248963356 199
1786278467879 0.0038867928087711334 249
1786278471783 0.005008891224861145 299
1786278475894 0.006108440458774567 349
1786278479889 0.0061006247997283936 399
1786278483925 0.0027972301468253136 449
1786278487828 0.003590032458305359 499
1786278491800 0.0025778580456972122 549
1786278495687 0.0064064208418130875 599
1786278499562 0.004115540534257889 649
1786278503522 0.005019271746277809 699
1786278507429 0.007111489772796631 749
1786278511343 0.004977623000741005 799
1786278515277 0.009042492136359215 849
1786278519162 0.0067024827003479 899
1786278523057 0.008567672222852707 949
1786278526937 0.00677080824971199 999
1786278530810 0.004367281217128038 1049
1786278534713 0.0029830443672835827 1099
1786278538594 0.011977195739746094 1149
1786278542471 0.008305832743644714 1199
1786278546350 0.014386653900146484 1249
1786278550255 0.01454559899866581 1299
1786278554034 0.0017132489010691643 1349
1786278557846 0.00769699364900589 1399
1786278561693 0.00571192242205143 1449
1786278565693 0.006701210513710976 1499
1786278569584 0.004551634192466736 1549
1786278573827 0.00494607025757432 1599
1786278577435 0.006390406284481287 1649
1786278581029 0.007101401686668396 1699
1786278584676 0.0034952834248542786 1749
1786278588345 0.002361917868256569 1799
1786278591938 0.005375362932682037 1849
1786278595564 0.025227155536413193 1899
1786278599194 0.011327560991048813 1949
1786278602871 0.0017836261540651321 1999
1786278606611 0.0037739723920822144 2049
1786278610204 0.007138647139072418 2099
1786278613897 0.011315889656543732 2149
1786278617662 0.007069991901516914 2199
1786278621368 0.0028697699308395386 2249
1786278625088 0.00585627555847168 2299
1786278628743 0.0026925434358417988 2349
1786278632447 0.005411431193351746 2399
1786278636124 0.008263157680630684 2449
1786278639934 0.005923304706811905 2499
1786278643674 0.001889066188596189 2549
1786278647486 0.00362843694165349 2599
1786278651126 0.005688641685992479 2649
1786278654880 0.0059593915939331055 2699
1786278658592 0.006491072941571474 2749
1786278662322 0.009971275925636292 2799
1786278666061 0.004076619632542133 2849
1786278669864 0.004400895908474922 2899
1786278673729 0.0060720909386873245 2949
1786278677601 0.005690544843673706 2999
1786278681421 0.0013417742447927594 3049
1786278685236 0.009970374405384064 3099
1786278688862 0.005089238751679659 3149
1786278692921 0.008972423151135445 3199
1786278696650 0.002668214961886406 3249
1786278700352 0.00488157756626606 3299
1786278703937 0.0007699176203459501 3349
1786278707663 0.009319618344306946 3399
1786278711416 0.006123216822743416 3449
1786278715120 0.006655596196651459 3499
1786278718782 0.006046101450920105 3549
1786278722520 0.003188230562955141 3599
1786278726284 0.00719739543274045 3649
1786278729911 0.005416538566350937 3699
1786278733638 0.012154340744018555 3749
1786278737414 0.00579679012298584 3799
1786278741170 0.007980771362781525 3849
1786278744812 0.004688300658017397 3899
1786278748398 0.0036544445902109146 3949
1786278751999 0.004935016389936209 3999
1786278755663 0.003774091601371765 4049
1786278759352 0.008505718782544136 4099
1786278762909 0.010051950812339783 4149
1786278766421 0.001489168033003807 4199
1786278770104 0.0046005938202142715 4249
1786278773692 0.005091385915875435 4299
1786278777271 0.005639256909489632 4349
1786278780918 0.00362451933324337 4399
1786278784563 0.00736670196056366 4449
1786278788267 0.003806808963418007 4499
1786278791845 0.01004018634557724 4549
1786278795540 0.013072967529296875 4599
1786278799243 0.008231788873672485 4649
1786278802857 0.005666832439601421 4699
1786278806494 0.006126108579337597 4749
1786278810400 0.005088307429105043 4799
1786278814032 0.010084131732583046 4849
1786278817761 0.004477296024560928 4899
1786278821322 0.0052282605320215225 4949
1786278824990 0.0017387975240126252 4999
1786278828653 0.0030784551054239273 5049
1786278832309 0.01499897986650467 5099
1786278835926 0.004784829914569855 5149
1786278839609 0.0031415577977895737 5199
1786278843269 0.007538288831710815 5249
1786278847004 0.0038045644760131836 5299
1786278850743 0.018400603905320168 5349
1786278854516 0.007197784259915352 5399
1786278858300 0.006467945408076048 5449
1786278862035 0.025122256949543953 5499
1786278865685 0.01926019974052906 5549
1786278869408 0.00863589532673359 5599
1786278873177 0.010098854079842567 5649
1786278876897 0.005093799903988838 5699
1786278880627 0.009194552898406982 5749
1786278884398 0.029615052044391632 5799
1786278887994 0.010977454483509064 5849
1786278891585 0.006762389093637466 5899
1786278895231 0.0029720179736614227 5949
1786278898847 0.0032485411502420902 5999
1786278902482 0.017440438270568848 6049
1786278906173 0.018299639225006104 6099
1786278909828 0.006097577977925539 6149
1786278913542 0.01629212498664856 6199
1786278917201 0.025862693786621094 6249
1786278920910 0.01119929552078247 6299
1786278924537 0.02586585283279419 6349
1786278928561 0.010940060019493103 6399
1786278932227 0.01078769750893116 6449
1786278936003 0.007658332586288452 6499
1786278939700 0.015891389921307564 6549
1786278943373 0.01407855749130249 6599
1786278947184 0.006246121600270271 6649
1786278951008 0.012794390320777893 6699
1786278954679 0.0038754898123443127 6749
1786278958436 0.007219115272164345 6799
1786278962151 0.020008832216262817 6849
1786278965953 0.011334717273712158 6899
1786278969755 0.01989409513771534 6949
1786278973402 0.013971962034702301 6999
1786278976986 0.010553257539868355 7049
1786278980581 0.004325583577156067 7099
1786278984235 0.004117993637919426 7149
1786278987858 0.011200174689292908 7199
1786278991446 0.005253421142697334 7249
1786278995086 0.01274418830871582 7299
1786278998686 0.01086137443780899 7349
1786279002340 0.011386385187506676 7399
1786279005998 0.021744169294834137 7449
1786279009651 0.007235561031848192 7499
1786279013298 0.008913712576031685 7549
1786279016924 0.00798628106713295 7599
1786279020422 0.012102313339710236 7649
1786279024040 0.03091430850327015 7699
1786279027626 0.010740101337432861 7749
1786279031186 0.010671939700841904 7799
1786279034817 0.012050632387399673 7849
1786279038383 0.025423333048820496 7899
1786279041975 0.0058534760028123856 7949
1786279045845 0.008558699861168861 7999
1786279049419 0.01521003432571888 8049
1786279053131 0.017905324697494507 8099
1786279056715 0.006835609674453735 8149
1786279060311 0.022134482860565186 8199
1786279063909 0.012864150106906891 8249
1786279067421 0.009493496268987656 8299
1786279070905 0.007786983624100685 8349
1786279074367 0.016988642513751984 8399
1786279077856 0.03065062314271927 8449
1786279081278 0.0052695125341415405 8499
1786279084746 0.002497016452252865 8549
1786279088157 0.026849225163459778 8599
1786279091563 0.015004673972725868 8649
1786279095004 0.005713962018489838 8699
1786279098455 0.004716771654784679 8749
1786279101893 0.00303614791482687 8799
1786279105332 0.022118695080280304 8849
1786279108779 0.012652935460209846 8899
1786279112245 0.026152387261390686 8949
1786279115692 0.0023979940451681614 8999
1786279119157 0.0719468966126442 9049
1786279122565 0.002735363319516182 9099
1786279125973 0.005210386589169502 9149
1786279129451 0.03798715025186539 9199
1786279132799 0.013763964176177979 9249
1786279136251 0.014607049524784088 9299
1786279139670 0.008102938532829285 9349
1786279143106 0.004056512378156185 9399
1786279146512 0.005687378346920013 9449
1786279149845 0.007951665669679642 9499
1786279153211 0.06304565817117691 9549
1786279220788 0.02104763127863407 9599
1786279224623 0.016140468418598175 9649
1786279228495 0.005596080794930458 9699
1786279232320 0.005937689915299416 9749
1786279236206 0.02140846848487854 9799
1786279240075 0.011521795764565468 9849
1786279244080 0.02714972198009491 9899
1786279247998 0.004468971863389015 9949
1786279252064 0.012880918569862843 9999
1786279255980 0.018983811140060425 10049
1786279259824 0.03324529528617859 10099
1786279263613 0.004005056340247393 10149
1786279267415 0.014330357313156128 10199
1786279271184 0.08745937049388885 10249
1786279275010 0.018395723775029182 10299
1786279278785 0.00556950131431222 10349
1786279282518 0.00967351347208023 10399
1786279286166 0.027796819806098938 10449
1786279289834 0.008697330951690674 10499
1786279293566 0.010904103517532349 10549
1786279297249 0.01031205803155899 10599
1786279301008 0.028009075671434402 10649
1786279304705 0.00592687726020813 10699
1786279308359 0.0061832694336771965 10749
1786279311804 0.006381433457136154 10799
1786279315220 0.014095894061028957 10849
1786279318734 0.04794645309448242 10899
1786279322265 0.040537029504776 10949
1786279325815 0.025281250476837158 10999
1786279329213 0.012036092579364777 11049
1786279332732 0.00603872537612915 11099
1786279336124 0.01622578501701355 11149
1786279339873 0.012365013360977173 11199
1786279343334 0.02795664221048355 11249
1786279346701 0.0014498209347948432 11299
1786279350117 0.01441420242190361 11349
1786279353630 0.02811950445175171 11399
1786279357143 0.01205286756157875 11449
1786279360662 0.014248326420783997 11499
1786279364349 0.03801470994949341 11549
1786279368330 0.02806277573108673 11599
1786279372145 0.006942238658666611 11649
1786279376014 0.004683436825871468 11699
1786279379850 0.01376572996377945 11749
1786279383729 0.03811991959810257 11799
1786279387611 0.023508936166763306 11849
1786279391516 0.013748802244663239 11899
1786279395261 0.023694753646850586 11949
1786279398976 0.007042171433568001 11999
1786279402664 0.019226349890232086 12049
1786279406298 0.026412643492221832 12099
1786279409938 0.016820764169096947 12149
1786279413562 0.025608807802200317 12199
1786279417168 0.03964543342590332 12249
1786279420926 0.03304797410964966 12299
1786279424600 0.049127764999866486 12349
1786279428271 0.031055428087711334 12399
1786279431917 0.04598185420036316 12449
1786279435561 0.034049976617097855 12499
1786279439178 0.04829132556915283 12549
1786279442710 0.025643497705459595 12599
1786279446391 0.060220032930374146 12649
1786279450034 0.029330648481845856 12699
1786279453737 0.11184421181678772 12749
1786279457830 0.03263917565345764 12799
1786279461629 0.06730426102876663 12849
1786279465343 0.03461698442697525 12899
1786279468892 0.056719936430454254 12949
1786279472588 0.052265871316194534 12999
1786279476245 0.06881443411111832 13049
1786279479845 0.04075596481561661 13099
1786279483360 0.03271988034248352 13149
1786279486990 0.033785536885261536 13199
1786279490910 0.03291904926300049 13249
1786279494811 0.013929158449172974 13299
1786279498392 0.058579571545124054 13349
1786279501869 0.04760313034057617 13399
1786279505443 0.0586019828915596 13449
1786279508988 0.0129762664437294 13499
1786279512580 0.023163437843322754 13549
1786279516181 0.042198069393634796 13599
1786279519821 0.019097821786999702 13649
1786279523503 0.026640579104423523 13699
1786279527174 0.03656017780303955 13749
1786279530806 0.03537631779909134 13799
1786279534448 0.013307647779583931 13849
1786279538034 0.06470026075839996 13899
1786279541719 0.01794314570724964 13949
1786279545390 0.0368211567401886 13999
1786279549122 0.07966142892837524 14049
1786279552743 0.010616691783070564 14099
1786279556381 0.07113343477249146 14149
1786279559951 0.014970224350690842 14199
1786279563503 0.019916236400604248 14249
1786279567016 0.09233862906694412 14299
1786279570544 0.023105591535568237 14349
1786279574370 0.02879083901643753 14399
1786279577961 0.04639840126037598 14449
1786279581422 0.012769537046551704 14499
1786279584792 0.041010625660419464 14549
1786279588224 0.027190327644348145 14599
1786279591626 0.1028623878955841 14649
1786279595050 0.03317159041762352 14699
1786279598508 0.023317676037549973 14749
1786279601940 0.05364278703927994 14799
1786279605435 0.04704678803682327 14849
1786279608914 0.03451800346374512 14899
1786279612393 0.029536113142967224 14949
1786279615819 0.03473225235939026 14999
1786279619314 0.028483659029006958 15049
1786279622780 0.02776794321835041 15099
1786279626303 0.04781314730644226 15149
1786279629705 0.07192745804786682 15199
1786279633197 0.03034866601228714 15249
1786279636698 0.02274361252784729 15299
1786279640118 0.019117720425128937 15349
1786279643674 0.07138743251562119 15399
1786279647092 0.014308476820588112 15449
1786279650520 0.07215023040771484 15499
1786279654043 0.020861152559518814 15549
1786279657560 0.01585511304438114 15599
1786279661064 0.041898857802152634 15649
1786279664545 0.045487649738788605 15699
1786279668169 0.017597831785678864 15749
1786279671964 0.043365418910980225 15799
1786279675573 0.019890666007995605 15849
1786279679175 0.1114439070224762 15899
1786279682764 0.015380412340164185 15949
1786279686655 0.029612526297569275 15999
1786279690319 0.015003085136413574 16049
1786279693859 0.017409957945346832 16099
1786279697457 0.017983676865696907 16149
1786279701020 0.02352815866470337 16199
1786279704622 0.024821974337100983 16249
1786279708228 0.038510918617248535 16299
1786279711890 0.010890141129493713 16349
1786279715508 0.058986812829971313 16399
1786279719037 0.050435781478881836 16449
1786279722571 0.044549256563186646 16499
1786279726194 0.04114958643913269 16549
1786279729841 0.049620747566223145 16599
1786279733435 0.013038255274295807 16649
1786279736971 0.046922922134399414 16699
1786279740485 0.076328344643116 16749
1786279744065 0.051742345094680786 16799
1786279747694 0.010472074151039124 16849
1786279751242 0.018945368006825447 16899
1786279754884 0.03952077776193619 16949
1786279758513 0.03738504648208618 16999
1786279762163 0.047821808606386185 17049
1786279765690 0.03631506860256195 17099
1786279769409 0.03897789865732193 17149
1786279772964 0.08629650622606277 17199
1786279776517 0.03986882418394089 17249
1786279779979 0.057266831398010254 17299
1786279783536 0.10892009735107422 17349
1786279787019 0.04827968031167984 17399
1786279790547 0.05122019723057747 17449
1786279793994 0.0517486035823822 17499
1786279797478 0.01524353213608265 17549
1786279801254 0.030007392168045044 17599
1786279804710 0.07689836621284485 17649
1786279808131 0.11880013346672058 17699
1786279811581 0.03924485296010971 17749
1786279815110 0.023646460846066475 17799
1786279818680 0.01417209580540657 17849
1786279822252 0.038549572229385376 17899
1786279825801 0.04836171865463257 17949
1786279829314 0.08552849292755127 17999
1786279832869 0.05551978945732117 18049
1786279836426 0.03599104285240173 18099
1786279839884 0.05122636258602142 18149
1786279843458 0.021623849868774414 18199
1786279846919 0.0659356564283371 18249
1786279850324 0.01897592842578888 18299
1786279853818 0.06128633767366409 18349
1786279857244 0.02503921091556549 18399
1786279860680 0.20188581943511963 18449
1786279864119 0.0944591760635376 18499
1786279867505 0.04645476117730141 18549
1786279870886 0.048317618668079376 18599
1786279874311 0.030052080750465393 18649
1786279877682 0.08301828801631927 18699
1786279881025 0.12216827273368835 18749
1786279884298 0.05264606326818466 18799
1786279887617 0.12787365913391113 18849
1786279890958 0.04845518618822098 18899
1786279894353 0.021087022498250008 18949
1786279897796 0.01835727132856846 18999
1786279901277 0.03732013702392578 19049
1786279904665 0.05736804008483887 19099
1786279908011 0.05813136696815491 19149
1786279973891 0.028826743364334106 19199
1786279977307 0.15192380547523499 19249
1786279980706 0.06415188312530518 19299
1786279984178 0.029549434781074524 19349
1786279987669 0.06689093261957169 19399
1786279991074 0.045672059059143066 19449
1786279994595 0.052286505699157715 19499
1786279998046 0.022341037169098854 19549
1786280001507 0.05745290219783783 19599
1786280005005 0.11790204048156738 19649
1786280008556 0.009092526510357857 19699
1786280011981 0.04264262318611145 19749
1786280015523 0.034307193011045456 19799
1786280019058 0.03671734035015106 19849
1786280022580 0.016715437173843384 19899
1786280026053 0.018977593630552292 19949
1786280029545 0.06446769833564758 19999
1786280033105 0.0459904745221138 20049
1786280036590 0.026338882744312286 20099
1786280040236 0.05532403290271759 20149
1786280043704 0.0916060209274292 20199
1786280047182 0.040587425231933594 20249
1786280050617 0.011528605595231056 20299
1786280054155 0.026295483112335205 20349
1786280057696 0.013989567756652832 20399
1786280061210 0.030122071504592896 20449
1786280064678 0.04613938927650452 20499
1786280068171 0.08473503589630127 20549
1786280071717 0.043923988938331604 20599
1786280075228 0.013499217107892036 20649
1786280078776 0.02631354331970215 20699
1786280082658 0.0456787645816803 20749
1786280086133 0.05021394044160843 20799
1786280089530 0.054612427949905396 20849
1786280092953 0.05153706669807434 20899
1786280096326 0.022213339805603027 20949
1786280099724 0.056661754846572876 20999
1786280103187 0.05187907814979553 21049
1786280106693 0.13062334060668945 21099
1786280110304 0.0913282036781311 21149
1786280113815 0.028126783668994904 21199
1786280117312 0.05316901206970215 21249
1786280120853 0.0921071246266365 21299
1786280124209 0.08262104541063309 21349
1786280127708 0.04055479168891907 21399
1786280131193 0.02592102438211441 21449
1786280134678 0.023551620543003082 21499
1786280138178 0.04750601947307587 21549
1786280141710 0.0553552582859993 21599
1786280145180 0.045316584408283234 21649
1786280148691 0.048284173011779785 21699
1786280152188 0.027663975954055786 21749
1786280155704 0.02000570297241211 21799
1786280159238 0.06500446796417236 21849
1786280162653 0.0737076997756958 21899
1786280166098 0.02902088314294815 21949
1786280169538 0.026266589760780334 21999
1786280172998 0.05052149295806885 22049
1786280176468 0.0429401695728302 22099
1786280179895 0.017058618366718292 22149
1786280183304 0.02640688419342041 22199
1786280186779 0.07588881254196167 22249
1786280190231 0.03203891962766647 22299
1786280193952 0.026936836540699005 22349
1786280197278 0.05560171604156494 22399
1786280200704 0.07472310215234756 22449
1786280204225 0.05123153328895569 22499
1786280207783 0.02906983345746994 22549
1786280211237 0.056393690407276154 22599
1786280214645 0.01482536643743515 22649
1786280218088 0.01944887638092041 22699
1786280221478 0.04139164090156555 22749
1786280224925 0.052309200167655945 22799
1786280228311 0.1050957664847374 22849
1786280231777 0.06197276711463928 22899
1786280235201 0.09644043445587158 22949
1786280238541 0.04296329617500305 22999
1786280241952 0.06210881471633911 23049
1786280245439 0.028974242508411407 23099
1786280248947 0.03939080238342285 23149
1786280252384 0.05683138966560364 23199
1786280255824 0.054494358599185944 23249
1786280259340 0.022121191024780273 23299
1786280262896 0.15409043431282043 23349
1786280266383 0.03150084614753723 23399
1786280269850 0.0859917476773262 23449
1786280273330 0.11465561389923096 23499
1786280276784 0.018120169639587402 23549
1786280280224 0.047593504190444946 23599
1786280283696 0.03646213561296463 23649
1786280287162 0.10651171207427979 23699
1786280290628 0.02406521886587143 23749
1786280294152 0.05828922986984253 23799
1786280297572 0.10429012775421143 23849
1786280301088 0.025877714157104492 23899
1786280304834 0.11201784759759903 23949
1786280308373 0.03274217247962952 23999
1786280311871 0.024192513898015022 24049
1786280315374 0.10547947883605957 24099
1786280318928 0.07875264436006546 24149
1786280322513 0.052574273198843 24199
1786280326154 0.06713655591011047 24249
1786280329726 0.06097126007080078 24299
1786280333302 0.08259299397468567 24349
1786280336801 0.012974388897418976 24399
1786280340347 0.018432626500725746 24449
1786280343863 0.0421241857111454 24499
1786280347367 0.07957763224840164 24549
1786280350892 0.05942387133836746 24599
1786280354385 0.11075404286384583 24649
1786280357945 0.04747040569782257 24699
1786280361524 0.06796471029520035 24749
1786280365048 0.053285837173461914 24799
1786280368606 0.05591154098510742 24849
1786280372186 0.0482434518635273 24899
1786280375808 0.057114310562610626 24949
1786280379381 0.05874717980623245 24999
1786280382934 0.04830807447433472 25049
1786280386453 0.03830261901021004 25099
1786280389967 0.02479414828121662 25149
1786280393527 0.17363369464874268 25199
1786280397155 0.035022832453250885 25249
1786280400810 0.04558867961168289 25299
1786280404335 0.02987588942050934 25349
1786280407773 0.02680201455950737 25399
1786280411255 0.028962761163711548 25449
1786280414740 0.05698099732398987 25499
1786280418462 0.04060995578765869 25549
1786280422150 0.0607478991150856 25599
1786280425507 0.05849767476320267 25649
1786280429037 0.034197837114334106 25699
1786280432440 0.029595710337162018 25749
1786280435835 0.024143844842910767 25799
1786280439332 0.03709905967116356 25849
1786280442731 0.03166697919368744 25899
1786280446119 0.031574636697769165 25949
1786280449601 0.0854598730802536 25999
1786280453033 0.051620788872241974 26049
1786280456570 0.05980617552995682 26099
1786280460037 0.04778189957141876 26149
1786280463450 0.04825723171234131 26199
1786280466926 0.030687958002090454 26249
1786280470396 0.08628202974796295 26299
1786280473885 0.056447744369506836 26349
1786280477276 0.04673079401254654 26399
1786280480732 0.04320347309112549 26449
1786280484212 0.024645932018756866 26499
1786280487573 0.06221508979797363 26549
1786280491043 0.05671966075897217 26599
1786280494422 0.01790524274110794 26649
1786280497817 0.02899685502052307 26699
1786280501167 0.04928816109895706 26749
1786280504480 0.028180764988064766 26799
1786280507860 0.0341130793094635 26849
1786280511310 0.07585567981004715 26899
1786280514694 0.07198385149240494 26949
1786280517978 0.04612281918525696 26999
1786280521325 0.04220348596572876 27049
1786280524666 0.06609976291656494 27099
1786280528370 0.027449943125247955 27149
1786280531783 0.10602153092622757 27199
1786280535250 0.0829988569021225 27249
1786280538722 0.09357023984193802 27299
1786280542141 0.03226117789745331 27349
1786280545547 0.018526799976825714 27399
1786280548894 0.05367189645767212 27449
1786280552290 0.03434161841869354 27499
1786280555693 0.05019059777259827 27549
1786280559076 0.02997118979692459 27599
1786280562477 0.1340934932231903 27649
1786280565808 0.05209139734506607 27699
1786280569216 0.03460133075714111 27749
1786280572561 0.054996758699417114 27799
1786280575900 0.03173176944255829 27849
1786280579280 0.07511650025844574 27899
1786280582641 0.059763550758361816 27949
1786280585901 0.08481640368700027 27999
1786280589211 0.03652571141719818 28049
1786280592605 0.05383005738258362 28099
1786280596101 0.07196974754333496 28149
1786280599573 0.07033401727676392 28199
1786280602947 0.03393486514687538 28249
1786280606323 0.04940572381019592 28299
1786280609773 0.12466894090175629 28349
1786280613389 0.05348360538482666 28399
1786280617016 0.04118719696998596 28449
1786280620649 0.04582459479570389 28499
1786280624056 0.034721724689006805 28549
1786280627428 0.01761753112077713 28599
1786280630765 0.04519582539796829 28649
1786280634090 0.05009020119905472 28699
