1786276191197 1.8922630548477173 1595
1786276299527 4.504149436950684 3191
1786276399760 4.61979866027832 4787
1786276493446 6.217955589294434 6383
1786276577853 6.861518383026123 7979
1786276719430 7.650698184967041 9575
1786276805029 8.31264591217041 11171
1786276890384 8.499554634094238 12767
1786276975317 8.21005630493164 14363
1786277059829 8.223538398742676 15959
1786277144667 8.460066795349121 17555
1786277285758 8.541919708251953 19151
1786277370655 8.533685684204102 20747
1786277455176 8.652403831481934 22343
1786277539636 8.873046875 23939
1786277624589 8.858660697937012 25535
1786277709210 8.753836631774902 27131
1786277847041 8.858723640441895 28727
