1786276073843 1.574725866317749 49
1786276077833 1.3026320934295654 99
1786276082249 1.3057862520217896 149
1786276086444 1.2732034921646118 199
1786276089913 1.229179859161377 249
1786276093687 1.2666648626327515 299
1786276097893 1.2650082111358643 349
1786276102045 1.1830341815948486 399
1786276105623 1.2434173822402954 449
1786276109153 1.2840522527694702 499
1786276112803 1.3550961017608643 549
1786276116877 1.3940174579620361 599
1786276120837 1.5233440399169922 649
1786276124617 1.6573745012283325 699
1786276128318 1.666955590248108 749
1786276132186 1.5715662240982056 799
1786276136304 1.6291354894638062 849
1786276140267 1.563022494316101 899
1786276143985 1.7175642251968384 949
1786276147679 1.6888017654418945 999
1786276151539 1.7382028102874756 1049
1786276155677 1.897748589515686 1099
1786276159437 2.0117404460906982 1149
1786276162910 2.458724021911621 1199
1786276166264 2.2857515811920166 1249
1786276170274 2.675665855407715 1299
1786276174149 2.607131004333496 1349
1786276177687 2.799267530441284 1399
1786276180896 3.184130907058716 1449
1786276184159 3.065030813217163 1499
1786276187794 3.1909079551696777 1549
1786276191858 3.322711944580078 1599
1786276195128 3.315310001373291 1649
1786276198153 3.102268934249878 1699
1786276201235 3.431226968765259 1749
1786276204623 4.013880729675293 1799
1786276208109 3.934098720550537 1849
1786276211463 3.1666905879974365 1899
1786276214718 4.437775611877441 1949
1786276217996 4.661657333374023 1999
1786276221415 3.747331142425537 2049
1786276225007 5.663355827331543 2099
1786276228502 4.143918514251709 2149
1786276231817 3.8606016635894775 2199
1786276235093 4.274883270263672 2249
1786276238532 4.278627395629883 2299
1786276242195 4.364212512969971 2349
1786276245779 5.425971031188965 2399
1786276249212 4.494837760925293 2449
1786276252508 4.033185958862305 2499
1786276255700 5.0487189292907715 2549
1786276259139 5.737637519836426 2599
1786276262835 5.9694623947143555 2649
1786276266577 4.440676689147949 2699
1786276270060 2.961352825164795 2749
1786276273159 4.455777645111084 2799
1786276276488 3.3988428115844727 2849
1786276280147 4.897440433502197 2899
1786276283888 3.9834201335906982 2949
1786276287262 4.178640842437744 2999
1786276290299 3.908094644546509 3049
1786276293463 4.544868469238281 3099
1786276296762 3.509181261062622 3149
1786276300441 4.859785079956055 3199
1786276303711 4.078780174255371 3249
1786276307174 3.9868743419647217 3299
1786276310437 3.7665491104125977 3349
1786276313725 3.799301862716675 3399
1786276317254 3.2973408699035645 3449
1786276321032 4.8246588706970215 3499
1786276324468 4.7434797286987305 3549
1786276327824 3.9706871509552 3599
1786276331026 3.5288541316986084 3649
1786276334359 3.473365306854248 3699
1786276337596 4.555808067321777 3749
1786276340659 4.962865829467773 3799
1786276343616 4.601593494415283 3849
1786276346449 4.599564075469971 3899
1786276349426 4.765251159667969 3949
1786276352602 4.025392532348633 3999
1786276355863 3.667551040649414 4049
1786276358889 5.132376194000244 4099
1786276361738 4.158195495605469 4149
1786276364634 4.330340385437012 4199
1786276367801 4.3826823234558105 4249
1786276371097 4.341455459594727 4299
1786276374155 4.798303604125977 4349
1786276376948 4.625079154968262 4399
1786276379781 4.610442638397217 4449
1786276382648 4.023951053619385 4499
1786276385645 4.533423900604248 4549
1786276388772 4.644528388977051 4599
1786276391727 5.6655402183532715 4649
1786276394622 4.8335676193237305 4699
1786276397527 5.068265914916992 4749
1786276400765 6.523186206817627 4799
1786276403832 5.92573356628418 4849
1786276406875 6.194416046142578 4899
1786276409798 5.12701940536499 4949
1786276412795 4.826509952545166 4999
1786276415788 5.782371520996094 5049
1786276418958 5.483779430389404 5099
1786276422047 5.667304992675781 5149
1786276424955 5.137951374053955 5199
1786276427782 5.4083404541015625 5249
1786276430754 6.517991065979004 5299
1786276433927 4.16469669342041 5349
1786276437166 6.6502485275268555 5399
1786276440267 5.004052639007568 5449
1786276443161 7.258855819702148 5499
1786276446056 5.7279558181762695 5549
1786276449179 5.824596881866455 5599
1786276452417 7.547287464141846 5649
1786276455525 7.324582099914551 5699
1786276458384 6.112486362457275 5749
1786276461145 5.933892726898193 5799
1786276464006 8.032835006713867 5849
1786276466848 8.700843811035156 5899
1786276469672 7.3427557945251465 5949
1786276472460 6.272161483764648 5999
1786276475258 7.1945390701293945 6049
1786276478015 6.633453369140625 6099
1786276480761 7.456923484802246 6149
1786276483556 5.183810710906982 6199
1786276486291 8.436386108398438 6249
1786276488989 6.480835437774658 6299
1786276491659 6.4410505294799805 6349
1786276494610 8.189809799194336 6399
1786276497261 8.366084098815918 6449
1786276499900 6.4633612632751465 6499
1786276502516 5.8485612869262695 6549
1786276505144 6.961054801940918 6599
1786276507778 6.955532550811768 6649
1786276510424 7.165673732757568 6699
1786276513100 6.5094428062438965 6749
1786276515749 7.236034393310547 6799
1786276518347 8.084287643432617 6849
1786276521021 6.521526336669922 6899
1786276523619 5.848260402679443 6949
1786276526249 6.098154544830322 6999
1786276528897 7.333887100219727 7049
1786276531594 5.228866100311279 7099
1786276534233 9.925289154052734 7149
1786276536816 8.26655101776123 7199
1786276539434 8.018059730529785 7249
1786276542058 5.753053665161133 7299
1786276544686 7.849603176116943 7349
1786276547298 7.129162788391113 7399
1786276549896 6.965691089630127 7449
1786276552525 5.786580562591553 7499
1786276555218 7.743601322174072 7549
1786276557838 7.01252555847168 7599
1786276560502 7.121499061584473 7649
1786276563115 6.250955104827881 7699
1786276565760 6.930508136749268 7749
1786276568387 7.4915289878845215 7799
1786276571024 6.396491527557373 7849
1786276573645 6.992434978485107 7899
1786276576281 6.998413562774658 7949
1786276579211 8.086338996887207 7999
1786276581836 6.634177207946777 8049
1786276584466 9.048688888549805 8099
1786276587104 7.0781989097595215 8149
1786276589713 7.455061912536621 8199
1786276592358 6.322733402252197 8249
1786276594966 7.7414350509643555 8299
1786276597588 7.3410139083862305 8349
1786276600246 6.333165168762207 8399
1786276602864 8.711199760437012 8449
1786276605499 7.941784858703613 8499
1786276608112 5.664553165435791 8549
1786276610775 9.344158172607422 8599
1786276613353 7.6031813621521 8649
1786276615971 5.984110355377197 8699
1786276618586 9.780620574951172 8749
1786276621192 7.698078155517578 8799
1786276623846 6.295585632324219 8849
1786276626501 8.856825828552246 8899
1786276629126 6.100790500640869 8949
1786276631729 7.39431619644165 8999
1786276634392 8.361696243286133 9049
1786276637006 8.682974815368652 9099
1786276639621 7.029175281524658 9149
1786276642240 7.122156143188477 9199
1786276644884 7.443260192871094 9249
1786276647503 7.016385555267334 9299
1786276650189 5.699455261230469 9349
1786276652863 7.710147857666016 9399
1786276655478 7.990702152252197 9449
1786276658171 10.607815742492676 9499
1786276660799 5.808568000793457 9549
1786276721010 10.424124717712402 9599
1786276723647 6.721951007843018 9649
1786276726307 7.214712619781494 9699
1786276728977 8.075257301330566 9749
1786276731720 10.365001678466797 9799
1786276734392 8.51978588104248 9849
1786276737017 8.575984954833984 9899
1786276739626 7.206906318664551 9949
1786276742288 6.766704559326172 9999
1786276744979 7.144942760467529 10049
1786276747635 8.053215980529785 10099
1786276750331 9.534711837768555 10149
1786276753001 8.754610061645508 10199
1786276755624 6.710973739624023 10249
1786276758263 7.40132474899292 10299
1786276761017 8.962913513183594 10349
1786276763803 5.429957866668701 10399
1786276766522 9.161436080932617 10449
1786276769227 7.4969162940979 10499
1786276771878 7.330738067626953 10549
1786276774534 9.394356727600098 10599
1786276777206 9.64049243927002 10649
1786276779908 10.660605430603027 10699
1786276782580 8.388052940368652 10749
1786276785298 12.498434066772461 10799
1786276787966 7.144961833953857 10849
1786276790600 7.979153156280518 10899
1786276793294 6.390593528747559 10949
1786276795969 9.138263702392578 10999
1786276798644 8.60521125793457 11049
1786276801255 10.684203147888184 11099
1786276803875 7.783273220062256 11149
1786276806837 6.533438682556152 11199
1786276809574 7.052413463592529 11249
1786276812271 8.571743965148926 11299
1786276814990 8.926822662353516 11349
1786276817643 7.391835689544678 11399
1786276820278 8.074851989746094 11449
1786276822922 8.25810718536377 11499
1786276825570 10.336111068725586 11549
1786276828223 10.873263359069824 11599
1786276830894 7.9608941078186035 11649
1786276833530 6.689401149749756 11699
1786276836187 7.39296817779541 11749
1786276838850 8.505921363830566 11799
1786276841514 8.723407745361328 11849
1786276844169 6.449227809906006 11899
1786276846881 6.824365615844727 11949
1786276849573 10.378458023071289 11999
1786276852200 7.148143768310547 12049
1786276854860 8.615901947021484 12099
1786276857507 7.936342716217041 12149
1786276860169 7.228780746459961 12199
1786276862823 9.092755317687988 12249
1786276865538 9.174251556396484 12299
1786276868163 8.35421371459961 12349
1786276870801 7.669156074523926 12399
1786276873431 10.018716812133789 12449
1786276876091 9.275765419006348 12499
1786276878745 7.9876580238342285 12549
1786276881421 8.880821228027344 12599
1786276884115 10.07421875 12649
1786276886738 11.318634986877441 12699
1786276889379 8.030550956726074 12749
1786276892475 9.203201293945312 12799
1786276895283 8.701435089111328 12849
1786276898009 7.434936046600342 12899
1786276900654 7.625615119934082 12949
1786276903268 12.327935218811035 12999
1786276905896 8.028613090515137 13049
1786276908583 9.80062198638916 13099
1786276911258 6.210312366485596 13149
1786276913908 7.397614002227783 13199
1786276916540 9.289314270019531 13249
1786276919180 9.611451148986816 13299
1786276921791 6.447226047515869 13349
1786276924401 8.927542686462402 13399
1786276927038 10.49366569519043 13449
1786276929701 6.8575029373168945 13499
1786276932324 7.438050746917725 13549
1786276934916 6.254584789276123 13599
1786276937565 8.002395629882812 13649
1786276940197 9.886353492736816 13699
1786276942835 8.21121597290039 13749
1786276945459 10.55785083770752 13799
1786276948059 8.82323932647705 13849
1786276950765 7.740151882171631 13899
1786276953405 6.514463901519775 13949
1786276956010 7.7526679039001465 13999
1786276958680 6.555129528045654 14049
1786276961322 9.124178886413574 14099
1786276963933 8.069148063659668 14149
1786276966594 10.674362182617188 14199
1786276969259 6.691661834716797 14249
1786276971903 7.355171203613281 14299
1786276974536 11.700774192810059 14349
1786276977465 10.24219036102295 14399
1786276980120 8.108512878417969 14449
1786276982790 6.962043285369873 14499
1786276985475 5.6010284423828125 14549
1786276988099 7.28026008605957 14599
1786276990711 8.454728126525879 14649
1786276993326 7.297409534454346 14699
1786276995965 8.953084945678711 14749
1786276998632 6.643412113189697 14799
1786277001323 6.959545135498047 14849
1786277003977 7.18116569519043 14899
1786277006573 7.959895133972168 14949
1786277009165 8.671706199645996 14999
1786277011779 7.208333492279053 15049
1786277014382 8.669902801513672 15099
1786277017003 9.656587600708008 15149
1786277019664 8.232306480407715 15199
1786277022353 8.978578567504883 15249
1786277024948 5.699512004852295 15299
1786277027556 5.82564640045166 15349
1786277030228 8.048196792602539 15399
1786277032852 9.01256275177002 15449
1786277035481 6.693077087402344 15499
1786277038150 8.618650436401367 15549
1786277040764 6.290594100952148 15599
1786277043419 7.431857109069824 15649
1786277046054 8.82291030883789 15699
1786277048769 10.35799789428711 15749
1786277051391 7.38114595413208 15799
1786277053954 9.332173347473145 15849
1786277056620 8.136458396911621 15899
1786277059236 6.655984401702881 15949
1786277062342 6.806397914886475 15999
1786277064968 10.167513847351074 16049
1786277067614 8.21288776397705 16099
1786277070236 8.564441680908203 16149
1786277072886 6.175320625305176 16199
1786277075520 8.853130340576172 16249
1786277078183 7.724267482757568 16299
1786277080810 7.373241424560547 16349
1786277083444 7.827543258666992 16399
1786277086083 10.502668380737305 16449
1786277088688 8.984957695007324 16499
1786277091310 8.181258201599121 16549
1786277093982 8.76479434967041 16599
1786277096650 10.456705093383789 16649
1786277099335 10.361443519592285 16699
1786277102013 9.602095603942871 16749
1786277104636 6.027714252471924 16799
1786277107272 11.404826164245605 16849
1786277109982 8.187047004699707 16899
1786277112636 8.002786636352539 16949
1786277115279 8.412755012512207 16999
1786277117913 11.403460502624512 17049
1786277120549 8.495784759521484 17099
1786277123209 7.506431579589844 17149
1786277125853 9.589643478393555 17199
1786277128477 6.504668712615967 17249
1786277131136 6.2038774490356445 17299
1786277133715 7.708371162414551 17349
1786277136356 8.869002342224121 17399
1786277138966 6.727749824523926 17449
1786277141628 8.938173294067383 17499
1786277144316 7.607571601867676 17549
1786277147294 9.492768287658691 17599
1786277149912 7.786686420440674 17649
1786277152537 5.920278072357178 17699
1786277155158 10.48672103881836 17749
1786277157824 10.293072700500488 17799
1786277160431 10.411797523498535 17849
1786277163082 8.317717552185059 17899
1786277165777 9.625582695007324 17949
1786277168367 8.165349960327148 17999
1786277170981 6.670122146606445 18049
1786277173632 7.169231414794922 18099
1786277176330 8.907912254333496 18149
1786277178973 8.719403266906738 18199
1786277181613 7.396510124206543 18249
1786277184202 8.086132049560547 18299
1786277186836 7.528994560241699 18349
1786277189473 7.486915588378906 18399
1786277192075 10.405182838439941 18449
1786277194703 10.715877532958984 18499
1786277197334 6.742816925048828 18549
1786277199975 9.53050708770752 18599
1786277202635 6.974472999572754 18649
1786277205315 6.801354885101318 18699
1786277207952 8.52255916595459 18749
1786277210623 9.001500129699707 18799
1786277213316 7.7167768478393555 18849
1786277215970 7.150218963623047 18899
1786277218607 7.47297477722168 18949
1786277221228 12.769012451171875 18999
1786277223912 6.876147747039795 19049
1786277226577 6.92586088180542 19099
1786277229224 9.271721839904785 19149
1786277288627 9.68001937866211 19199
1786277291280 7.336580276489258 19249
1786277293914 9.25417709350586 19299
1786277296513 9.764105796813965 19349
1786277299139 9.82934284210205 19399
1786277301748 7.510531425476074 19449
1786277304466 8.24332332611084 19499
1786277307109 7.254026889801025 19549
1786277309737 9.32396125793457 19599
1786277312367 8.343188285827637 19649
1786277315030 5.9673333168029785 19699
1786277317647 9.790374755859375 19749
1786277320340 13.019207000732422 19799
1786277322998 9.993670463562012 19849
1786277325637 7.7058844566345215 19899
1786277328302 7.463724613189697 19949
1786277330889 7.859472751617432 19999
1786277333529 5.851626873016357 20049
1786277336195 10.659017562866211 20099
1786277338959 7.170871257781982 20149
1786277341638 7.326995849609375 20199
1786277344266 9.802021026611328 20249
1786277346901 9.750360488891602 20299
1786277349617 7.845261096954346 20349
1786277352340 9.481230735778809 20399
1786277355011 8.321903228759766 20449
1786277357615 9.283082008361816 20499
1786277360191 7.176540851593018 20549
1786277362836 8.695602416992188 20599
1786277365472 8.288447380065918 20649
1786277368150 8.149114608764648 20699
1786277371103 9.527767181396484 20749
1786277373727 8.282772064208984 20799
1786277376331 8.922855377197266 20849
1786277378969 8.546710014343262 20899
1786277381660 10.309449195861816 20949
1786277384301 10.618083000183105 20999
1786277386939 8.53467845916748 21049
1786277389564 6.239284992218018 21099
1786277392176 7.635085582733154 21149
1786277394816 8.988973617553711 21199
1786277397496 6.921936511993408 21249
1786277400187 7.151724815368652 21299
1786277402859 11.539813041687012 21349
1786277405501 7.623298168182373 21399
1786277408132 8.187437057495117 21449
1786277410720 7.756277561187744 21499
1786277413351 8.096750259399414 21549
1786277416003 8.183758735656738 21599
1786277418659 6.458523273468018 21649
1786277421297 9.056046485900879 21699
1786277423952 7.981163501739502 21749
1786277426577 8.82879638671875 21799
1786277429181 12.253125190734863 21849
1786277431820 11.105106353759766 21899
1786277434507 7.006962776184082 21949
1786277437120 6.205076217651367 21999
1786277439723 9.321085929870605 22049
1786277442320 5.916922569274902 22099
1786277444965 8.583697319030762 22149
1786277447636 11.035232543945312 22199
1786277450275 10.665395736694336 22249
1786277452893 8.6288423538208 22299
1786277455813 7.797636032104492 22349
1786277458434 8.58163070678711 22399
1786277461063 6.708103656768799 22449
1786277463709 11.223569869995117 22499
1786277466338 8.51797866821289 22549
1786277468972 8.954954147338867 22599
1786277471588 6.646182060241699 22649
1786277474230 6.66960334777832 22699
1786277476822 15.189502716064453 22749
1786277479432 7.7463884353637695 22799
1786277482061 7.864289283752441 22849
1786277484674 7.303414821624756 22899
1786277487303 8.824872016906738 22949
1786277489927 10.35586929321289 22999
1786277492625 6.600723743438721 23049
1786277495301 10.766043663024902 23099
1786277497939 7.454728126525879 23149
1786277500595 8.307764053344727 23199
1786277503199 9.704805374145508 23249
1786277505805 8.500120162963867 23299
1786277508438 7.913137912750244 23349
1786277511092 11.182509422302246 23399
1786277513719 7.787119388580322 23449
1786277516363 8.084654808044434 23499
1786277519048 11.470629692077637 23549
1786277521665 11.144289016723633 23599
1786277524308 9.024637222290039 23649
1786277527001 12.69043254852295 23699
1786277529600 9.19571590423584 23749
1786277532212 10.33156681060791 23799
1786277534831 8.729959487915039 23849
1786277537528 8.480107307434082 23899
1786277540527 5.7061285972595215 23949
1786277543185 7.933043003082275 23999
1786277545789 7.069112300872803 24049
1786277548443 8.24612045288086 24099
1786277551067 9.236391067504883 24149
1786277553707 6.395814418792725 24199
1786277556355 7.81843376159668 24249
1786277558995 8.913442611694336 24299
1786277561631 5.592745780944824 24349
1786277564250 8.451842308044434 24399
1786277566903 10.822565078735352 24449
1786277569565 11.622133255004883 24499
1786277572256 10.498198509216309 24549
1786277574910 11.402030944824219 24599
1786277577539 8.89427661895752 24649
1786277580191 12.424357414245605 24699
1786277582851 6.973045349121094 24749
1786277585504 7.027376174926758 24799
1786277588134 7.027335166931152 24849
1786277590796 8.864977836608887 24899
1786277593442 11.070771217346191 24949
1786277596076 7.435019493103027 24999
1786277598787 8.505885124206543 25049
1786277601434 5.939966678619385 25099
1786277604106 10.753890037536621 25149
1786277606714 6.858312606811523 25199
1786277609329 9.928092956542969 25249
1786277611992 7.702341556549072 25299
1786277614712 5.7040815353393555 25349
1786277617362 9.657130241394043 25399
1786277620011 9.395947456359863 25449
1786277622686 11.147761344909668 25499
1786277625665 10.344500541687012 25549
1786277628308 9.853036880493164 25599
1786277630958 8.595590591430664 25649
1786277633605 9.029204368591309 25699
1786277636269 9.72637939453125 25749
1786277638952 8.662403106689453 25799
1786277641574 9.234406471252441 25849
1786277644204 7.983132839202881 25899
1786277646868 9.290079116821289 25949
1786277649474 10.101358413696289 25999
1786277652122 6.997048377990723 26049
1786277654753 8.168603897094727 26099
1786277657360 5.6805830001831055 26149
1786277660001 7.931483268737793 26199
1786277662641 6.695175647735596 26249
1786277665333 7.392096996307373 26299
1786277667944 10.496344566345215 26349
1786277670555 9.334078788757324 26399
1786277673173 6.596836566925049 26449
1786277675780 10.984786987304688 26499
1786277678395 10.220446586608887 26549
1786277681059 10.607977867126465 26599
1786277683706 9.752985000610352 26649
1786277686420 7.364064693450928 26699
1786277689057 7.311655521392822 26749
1786277691689 9.615267753601074 26799
1786277694318 9.40842056274414 26849
1786277697011 7.616129398345947 26899
1786277699659 10.703771591186523 26949
1786277702262 9.238791465759277 26999
1786277704898 7.090033054351807 27049
1786277707526 8.667081832885742 27099
1786277710476 11.595330238342285 27149
1786277713099 6.985915184020996 27199
1786277715702 6.623076915740967 27249
1786277718344 12.351664543151855 27299
1786277720984 7.060185432434082 27349
1786277723647 9.657214164733887 27399
1786277726398 12.260090827941895 27449
1786277729118 8.611019134521484 27499
1786277731830 9.00124740600586 27549
1786277734493 7.191694259643555 27599
1786277737161 6.842488765716553 27649
1786277739807 9.329329490661621 27699
1786277742480 8.492688179016113 27749
1786277745167 10.85459041595459 27799
1786277747893 8.240819931030273 27849
1786277750559 7.47547721862793 27899
1786277753225 9.089387893676758 27949
1786277755947 6.179893493652344 27999
1786277758666 6.497398853302002 28049
1786277761394 6.53275203704834 28099
1786277764078 9.811782836914062 28149
1786277766744 7.866703987121582 28199
1786277769460 9.87197494506836 28249
1786277772096 10.974090576171875 28299
1786277774768 8.26340389251709 28349
1786277777462 5.901494026184082 28399
1786277780141 7.477677345275879 28449
1786277782884 7.206027507781982 28499
1786277785591 11.915206909179688 28549
1786277788270 8.512134552001953 28599
1786277791001 8.325297355651855 28649
1786277793645 9.60548210144043 28699
