1786276073843 0.02199999988079071 49
1786276077833 0.02199999988079071 99
1786276082249 0.023000000044703484 149
1786276086444 0.02500000037252903 199
1786276089913 0.023000000044703484 249
1786276093687 0.020999999716877937 299
1786276097893 0.024000000208616257 349
1786276102045 0.02500000037252903 399
1786276105623 0.039000000804662704 449
1786276109153 0.041999999433755875 499
1786276112803 0.061000000685453415 549
1786276116877 0.06199999898672104 599
1786276120837 0.07900000363588333 649
1786276124617 0.0860000029206276 699
1786276128318 0.0989999994635582 749
1786276132186 0.1120000034570694 799
1786276136304 0.13099999725818634 849
1786276140267 0.1420000046491623 899
1786276143985 0.17900000512599945 949
1786276147679 0.20499999821186066 999
1786276151539 0.2070000022649765 1049
1786276155677 0.23999999463558197 1099
1786276159437 0.24699999392032623 1149
1786276162910 0.27900001406669617 1199
1786276166264 0.36399999260902405 1249
1786276170274 0.42899999022483826 1299
1786276174149 0.453000009059906 1349
1786276177687 0.5339999794960022 1399
1786276180896 0.5759999752044678 1449
1786276184159 0.5820000171661377 1499
1786276187794 0.6200000047683716 1549
1786276191858 0.6259999871253967 1599
1786276195128 0.6299999952316284 1649
1786276198153 0.6909999847412109 1699
1786276201235 0.6880000233650208 1749
1786276204623 0.7300000190734863 1799
1786276208109 0.7369999885559082 1849
1786276211463 0.7390000224113464 1899
1786276214718 0.7519999742507935 1949
1786276217996 0.7649999856948853 1999
1786276221415 0.7940000295639038 2049
1786276225007 0.7839999794960022 2099
1786276228502 0.7609999775886536 2149
1786276231817 0.718999981880188 2199
1786276235093 0.7540000081062317 2249
1786276238532 0.7549999952316284 2299
1786276242195 0.7300000190734863 2349
1786276245779 0.7509999871253967 2399
1786276249212 0.7710000276565552 2449
1786276252508 0.796999990940094 2499
1786276255700 0.7599999904632568 2549
1786276259139 0.7760000228881836 2599
1786276262835 0.7720000147819519 2649
1786276266577 0.746999979019165 2699
1786276270060 0.7429999709129333 2749
1786276273159 0.8019999861717224 2799
1786276276488 0.7720000147819519 2849
1786276280147 0.7730000019073486 2899
1786276283888 0.7590000033378601 2949
1786276287262 0.746999979019165 2999
1786276290299 0.8040000200271606 3049
1786276293463 0.7900000214576721 3099
1786276296762 0.8100000023841858 3149
1786276300441 0.8209999799728394 3199
1786276303711 0.8169999718666077 3249
1786276307174 0.8220000267028809 3299
1786276310437 0.8109999895095825 3349
1786276313725 0.8090000152587891 3399
1786276317254 0.7940000295639038 3449
1786276321032 0.8510000109672546 3499
1786276324468 0.8220000267028809 3549
1786276327824 0.828000009059906 3599
1786276331026 0.8259999752044678 3649
1786276334359 0.8460000157356262 3699
1786276337596 0.7630000114440918 3749
1786276340659 0.8169999718666077 3799
1786276343616 0.8510000109672546 3849
1786276346449 0.824999988079071 3899
1786276349426 0.843999981880188 3949
1786276352602 0.8370000123977661 3999
1786276355863 0.824999988079071 4049
1786276358889 0.8799999952316284 4099
1786276361738 0.8560000061988831 4149
1786276364634 0.8849999904632568 4199
1786276367801 0.8130000233650208 4249
1786276371097 0.871999979019165 4299
1786276374155 0.8299999833106995 4349
1786276376948 0.8610000014305115 4399
1786276379781 0.8790000081062317 4449
1786276382648 0.875 4499
1786276385645 0.875 4549
1786276388772 0.8769999742507935 4599
1786276391727 0.8889999985694885 4649
1786276394622 0.8669999837875366 4699
1786276397527 0.8550000190734863 4749
1786276400765 0.8849999904632568 4799
1786276403832 0.859000027179718 4849
1786276406875 0.8899999856948853 4899
1786276409798 0.8980000019073486 4949
1786276412795 0.8799999952316284 4999
1786276415788 0.8410000205039978 5049
1786276418958 0.8700000047683716 5099
1786276422047 0.8939999938011169 5149
1786276424955 0.8790000081062317 5199
1786276427782 0.902999997138977 5249
1786276430754 0.8989999890327454 5299
1786276433927 0.8489999771118164 5349
1786276437166 0.8820000290870667 5399
1786276440267 0.8859999775886536 5449
1786276443161 0.8479999899864197 5499
1786276446056 0.9020000100135803 5549
1786276449179 0.9139999747276306 5599
1786276452417 0.8870000243186951 5649
1786276455525 0.8799999952316284 5699
1786276458384 0.9169999957084656 5749
1786276461145 0.8870000243186951 5799
1786276464006 0.8820000290870667 5849
1786276466848 0.8830000162124634 5899
1786276469672 0.9020000100135803 5949
1786276472460 0.8999999761581421 5999
1786276475258 0.9049999713897705 6049
1786276478015 0.8960000276565552 6099
1786276480761 0.8930000066757202 6149
1786276483556 0.890999972820282 6199
1786276486291 0.8889999985694885 6249
1786276488989 0.8809999823570251 6299
1786276491659 0.8830000162124634 6349
1786276494610 0.906000018119812 6399
1786276497261 0.8970000147819519 6449
1786276499900 0.8650000095367432 6499
1786276502516 0.8970000147819519 6549
1786276505144 0.8669999837875366 6599
1786276507778 0.890999972820282 6649
1786276510424 0.8960000276565552 6699
1786276513100 0.8949999809265137 6749
1786276515749 0.8980000019073486 6799
1786276518347 0.8939999938011169 6849
1786276521021 0.8849999904632568 6899
1786276523619 0.8899999856948853 6949
1786276526249 0.8569999933242798 6999
1786276528897 0.890999972820282 7049
1786276531594 0.8920000195503235 7099
1786276534233 0.8920000195503235 7149
1786276536816 0.8809999823570251 7199
1786276539434 0.8519999980926514 7249
1786276542058 0.890999972820282 7299
1786276544686 0.8730000257492065 7349
1786276547298 0.9079999923706055 7399
1786276549896 0.875 7449
1786276552525 0.9079999923706055 7499
1786276555218 0.8790000081062317 7549
1786276557838 0.8420000076293945 7599
1786276560502 0.8790000081062317 7649
1786276563115 0.8820000290870667 7699
1786276565760 0.9120000004768372 7749
1786276568387 0.9089999794960022 7799
1786276571024 0.9049999713897705 7849
1786276573645 0.8700000047683716 7899
1786276576281 0.9039999842643738 7949
1786276579211 0.902999997138977 7999
1786276581836 0.8740000128746033 8049
1786276584466 0.8999999761581421 8099
1786276587104 0.9110000133514404 8149
1786276589713 0.8989999890327454 8199
1786276592358 0.8980000019073486 8249
1786276594966 0.9110000133514404 8299
1786276597588 0.8989999890327454 8349
1786276600246 0.8999999761581421 8399
1786276602864 0.8880000114440918 8449
1786276605499 0.8669999837875366 8499
1786276608112 0.9169999957084656 8549
1786276610775 0.8799999952316284 8599
1786276613353 0.871999979019165 8649
1786276615971 0.8859999775886536 8699
1786276618586 0.9110000133514404 8749
1786276621192 0.8970000147819519 8799
1786276623846 0.921999990940094 8849
1786276626501 0.902999997138977 8899
1786276629126 0.902999997138977 8949
1786276631729 0.8949999809265137 8999
1786276634392 0.8859999775886536 9049
1786276637006 0.8870000243186951 9099
1786276639621 0.8980000019073486 9149
1786276642240 0.8999999761581421 9199
1786276644884 0.8889999985694885 9249
1786276647503 0.8830000162124634 9299
1786276650189 0.906000018119812 9349
1786276652863 0.906000018119812 9399
1786276655478 0.890999972820282 9449
1786276658171 0.890999972820282 9499
1786276660799 0.8429999947547913 9549
1786276721010 0.8989999890327454 9599
1786276723647 0.9079999923706055 9649
1786276726307 0.8899999856948853 9699
1786276728977 0.8980000019073486 9749
1786276731720 0.9120000004768372 9799
1786276734392 0.8809999823570251 9849
1786276737017 0.9179999828338623 9899
1786276739626 0.9240000247955322 9949
1786276742288 0.9039999842643738 9999
1786276744979 0.8980000019073486 10049
1786276747635 0.8870000243186951 10099
1786276750331 0.8569999933242798 10149
1786276753001 0.8880000114440918 10199
1786276755624 0.8999999761581421 10249
1786276758263 0.9049999713897705 10299
1786276761017 0.859000027179718 10349
1786276763803 0.8899999856948853 10399
1786276766522 0.8700000047683716 10449
1786276769227 0.8830000162124634 10499
1786276771878 0.8799999952316284 10549
1786276774534 0.8949999809265137 10599
1786276777206 0.8650000095367432 10649
1786276779908 0.8709999918937683 10699
1786276782580 0.8880000114440918 10749
1786276785298 0.8960000276565552 10799
1786276787966 0.8859999775886536 10849
1786276790600 0.8709999918937683 10899
1786276793294 0.8709999918937683 10949
1786276795969 0.8790000081062317 10999
1786276798644 0.8949999809265137 11049
1786276801255 0.8859999775886536 11099
1786276803875 0.8759999871253967 11149
1786276806837 0.9139999747276306 11199
1786276809574 0.8650000095367432 11249
1786276812271 0.8529999852180481 11299
1786276814990 0.890999972820282 11349
1786276817643 0.8870000243186951 11399
1786276820278 0.8809999823570251 11449
1786276822922 0.8880000114440918 11499
1786276825570 0.8880000114440918 11549
1786276828223 0.8730000257492065 11599
1786276830894 0.8349999785423279 11649
1786276833530 0.8579999804496765 11699
1786276836187 0.8339999914169312 11749
1786276838850 0.843999981880188 11799
1786276841514 0.8569999933242798 11849
1786276844169 0.796999990940094 11899
1786276846881 0.8550000190734863 11949
1786276849573 0.8510000109672546 11999
1786276852200 0.8820000290870667 12049
1786276854860 0.8859999775886536 12099
1786276857507 0.8560000061988831 12149
1786276860169 0.8130000233650208 12199
1786276862823 0.8349999785423279 12249
1786276865538 0.8650000095367432 12299
1786276868163 0.8270000219345093 12349
1786276870801 0.8479999899864197 12399
1786276873431 0.8690000176429749 12449
1786276876091 0.8370000123977661 12499
1786276878745 0.8820000290870667 12549
1786276881421 0.8550000190734863 12599
1786276884115 0.828000009059906 12649
1786276886738 0.7940000295639038 12699
1786276889379 0.8320000171661377 12749
1786276892475 0.7770000100135803 12799
1786276895283 0.8410000205039978 12849
1786276898009 0.8859999775886536 12899
1786276900654 0.828000009059906 12949
1786276903268 0.8399999737739563 12999
1786276905896 0.8479999899864197 13049
1786276908583 0.8159999847412109 13099
1786276911258 0.8600000143051147 13149
1786276913908 0.8629999756813049 13199
1786276916540 0.871999979019165 13249
1786276919180 0.8569999933242798 13299
1786276921791 0.8370000123977661 13349
1786276924401 0.8830000162124634 13399
1786276927038 0.8130000233650208 13449
1786276929701 0.8450000286102295 13499
1786276932324 0.8309999704360962 13549
1786276934916 0.8450000286102295 13599
1786276937565 0.8289999961853027 13649
1786276940197 0.8539999723434448 13699
1786276942835 0.8230000138282776 13749
1786276945459 0.8560000061988831 13799
1786276948059 0.8600000143051147 13849
1786276950765 0.8029999732971191 13899
1786276953405 0.8259999752044678 13949
1786276956010 0.8240000009536743 13999
1786276958680 0.8460000157356262 14049
1786276961322 0.8820000290870667 14099
1786276963933 0.8309999704360962 14149
1786276966594 0.8080000281333923 14199
1786276969259 0.8640000224113464 14249
1786276971903 0.8309999704360962 14299
1786276974536 0.8159999847412109 14349
1786276977465 0.8240000009536743 14399
1786276980120 0.7870000004768372 14449
1786276982790 0.8169999718666077 14499
1786276985475 0.8420000076293945 14549
1786276988099 0.8519999980926514 14599
1786276990711 0.8289999961853027 14649
1786276993326 0.8230000138282776 14699
1786276995965 0.8450000286102295 14749
1786276998632 0.8080000281333923 14799
1786277001323 0.9039999842643738 14849
1786277003977 0.8130000233650208 14899
1786277006573 0.8600000143051147 14949
1786277009165 0.8240000009536743 14999
1786277011779 0.8450000286102295 15049
1786277014382 0.8629999756813049 15099
1786277017003 0.8489999771118164 15149
1786277019664 0.8159999847412109 15199
1786277022353 0.8740000128746033 15249
1786277024948 0.8629999756813049 15299
1786277027556 0.8679999709129333 15349
1786277030228 0.871999979019165 15399
1786277032852 0.8970000147819519 15449
1786277035481 0.8519999980926514 15499
1786277038150 0.8730000257492065 15549
1786277040764 0.8140000104904175 15599
1786277043419 0.8259999752044678 15649
1786277046054 0.8450000286102295 15699
1786277048769 0.890999972820282 15749
1786277051391 0.824999988079071 15799
1786277053954 0.8569999933242798 15849
1786277056620 0.8230000138282776 15899
1786277059236 0.8109999895095825 15949
1786277062342 0.8479999899864197 15999
1786277064968 0.8730000257492065 16049
1786277067614 0.8679999709129333 16099
1786277070236 0.8619999885559082 16149
1786277072886 0.8569999933242798 16199
1786277075520 0.8830000162124634 16249
1786277078183 0.8420000076293945 16299
1786277080810 0.8500000238418579 16349
1786277083444 0.8410000205039978 16399
1786277086083 0.8399999737739563 16449
1786277088688 0.8849999904632568 16499
1786277091310 0.8690000176429749 16549
1786277093982 0.8410000205039978 16599
1786277096650 0.8859999775886536 16649
1786277099335 0.8659999966621399 16699
1786277102013 0.8379999995231628 16749
1786277104636 0.8349999785423279 16799
1786277107272 0.8629999756813049 16849
1786277109982 0.8429999947547913 16899
1786277112636 0.8389999866485596 16949
1786277115279 0.8679999709129333 16999
1786277117913 0.8560000061988831 17049
1786277120549 0.8840000033378601 17099
1786277123209 0.8569999933242798 17149
1786277125853 0.8809999823570251 17199
1786277128477 0.8769999742507935 17249
1786277131136 0.8679999709129333 17299
1786277133715 0.871999979019165 17349
1786277136356 0.8510000109672546 17399
1786277138966 0.875 17449
1786277141628 0.8840000033378601 17499
1786277144316 0.8510000109672546 17549
1786277147294 0.8479999899864197 17599
1786277149912 0.8640000224113464 17649
1786277152537 0.8579999804496765 17699
1786277155158 0.890999972820282 17749
1786277157824 0.8479999899864197 17799
1786277160431 0.8889999985694885 17849
1786277163082 0.8849999904632568 17899
1786277165777 0.828000009059906 17949
1786277168367 0.8799999952316284 17999
1786277170981 0.8690000176429749 18049
1786277173632 0.8560000061988831 18099
1786277176330 0.8550000190734863 18149
1786277178973 0.8529999852180481 18199
1786277181613 0.8569999933242798 18249
1786277184202 0.8709999918937683 18299
1786277186836 0.8529999852180481 18349
1786277189473 0.8539999723434448 18399
1786277192075 0.8349999785423279 18449
1786277194703 0.8140000104904175 18499
1786277197334 0.8339999914169312 18549
1786277199975 0.8529999852180481 18599
1786277202635 0.8379999995231628 18649
1786277205315 0.847000002861023 18699
1786277207952 0.8849999904632568 18749
1786277210623 0.8529999852180481 18799
1786277213316 0.875 18849
1786277215970 0.8500000238418579 18899
1786277218607 0.878000020980835 18949
1786277221228 0.8730000257492065 18999
1786277223912 0.8640000224113464 19049
1786277226577 0.8930000066757202 19099
1786277229224 0.8669999837875366 19149
1786277288627 0.8370000123977661 19199
1786277291280 0.8669999837875366 19249
1786277293914 0.8349999785423279 19299
1786277296513 0.859000027179718 19349
1786277299139 0.8970000147819519 19399
1786277301748 0.8610000014305115 19449
1786277304466 0.8650000095367432 19499
1786277307109 0.8339999914169312 19549
1786277309737 0.8410000205039978 19599
1786277312367 0.8650000095367432 19649
1786277315030 0.8489999771118164 19699
1786277317647 0.8790000081062317 19749
1786277320340 0.8679999709129333 19799
1786277322998 0.871999979019165 19849
1786277325637 0.8619999885559082 19899
1786277328302 0.8899999856948853 19949
1786277330889 0.8740000128746033 19999
1786277333529 0.878000020980835 20049
1786277336195 0.8640000224113464 20099
1786277338959 0.8479999899864197 20149
1786277341638 0.8650000095367432 20199
1786277344266 0.8949999809265137 20249
1786277346901 0.8730000257492065 20299
1786277349617 0.8889999985694885 20349
1786277352340 0.8510000109672546 20399
1786277355011 0.8939999938011169 20449
1786277357615 0.7979999780654907 20499
1786277360191 0.8349999785423279 20549
1786277362836 0.8709999918937683 20599
1786277365472 0.8769999742507935 20649
1786277368150 0.8830000162124634 20699
1786277371103 0.8690000176429749 20749
1786277373727 0.8740000128746033 20799
1786277376331 0.8420000076293945 20849
1786277378969 0.8709999918937683 20899
1786277381660 0.8259999752044678 20949
1786277384301 0.8500000238418579 20999
1786277386939 0.8790000081062317 21049
1786277389564 0.8669999837875366 21099
1786277392176 0.9049999713897705 21149
1786277394816 0.8309999704360962 21199
1786277397496 0.8740000128746033 21249
1786277400187 0.8389999866485596 21299
1786277402859 0.8809999823570251 21349
1786277405501 0.8610000014305115 21399
1786277408132 0.8289999961853027 21449
1786277410720 0.8600000143051147 21499
1786277413351 0.8820000290870667 21549
1786277416003 0.859000027179718 21599
1786277418659 0.8809999823570251 21649
1786277421297 0.8610000014305115 21699
1786277423952 0.9010000228881836 21749
1786277426577 0.8339999914169312 21799
1786277429181 0.8379999995231628 21849
1786277431820 0.8669999837875366 21899
1786277434507 0.8709999918937683 21949
1786277437120 0.8320000171661377 21999
1786277439723 0.8119999766349792 22049
1786277442320 0.8669999837875366 22099
1786277444965 0.8560000061988831 22149
1786277447636 0.8450000286102295 22199
1786277450275 0.8820000290870667 22249
1786277452893 0.8550000190734863 22299
1786277455813 0.8930000066757202 22349
1786277458434 0.8489999771118164 22399
1786277461063 0.8849999904632568 22449
1786277463709 0.8569999933242798 22499
1786277466338 0.8560000061988831 22549
1786277468972 0.8700000047683716 22599
1786277471588 0.921999990940094 22649
1786277474230 0.843999981880188 22699
1786277476822 0.8539999723434448 22749
1786277479432 0.8659999966621399 22799
1786277482061 0.8840000033378601 22849
1786277484674 0.8679999709129333 22899
1786277487303 0.8889999985694885 22949
1786277489927 0.875 22999
1786277492625 0.8690000176429749 23049
1786277495301 0.8320000171661377 23099
1786277497939 0.8880000114440918 23149
1786277500595 0.8669999837875366 23199
1786277503199 0.8960000276565552 23249
1786277505805 0.8519999980926514 23299
1786277508438 0.8489999771118164 23349
1786277511092 0.8690000176429749 23399
1786277513719 0.8700000047683716 23449
1786277516363 0.8399999737739563 23499
1786277519048 0.9070000052452087 23549
1786277521665 0.8880000114440918 23599
1786277524308 0.8980000019073486 23649
1786277527001 0.8429999947547913 23699
1786277529600 0.8889999985694885 23749
1786277532212 0.8669999837875366 23799
1786277534831 0.8560000061988831 23849
1786277537528 0.8949999809265137 23899
1786277540527 0.8650000095367432 23949
1786277543185 0.828000009059906 23999
1786277545789 0.8510000109672546 24049
1786277548443 0.7749999761581421 24099
1786277551067 0.8740000128746033 24149
1786277553707 0.8669999837875366 24199
1786277556355 0.8790000081062317 24249
1786277558995 0.8579999804496765 24299
1786277561631 0.8610000014305115 24349
1786277564250 0.8619999885559082 24399
1786277566903 0.8700000047683716 24449
1786277569565 0.8870000243186951 24499
1786277572256 0.8629999756813049 24549
1786277574910 0.8730000257492065 24599
1786277577539 0.8769999742507935 24649
1786277580191 0.8399999737739563 24699
1786277582851 0.8180000185966492 24749
1786277585504 0.8690000176429749 24799
1786277588134 0.859000027179718 24849
1786277590796 0.8709999918937683 24899
1786277593442 0.8289999961853027 24949
1786277596076 0.859000027179718 24999
1786277598787 0.8889999985694885 25049
1786277601434 0.8539999723434448 25099
1786277604106 0.8569999933242798 25149
1786277606714 0.8270000219345093 25199
1786277609329 0.8790000081062317 25249
1786277611992 0.8489999771118164 25299
1786277614712 0.8519999980926514 25349
1786277617362 0.8989999890327454 25399
1786277620011 0.8629999756813049 25449
1786277622686 0.8090000152587891 25499
1786277625665 0.9010000228881836 25549
1786277628308 0.8379999995231628 25599
1786277630958 0.8479999899864197 25649
1786277633605 0.8820000290870667 25699
1786277636269 0.8659999966621399 25749
1786277638952 0.8709999918937683 25799
1786277641574 0.8790000081062317 25849
1786277644204 0.8949999809265137 25899
1786277646868 0.8889999985694885 25949
1786277649474 0.8529999852180481 25999
1786277652122 0.8849999904632568 26049
1786277654753 0.8759999871253967 26099
1786277657360 0.8629999756813049 26149
1786277660001 0.8579999804496765 26199
1786277662641 0.8529999852180481 26249
1786277665333 0.8679999709129333 26299
1786277667944 0.8510000109672546 26349
1786277670555 0.8650000095367432 26399
1786277673173 0.871999979019165 26449
1786277675780 0.8619999885559082 26499
1786277678395 0.8690000176429749 26549
1786277681059 0.8410000205039978 26599
1786277683706 0.8999999761581421 26649
1786277686420 0.8949999809265137 26699
1786277689057 0.8880000114440918 26749
1786277691689 0.8450000286102295 26799
1786277694318 0.8700000047683716 26849
1786277697011 0.8650000095367432 26899
1786277699659 0.8759999871253967 26949
1786277702262 0.8849999904632568 26999
1786277704898 0.8600000143051147 27049
1786277707526 0.8679999709129333 27099
1786277710476 0.8629999756813049 27149
1786277713099 0.828000009059906 27199
1786277715702 0.8619999885559082 27249
1786277718344 0.8100000023841858 27299
1786277720984 0.890999972820282 27349
1786277723647 0.8429999947547913 27399
1786277726398 0.8330000042915344 27449
1786277729118 0.8899999856948853 27499
1786277731830 0.8840000033378601 27549
1786277734493 0.8629999756813049 27599
1786277737161 0.8539999723434448 27649
1786277739807 0.8859999775886536 27699
1786277742480 0.8640000224113464 27749
1786277745167 0.8700000047683716 27799
1786277747893 0.8730000257492065 27849
1786277750559 0.8709999918937683 27899
1786277753225 0.843999981880188 27949
1786277755947 0.8270000219345093 27999
1786277758666 0.8579999804496765 28049
1786277761394 0.8040000200271606 28099
1786277764078 0.8529999852180481 28149
1786277766744 0.8629999756813049 28199
1786277769460 0.8569999933242798 28249
1786277772096 0.8320000171661377 28299
1786277774768 0.8790000081062317 28349
1786277777462 0.8650000095367432 28399
1786277780141 0.8569999933242798 28449
1786277782884 0.8420000076293945 28499
1786277785591 0.8669999837875366 28549
1786277788270 0.8790000081062317 28599
1786277791001 0.8889999985694885 28649
1786277793645 0.8790000081062317 28699
