1786276073843 22.0 49
1786276077833 22.0 99
1786276082249 23.0 149
1786276086444 25.0 199
1786276089913 23.0 249
1786276093687 21.0 299
1786276097893 24.0 349
1786276102045 25.0 399
1786276105623 39.0 449
1786276109153 42.0 499
1786276112803 61.0 549
1786276116877 62.0 599
1786276120837 79.0 649
1786276124617 86.0 699
1786276128318 99.0 749
1786276132186 112.0 799
1786276136304 131.0 849
1786276140267 142.0 899
1786276143985 179.0 949
1786276147679 205.0 999
1786276151539 207.0 1049
1786276155677 240.0 1099
1786276159437 247.0 1149
1786276162910 279.0 1199
1786276166264 364.0 1249
1786276170274 429.0 1299
1786276174149 453.0 1349
1786276177687 534.0 1399
1786276180896 576.0 1449
1786276184159 582.0 1499
1786276187794 620.0 1549
1786276191858 626.0 1599
1786276195128 630.0 1649
1786276198153 691.0 1699
1786276201235 688.0 1749
1786276204623 730.0 1799
1786276208109 737.0 1849
1786276211463 739.0 1899
1786276214718 752.0 1949
1786276217996 765.0 1999
1786276221415 794.0 2049
1786276225007 784.0 2099
1786276228502 761.0 2149
1786276231817 719.0 2199
1786276235093 754.0 2249
1786276238532 755.0 2299
1786276242195 730.0 2349
1786276245779 751.0 2399
1786276249212 771.0 2449
1786276252508 797.0 2499
1786276255700 760.0 2549
1786276259139 776.0 2599
1786276262835 772.0 2649
1786276266577 747.0 2699
1786276270060 743.0 2749
1786276273159 802.0 2799
1786276276488 772.0 2849
1786276280147 773.0 2899
1786276283888 759.0 2949
1786276287262 747.0 2999
1786276290299 804.0 3049
1786276293463 790.0 3099
1786276296762 810.0 3149
1786276300441 821.0 3199
1786276303711 817.0 3249
1786276307174 822.0 3299
1786276310437 811.0 3349
1786276313725 809.0 3399
1786276317254 794.0 3449
1786276321032 851.0 3499
1786276324468 822.0 3549
1786276327824 828.0 3599
1786276331026 826.0 3649
1786276334359 846.0 3699
1786276337596 763.0 3749
1786276340659 817.0 3799
1786276343616 851.0 3849
1786276346449 825.0 3899
1786276349426 844.0 3949
1786276352602 837.0 3999
1786276355863 825.0 4049
1786276358889 880.0 4099
1786276361738 856.0 4149
1786276364634 885.0 4199
1786276367801 813.0 4249
1786276371097 872.0 4299
1786276374155 830.0 4349
1786276376948 861.0 4399
1786276379781 879.0 4449
1786276382648 875.0 4499
1786276385645 875.0 4549
1786276388772 877.0 4599
1786276391727 889.0 4649
1786276394622 867.0 4699
1786276397527 855.0 4749
1786276400765 885.0 4799
1786276403832 859.0 4849
1786276406875 890.0 4899
1786276409798 898.0 4949
1786276412795 880.0 4999
1786276415788 841.0 5049
1786276418958 870.0 5099
1786276422047 894.0 5149
1786276424955 879.0 5199
1786276427782 903.0 5249
1786276430754 899.0 5299
1786276433927 849.0 5349
1786276437166 882.0 5399
1786276440267 886.0 5449
1786276443161 848.0 5499
1786276446056 902.0 5549
1786276449179 914.0 5599
1786276452417 887.0 5649
1786276455525 880.0 5699
1786276458384 917.0 5749
1786276461145 887.0 5799
1786276464006 882.0 5849
1786276466848 883.0 5899
1786276469672 902.0 5949
1786276472460 900.0 5999
1786276475258 905.0 6049
1786276478015 896.0 6099
1786276480761 893.0 6149
1786276483556 891.0 6199
1786276486291 889.0 6249
1786276488989 881.0 6299
1786276491659 883.0 6349
1786276494610 906.0 6399
1786276497261 897.0 6449
1786276499900 865.0 6499
1786276502516 897.0 6549
1786276505144 867.0 6599
1786276507778 891.0 6649
1786276510424 896.0 6699
1786276513100 895.0 6749
1786276515749 898.0 6799
1786276518347 894.0 6849
1786276521021 885.0 6899
1786276523619 890.0 6949
1786276526249 857.0 6999
1786276528897 891.0 7049
1786276531594 892.0 7099
1786276534233 892.0 7149
1786276536816 881.0 7199
1786276539434 852.0 7249
1786276542058 891.0 7299
1786276544686 873.0 7349
1786276547298 908.0 7399
1786276549896 875.0 7449
1786276552525 908.0 7499
1786276555218 879.0 7549
1786276557838 842.0 7599
1786276560502 879.0 7649
1786276563115 882.0 7699
1786276565760 912.0 7749
1786276568387 909.0 7799
1786276571024 905.0 7849
1786276573645 870.0 7899
1786276576281 904.0 7949
1786276579211 903.0 7999
1786276581836 874.0 8049
1786276584466 900.0 8099
1786276587104 911.0 8149
1786276589713 899.0 8199
1786276592358 898.0 8249
1786276594966 911.0 8299
1786276597588 899.0 8349
1786276600246 900.0 8399
1786276602864 888.0 8449
1786276605499 867.0 8499
1786276608112 917.0 8549
1786276610775 880.0 8599
1786276613353 872.0 8649
1786276615971 886.0 8699
1786276618586 911.0 8749
1786276621192 897.0 8799
1786276623846 922.0 8849
1786276626501 903.0 8899
1786276629126 903.0 8949
1786276631729 895.0 8999
1786276634392 886.0 9049
1786276637006 887.0 9099
1786276639621 898.0 9149
1786276642240 900.0 9199
1786276644884 889.0 9249
1786276647503 883.0 9299
1786276650189 906.0 9349
1786276652863 906.0 9399
1786276655478 891.0 9449
1786276658171 891.0 9499
1786276660799 843.0 9549
1786276721010 899.0 9599
1786276723647 908.0 9649
1786276726307 890.0 9699
1786276728977 898.0 9749
1786276731720 912.0 9799
1786276734392 881.0 9849
1786276737017 918.0 9899
1786276739626 924.0 9949
1786276742288 904.0 9999
1786276744979 898.0 10049
1786276747635 887.0 10099
1786276750331 857.0 10149
1786276753001 888.0 10199
1786276755624 900.0 10249
1786276758263 905.0 10299
1786276761017 859.0 10349
1786276763803 890.0 10399
1786276766522 870.0 10449
1786276769227 883.0 10499
1786276771878 880.0 10549
1786276774534 895.0 10599
1786276777206 865.0 10649
1786276779908 871.0 10699
1786276782580 888.0 10749
1786276785298 896.0 10799
1786276787966 886.0 10849
1786276790600 871.0 10899
1786276793294 871.0 10949
1786276795969 879.0 10999
1786276798644 895.0 11049
1786276801255 886.0 11099
1786276803875 876.0 11149
1786276806837 914.0 11199
1786276809574 865.0 11249
1786276812271 853.0 11299
1786276814990 891.0 11349
1786276817643 887.0 11399
1786276820278 881.0 11449
1786276822922 888.0 11499
1786276825570 888.0 11549
1786276828223 873.0 11599
1786276830894 835.0 11649
1786276833530 858.0 11699
1786276836187 834.0 11749
1786276838850 844.0 11799
1786276841514 857.0 11849
1786276844169 797.0 11899
1786276846881 855.0 11949
1786276849573 851.0 11999
1786276852200 882.0 12049
1786276854860 886.0 12099
1786276857507 856.0 12149
1786276860169 813.0 12199
1786276862823 835.0 12249
1786276865538 865.0 12299
1786276868163 827.0 12349
1786276870801 848.0 12399
1786276873431 869.0 12449
1786276876091 837.0 12499
1786276878745 882.0 12549
1786276881421 855.0 12599
1786276884115 828.0 12649
1786276886738 794.0 12699
1786276889379 832.0 12749
1786276892475 777.0 12799
1786276895283 841.0 12849
1786276898009 886.0 12899
1786276900654 828.0 12949
1786276903268 840.0 12999
1786276905896 848.0 13049
1786276908583 816.0 13099
1786276911258 860.0 13149
1786276913908 863.0 13199
1786276916540 872.0 13249
1786276919180 857.0 13299
1786276921791 837.0 13349
1786276924401 883.0 13399
1786276927038 813.0 13449
1786276929701 845.0 13499
1786276932324 831.0 13549
1786276934916 845.0 13599
1786276937565 829.0 13649
1786276940197 854.0 13699
1786276942835 823.0 13749
1786276945459 856.0 13799
1786276948059 860.0 13849
1786276950765 803.0 13899
1786276953405 826.0 13949
1786276956010 824.0 13999
1786276958680 846.0 14049
1786276961322 882.0 14099
1786276963933 831.0 14149
1786276966594 808.0 14199
1786276969259 864.0 14249
1786276971903 831.0 14299
1786276974536 816.0 14349
1786276977465 824.0 14399
1786276980120 787.0 14449
1786276982790 817.0 14499
1786276985475 842.0 14549
1786276988099 852.0 14599
1786276990711 829.0 14649
1786276993326 823.0 14699
1786276995965 845.0 14749
1786276998632 808.0 14799
1786277001323 904.0 14849
1786277003977 813.0 14899
1786277006573 860.0 14949
1786277009165 824.0 14999
1786277011779 845.0 15049
1786277014382 863.0 15099
1786277017003 849.0 15149
1786277019664 816.0 15199
1786277022353 874.0 15249
1786277024948 863.0 15299
1786277027556 868.0 15349
1786277030228 872.0 15399
1786277032852 897.0 15449
1786277035481 852.0 15499
1786277038150 873.0 15549
1786277040764 814.0 15599
1786277043419 826.0 15649
1786277046054 845.0 15699
1786277048769 891.0 15749
1786277051391 825.0 15799
1786277053954 857.0 15849
1786277056620 823.0 15899
1786277059236 811.0 15949
1786277062342 848.0 15999
1786277064968 873.0 16049
1786277067614 868.0 16099
1786277070236 862.0 16149
1786277072886 857.0 16199
1786277075520 883.0 16249
1786277078183 842.0 16299
1786277080810 850.0 16349
1786277083444 841.0 16399
1786277086083 840.0 16449
1786277088688 885.0 16499
1786277091310 869.0 16549
1786277093982 841.0 16599
1786277096650 886.0 16649
1786277099335 866.0 16699
1786277102013 838.0 16749
1786277104636 835.0 16799
1786277107272 863.0 16849
1786277109982 843.0 16899
1786277112636 839.0 16949
1786277115279 868.0 16999
1786277117913 856.0 17049
1786277120549 884.0 17099
1786277123209 857.0 17149
1786277125853 881.0 17199
1786277128477 877.0 17249
1786277131136 868.0 17299
1786277133715 872.0 17349
1786277136356 851.0 17399
1786277138966 875.0 17449
1786277141628 884.0 17499
1786277144316 851.0 17549
1786277147294 848.0 17599
1786277149912 864.0 17649
1786277152537 858.0 17699
1786277155158 891.0 17749
1786277157824 848.0 17799
1786277160431 889.0 17849
1786277163082 885.0 17899
1786277165777 828.0 17949
1786277168367 880.0 17999
1786277170981 869.0 18049
1786277173632 856.0 18099
1786277176330 855.0 18149
1786277178973 853.0 18199
1786277181613 857.0 18249
1786277184202 871.0 18299
1786277186836 853.0 18349
1786277189473 854.0 18399
1786277192075 835.0 18449
1786277194703 814.0 18499
1786277197334 834.0 18549
1786277199975 853.0 18599
1786277202635 838.0 18649
1786277205315 847.0 18699
1786277207952 885.0 18749
1786277210623 853.0 18799
1786277213316 875.0 18849
1786277215970 850.0 18899
1786277218607 878.0 18949
1786277221228 873.0 18999
1786277223912 864.0 19049
1786277226577 893.0 19099
1786277229224 867.0 19149
1786277288627 837.0 19199
1786277291280 867.0 19249
1786277293914 835.0 19299
1786277296513 859.0 19349
1786277299139 897.0 19399
1786277301748 861.0 19449
1786277304466 865.0 19499
1786277307109 834.0 19549
1786277309737 841.0 19599
1786277312367 865.0 19649
1786277315030 849.0 19699
1786277317647 879.0 19749
1786277320340 868.0 19799
1786277322998 872.0 19849
1786277325637 862.0 19899
1786277328302 890.0 19949
1786277330889 874.0 19999
1786277333529 878.0 20049
1786277336195 864.0 20099
1786277338959 848.0 20149
1786277341638 865.0 20199
1786277344266 895.0 20249
1786277346901 873.0 20299
1786277349617 889.0 20349
1786277352340 851.0 20399
1786277355011 894.0 20449
1786277357615 798.0 20499
1786277360191 835.0 20549
1786277362836 871.0 20599
1786277365472 877.0 20649
1786277368150 883.0 20699
1786277371103 869.0 20749
1786277373727 874.0 20799
1786277376331 842.0 20849
1786277378969 871.0 20899
1786277381660 826.0 20949
1786277384301 850.0 20999
1786277386939 879.0 21049
1786277389564 867.0 21099
1786277392176 905.0 21149
1786277394816 831.0 21199
1786277397496 874.0 21249
1786277400187 839.0 21299
1786277402859 881.0 21349
1786277405501 861.0 21399
1786277408132 829.0 21449
1786277410720 860.0 21499
1786277413351 882.0 21549
1786277416003 859.0 21599
1786277418659 881.0 21649
1786277421297 861.0 21699
1786277423952 901.0 21749
1786277426577 834.0 21799
1786277429181 838.0 21849
1786277431820 867.0 21899
1786277434507 871.0 21949
1786277437120 832.0 21999
1786277439723 812.0 22049
1786277442320 867.0 22099
1786277444965 856.0 22149
1786277447636 845.0 22199
1786277450275 882.0 22249
1786277452893 855.0 22299
1786277455813 893.0 22349
1786277458434 849.0 22399
1786277461063 885.0 22449
1786277463709 857.0 22499
1786277466338 856.0 22549
1786277468972 870.0 22599
1786277471588 922.0 22649
1786277474230 844.0 22699
1786277476822 854.0 22749
1786277479432 866.0 22799
1786277482061 884.0 22849
1786277484674 868.0 22899
1786277487303 889.0 22949
1786277489927 875.0 22999
1786277492625 869.0 23049
1786277495301 832.0 23099
1786277497939 888.0 23149
1786277500595 867.0 23199
1786277503199 896.0 23249
1786277505805 852.0 23299
1786277508438 849.0 23349
1786277511092 869.0 23399
1786277513719 870.0 23449
1786277516363 840.0 23499
1786277519048 907.0 23549
1786277521665 888.0 23599
1786277524308 898.0 23649
1786277527001 843.0 23699
1786277529600 889.0 23749
1786277532212 867.0 23799
1786277534831 856.0 23849
1786277537528 895.0 23899
1786277540527 865.0 23949
1786277543185 828.0 23999
1786277545789 851.0 24049
1786277548443 775.0 24099
1786277551067 874.0 24149
1786277553707 867.0 24199
1786277556355 879.0 24249
1786277558995 858.0 24299
1786277561631 861.0 24349
1786277564250 862.0 24399
1786277566903 870.0 24449
1786277569565 887.0 24499
1786277572256 863.0 24549
1786277574910 873.0 24599
1786277577539 877.0 24649
1786277580191 840.0 24699
1786277582851 818.0 24749
1786277585504 869.0 24799
1786277588134 859.0 24849
1786277590796 871.0 24899
1786277593442 829.0 24949
1786277596076 859.0 24999
1786277598787 889.0 25049
1786277601434 854.0 25099
1786277604106 857.0 25149
1786277606714 827.0 25199
1786277609329 879.0 25249
1786277611992 849.0 25299
1786277614712 852.0 25349
1786277617362 899.0 25399
1786277620011 863.0 25449
1786277622686 809.0 25499
1786277625665 901.0 25549
1786277628308 838.0 25599
1786277630958 848.0 25649
1786277633605 882.0 25699
1786277636269 866.0 25749
1786277638952 871.0 25799
1786277641574 879.0 25849
1786277644204 895.0 25899
1786277646868 889.0 25949
1786277649474 853.0 25999
1786277652122 885.0 26049
1786277654753 876.0 26099
1786277657360 863.0 26149
1786277660001 858.0 26199
1786277662641 853.0 26249
1786277665333 868.0 26299
1786277667944 851.0 26349
1786277670555 865.0 26399
1786277673173 872.0 26449
1786277675780 862.0 26499
1786277678395 869.0 26549
1786277681059 841.0 26599
1786277683706 900.0 26649
1786277686420 895.0 26699
1786277689057 888.0 26749
1786277691689 845.0 26799
1786277694318 870.0 26849
1786277697011 865.0 26899
1786277699659 876.0 26949
1786277702262 885.0 26999
1786277704898 860.0 27049
1786277707526 868.0 27099
1786277710476 863.0 27149
1786277713099 828.0 27199
1786277715702 862.0 27249
1786277718344 810.0 27299
1786277720984 891.0 27349
1786277723647 843.0 27399
1786277726398 833.0 27449
1786277729118 890.0 27499
1786277731830 884.0 27549
1786277734493 863.0 27599
1786277737161 854.0 27649
1786277739807 886.0 27699
1786277742480 864.0 27749
1786277745167 870.0 27799
1786277747893 873.0 27849
1786277750559 871.0 27899
1786277753225 844.0 27949
1786277755947 827.0 27999
1786277758666 858.0 28049
1786277761394 804.0 28099
1786277764078 853.0 28149
1786277766744 863.0 28199
1786277769460 857.0 28249
1786277772096 832.0 28299
1786277774768 879.0 28349
1786277777462 865.0 28399
1786277780141 857.0 28449
1786277782884 842.0 28499
1786277785591 867.0 28549
1786277788270 879.0 28599
1786277791001 889.0 28649
1786277793645 879.0 28699
