1786276073843 -0.4026430547237396 49
1786276077833 -0.4454549252986908 99
1786276082249 -0.4917422831058502 149
1786276086444 -0.5180007815361023 199
1786276089913 -0.5463002920150757 249
1786276093687 -0.5731788277626038 299
1786276097893 -0.595249354839325 349
1786276102045 -0.610905647277832 399
1786276105623 -0.6256340146064758 449
1786276109153 -0.6475532054901123 499
1786276112803 -0.6659377813339233 549
1786276116877 -0.7068020701408386 599
1786276120837 -0.7330210208892822 649
1786276124617 -0.7559710741043091 699
1786276128318 -0.7824109196662903 749
1786276132186 -0.8017745614051819 799
1786276136304 -0.8329985737800598 849
1786276140267 -0.8435667753219604 899
1786276143985 -0.8533242344856262 949
1786276147679 -0.885238528251648 999
1786276151539 -0.8917505741119385 1049
1786276155677 -0.8989376425743103 1099
1786276159437 -0.9008122086524963 1149
1786276162910 -0.9097524285316467 1199
1786276166264 -0.9254580140113831 1249
1786276170274 -0.9354432225227356 1299
1786276174149 -0.9346356987953186 1349
1786276177687 -0.9419606328010559 1399
1786276180896 -0.949002206325531 1449
1786276184159 -0.9555739760398865 1499
1786276187794 -0.955291748046875 1549
1786276191858 -0.9622700810432434 1599
1786276195128 -0.9461553692817688 1649
1786276198153 -0.9591819643974304 1699
1786276201235 -0.9602684378623962 1749
1786276204623 -0.955963671207428 1799
1786276208109 -0.9642841219902039 1849
1786276211463 -0.9597992300987244 1899
1786276214718 -0.9605488777160645 1949
1786276217996 -0.9621235132217407 1999
1786276221415 -0.9590359330177307 2049
1786276225007 -0.9596039652824402 2099
1786276228502 -0.9532210826873779 2149
1786276231817 -0.9349890947341919 2199
1786276235093 -0.9482842087745667 2249
1786276238532 -0.9596929550170898 2299
1786276242195 -0.9567139148712158 2349
1786276245779 -0.9575456976890564 2399
1786276249212 -0.9489758610725403 2449
1786276252508 -0.9574702978134155 2499
1786276255700 -0.9686471819877625 2549
1786276259139 -0.960567831993103 2599
1786276262835 -0.9616554379463196 2649
1786276266577 -0.9496995806694031 2699
1786276270060 -0.9609681963920593 2749
1786276273159 -0.9618188738822937 2799
1786276276488 -0.9494261145591736 2849
1786276280147 -0.9567289352416992 2899
1786276283888 -0.9544714093208313 2949
1786276287262 -0.956582248210907 2999
1786276290299 -0.9583799839019775 3049
1786276293463 -0.9621188640594482 3099
1786276296762 -0.9611921310424805 3149
1786276300441 -0.9609723687171936 3199
1786276303711 -0.9639456272125244 3249
1786276307174 -0.958746612071991 3299
1786276310437 -0.9641457200050354 3349
1786276313725 -0.9659034013748169 3399
1786276317254 -0.954349935054779 3449
1786276321032 -0.9605135321617126 3499
1786276324468 -0.9594435691833496 3549
1786276327824 -0.9687182307243347 3599
1786276331026 -0.9610716700553894 3649
1786276334359 -0.9666376709938049 3699
1786276337596 -0.9617223739624023 3749
1786276340659 -0.9599480628967285 3799
1786276343616 -0.9664031267166138 3849
1786276346449 -0.9612523913383484 3899
1786276349426 -0.9602929949760437 3949
1786276352602 -0.9669287204742432 3999
1786276355863 -0.9665660262107849 4049
1786276358889 -0.9603651762008667 4099
1786276361738 -0.9739556312561035 4149
1786276364634 -0.9689138531684875 4199
1786276367801 -0.9706927537918091 4249
1786276371097 -0.9602228403091431 4299
1786276374155 -0.9636706709861755 4349
1786276376948 -0.968682587146759 4399
1786276379781 -0.9704972505569458 4449
1786276382648 -0.968295693397522 4499
1786276385645 -0.972633421421051 4549
1786276388772 -0.9715455174446106 4599
1786276391727 -0.9729233384132385 4649
1786276394622 -0.9729053378105164 4699
1786276397527 -0.973728597164154 4749
1786276400765 -0.9751298427581787 4799
1786276403832 -0.9526059031486511 4849
1786276406875 -0.969568133354187 4899
1786276409798 -0.9671540260314941 4949
1786276412795 -0.972732663154602 4999
1786276415788 -0.9533271193504333 5049
1786276418958 -0.9716904759407043 5099
1786276422047 -0.9743396043777466 5149
1786276424955 -0.9772937297821045 5199
1786276427782 -0.9740635752677917 5249
1786276430754 -0.9754180908203125 5299
1786276433927 -0.949833333492279 5349
1786276437166 -0.9664968848228455 5399
1786276440267 -0.9789010286331177 5449
1786276443161 -0.9561855792999268 5499
1786276446056 -0.9735856056213379 5549
1786276449179 -0.9725243449211121 5599
1786276452417 -0.9755054712295532 5649
1786276455525 -0.9674018621444702 5699
1786276458384 -0.9713790416717529 5749
1786276461145 -0.9742980003356934 5799
1786276464006 -0.9748565554618835 5849
1786276466848 -0.9767366647720337 5899
1786276469672 -0.9787219166755676 5949
1786276472460 -0.9761778116226196 5999
1786276475258 -0.9753680229187012 6049
1786276478015 -0.9750465750694275 6099
1786276480761 -0.9647624492645264 6149
1786276483556 -0.9761311411857605 6199
1786276486291 -0.9764731526374817 6249
1786276488989 -0.9722958207130432 6299
1786276491659 -0.9685508012771606 6349
1786276494610 -0.9801627397537231 6399
1786276497261 -0.9679582715034485 6449
1786276499900 -0.9682075381278992 6499
1786276502516 -0.9753722548484802 6549
1786276505144 -0.9732007384300232 6599
1786276507778 -0.9746401309967041 6649
1786276510424 -0.9710608124732971 6699
1786276513100 -0.9740288257598877 6749
1786276515749 -0.9639588594436646 6799
1786276518347 -0.9687575101852417 6849
1786276521021 -0.9797587394714355 6899
1786276523619 -0.9783225655555725 6949
1786276526249 -0.9644424915313721 6999
1786276528897 -0.9727963209152222 7049
1786276531594 -0.9733000993728638 7099
1786276534233 -0.9676011204719543 7149
1786276536816 -0.9723862409591675 7199
1786276539434 -0.9621028900146484 7249
1786276542058 -0.9698672890663147 7299
1786276544686 -0.9662901759147644 7349
1786276547298 -0.9751806259155273 7399
1786276549896 -0.9707770943641663 7449
1786276552525 -0.9743084907531738 7499
1786276555218 -0.9630082845687866 7549
1786276557838 -0.9705314636230469 7599
1786276560502 -0.9694652557373047 7649
1786276563115 -0.9724978804588318 7699
1786276565760 -0.9711201786994934 7749
1786276568387 -0.9732093214988708 7799
1786276571024 -0.972998857498169 7849
1786276573645 -0.9769780039787292 7899
1786276576281 -0.975967288017273 7949
1786276579211 -0.9753459095954895 7999
1786276581836 -0.9737693667411804 8049
1786276584466 -0.9693735241889954 8099
1786276587104 -0.9797289967536926 8149
1786276589713 -0.969136118888855 8199
1786276592358 -0.9721440076828003 8249
1786276594966 -0.9731051921844482 8299
1786276597588 -0.9707385897636414 8349
1786276600246 -0.9764748811721802 8399
1786276602864 -0.9743435382843018 8449
1786276605499 -0.9612836837768555 8499
1786276608112 -0.9783656597137451 8549
1786276610775 -0.9745903611183167 8599
1786276613353 -0.9722738265991211 8649
1786276615971 -0.9740012288093567 8699
1786276618586 -0.9758332371711731 8749
1786276621192 -0.9707400798797607 8799
1786276623846 -0.9779512882232666 8849
1786276626501 -0.9735883474349976 8899
1786276629126 -0.9685485363006592 8949
1786276631729 -0.9759301543235779 8999
1786276634392 -0.9720054268836975 9049
1786276637006 -0.9748669862747192 9099
1786276639621 -0.971159040927887 9149
1786276642240 -0.978878915309906 9199
1786276644884 -0.9685305953025818 9249
1786276647503 -0.9741688966751099 9299
1786276650189 -0.9797388911247253 9349
1786276652863 -0.9724099040031433 9399
1786276655478 -0.9694978594779968 9449
1786276658171 -0.9737497568130493 9499
1786276660799 -0.9704016447067261 9549
1786276721010 -0.9682127833366394 9599
1786276723647 -0.9707993268966675 9649
1786276726307 -0.972766637802124 9699
1786276728977 -0.9806110858917236 9749
1786276731720 -0.9765830636024475 9799
1786276734392 -0.97659832239151 9849
1786276737017 -0.9751133918762207 9899
1786276739626 -0.9755350947380066 9949
1786276742288 -0.9762350916862488 9999
1786276744979 -0.9744524955749512 10049
1786276747635 -0.9700602889060974 10099
1786276750331 -0.9709115624427795 10149
1786276753001 -0.9738048315048218 10199
1786276755624 -0.969506561756134 10249
1786276758263 -0.9774864315986633 10299
1786276761017 -0.9652506709098816 10349
1786276763803 -0.9717838168144226 10399
1786276766522 -0.9728198647499084 10449
1786276769227 -0.968975841999054 10499
1786276771878 -0.9679045677185059 10549
1786276774534 -0.9683037996292114 10599
1786276777206 -0.9645495414733887 10649
1786276779908 -0.9701296091079712 10699
1786276782580 -0.9657842516899109 10749
1786276785298 -0.9686788320541382 10799
1786276787966 -0.9720116257667542 10849
1786276790600 -0.9662777781486511 10899
1786276793294 -0.9670339226722717 10949
1786276795969 -0.967738687992096 10999
1786276798644 -0.9732957482337952 11049
1786276801255 -0.9745001196861267 11099
1786276803875 -0.9713013172149658 11149
1786276806837 -0.9756819009780884 11199
1786276809574 -0.969479501247406 11249
1786276812271 -0.9679821729660034 11299
1786276814990 -0.9729734659194946 11349
1786276817643 -0.9602354168891907 11399
1786276820278 -0.9713642001152039 11449
1786276822922 -0.9564504027366638 11499
1786276825570 -0.9566727876663208 11549
1786276828223 -0.9661576747894287 11599
1786276830894 -0.9607954621315002 11649
1786276833530 -0.963463306427002 11699
1786276836187 -0.9562023282051086 11749
1786276838850 -0.9606782793998718 11799
1786276841514 -0.9609845280647278 11849
1786276844169 -0.9646856784820557 11899
1786276846881 -0.9629835486412048 11949
1786276849573 -0.961959183216095 11999
1786276852200 -0.96666020154953 12049
1786276854860 -0.9630364179611206 12099
1786276857507 -0.9657514691352844 12149
1786276860169 -0.9593374133110046 12199
1786276862823 -0.9627501368522644 12249
1786276865538 -0.9650704264640808 12299
1786276868163 -0.966323733329773 12349
1786276870801 -0.9635117053985596 12399
1786276873431 -0.9675462245941162 12449
1786276876091 -0.974345326423645 12499
1786276878745 -0.96024489402771 12549
1786276881421 -0.9666882157325745 12599
1786276884115 -0.9649412035942078 12649
1786276886738 -0.954937756061554 12699
1786276889379 -0.9540674686431885 12749
1786276892475 -0.9541993141174316 12799
1786276895283 -0.9636027216911316 12849
1786276898009 -0.9683387279510498 12899
1786276900654 -0.9602371454238892 12949
1786276903268 -0.9694119691848755 12999
1786276905896 -0.9627306461334229 13049
1786276908583 -0.9619194865226746 13099
1786276911258 -0.962437093257904 13149
1786276913908 -0.9675723314285278 13199
1786276916540 -0.9659692645072937 13249
1786276919180 -0.9687224626541138 13299
1786276921791 -0.9605088829994202 13349
1786276924401 -0.9677876830101013 13399
1786276927038 -0.9643097519874573 13449
1786276929701 -0.9627206921577454 13499
1786276932324 -0.9609850645065308 13549
1786276934916 -0.9650089144706726 13599
1786276937565 -0.969380795955658 13649
1786276940197 -0.9613887071609497 13699
1786276942835 -0.9606443643569946 13749
1786276945459 -0.9691687226295471 13799
1786276948059 -0.9616876244544983 13849
1786276950765 -0.9700506329536438 13899
1786276953405 -0.9560447335243225 13949
1786276956010 -0.9652588963508606 13999
1786276958680 -0.9669991135597229 14049
1786276961322 -0.9673990607261658 14099
1786276963933 -0.9619000554084778 14149
1786276966594 -0.9636666774749756 14199
1786276969259 -0.9627904295921326 14249
1786276971903 -0.9686050415039062 14299
1786276974536 -0.9646502733230591 14349
1786276977465 -0.9607123732566833 14399
1786276980120 -0.9537410736083984 14449
1786276982790 -0.9619690775871277 14499
1786276985475 -0.9591440558433533 14549
1786276988099 -0.9647124409675598 14599
1786276990711 -0.9602406620979309 14649
1786276993326 -0.9582448601722717 14699
1786276995965 -0.9646750688552856 14749
1786276998632 -0.956436038017273 14799
1786277001323 -0.9637163877487183 14849
1786277003977 -0.9598117470741272 14899
1786277006573 -0.9657016396522522 14949
1786277009165 -0.9736701250076294 14999
1786277011779 -0.969498336315155 15049
1786277014382 -0.9565885663032532 15099
1786277017003 -0.9646270871162415 15149
1786277019664 -0.9537112712860107 15199
1786277022353 -0.961087167263031 15249
1786277024948 -0.9629214406013489 15299
1786277027556 -0.9637650847434998 15349
1786277030228 -0.9749006628990173 15399
1786277032852 -0.9717283844947815 15449
1786277035481 -0.962733805179596 15499
1786277038150 -0.9639778733253479 15549
1786277040764 -0.9586899280548096 15599
1786277043419 -0.9648736119270325 15649
1786277046054 -0.9622259140014648 15699
1786277048769 -0.966903805732727 15749
1786277051391 -0.9474639892578125 15799
1786277053954 -0.9711430668830872 15849
1786277056620 -0.9605178236961365 15899
1786277059236 -0.9591130614280701 15949
1786277062342 -0.9668092131614685 15999
1786277064968 -0.9686299562454224 16049
1786277067614 -0.96481853723526 16099
1786277070236 -0.9579089283943176 16149
1786277072886 -0.9718078970909119 16199
1786277075520 -0.969035804271698 16249
1786277078183 -0.9633445739746094 16299
1786277080810 -0.9634261727333069 16349
1786277083444 -0.9649166464805603 16399
1786277086083 -0.9545592665672302 16449
1786277088688 -0.9684512615203857 16499
1786277091310 -0.9717122912406921 16549
1786277093982 -0.9643064141273499 16599
1786277096650 -0.9707579612731934 16649
1786277099335 -0.9587880373001099 16699
1786277102013 -0.9658793807029724 16749
1786277104636 -0.9648049473762512 16799
1786277107272 -0.9626019597053528 16849
1786277109982 -0.9607322216033936 16899
1786277112636 -0.9684205651283264 16949
1786277115279 -0.966973602771759 16999
1786277117913 -0.9609147310256958 17049
1786277120549 -0.9622413516044617 17099
1786277123209 -0.9625068306922913 17149
1786277125853 -0.9631466269493103 17199
1786277128477 -0.9713953137397766 17249
1786277131136 -0.9561666250228882 17299
1786277133715 -0.9614996314048767 17349
1786277136356 -0.9682738184928894 17399
1786277138966 -0.9666994214057922 17449
1786277141628 -0.9656016826629639 17499
1786277144316 -0.9600310325622559 17549
1786277147294 -0.9593856334686279 17599
1786277149912 -0.9589679837226868 17649
1786277152537 -0.9680626392364502 17699
1786277155158 -0.9671456813812256 17749
1786277157824 -0.9587567448616028 17799
1786277160431 -0.9659095406532288 17849
1786277163082 -0.967563807964325 17899
1786277165777 -0.9651495218276978 17949
1786277168367 -0.9662172198295593 17999
1786277170981 -0.9622852802276611 18049
1786277173632 -0.9650216698646545 18099
1786277176330 -0.9648434519767761 18149
1786277178973 -0.958550751209259 18199
1786277181613 -0.9523635506629944 18249
1786277184202 -0.9732175469398499 18299
1786277186836 -0.9644888043403625 18349
1786277189473 -0.9690512418746948 18399
1786277192075 -0.9565133452415466 18449
1786277194703 -0.9631340503692627 18499
1786277197334 -0.9620466828346252 18549
1786277199975 -0.9694331884384155 18599
1786277202635 -0.9608941674232483 18649
1786277205315 -0.964516282081604 18699
1786277207952 -0.9686096906661987 18749
1786277210623 -0.9656394124031067 18799
1786277213316 -0.970003068447113 18849
1786277215970 -0.9603636264801025 18899
1786277218607 -0.9649375081062317 18949
1786277221228 -0.9664553999900818 18999
1786277223912 -0.9611170291900635 19049
1786277226577 -0.9707231521606445 19099
1786277229224 -0.9689509868621826 19149
1786277288627 -0.9657556414604187 19199
1786277291280 -0.9627629518508911 19249
1786277293914 -0.9520770907402039 19299
1786277296513 -0.9660727381706238 19349
1786277299139 -0.9656841158866882 19399
1786277301748 -0.9629582762718201 19449
1786277304466 -0.9557255506515503 19499
1786277307109 -0.9575780630111694 19549
1786277309737 -0.9586558938026428 19599
1786277312367 -0.9632086157798767 19649
1786277315030 -0.9620610475540161 19699
1786277317647 -0.9643815755844116 19749
1786277320340 -0.9669575691223145 19799
1786277322998 -0.9622287154197693 19849
1786277325637 -0.965558648109436 19899
1786277328302 -0.9749673008918762 19949
1786277330889 -0.9696707129478455 19999
1786277333529 -0.9565086364746094 20049
1786277336195 -0.9624586701393127 20099
1786277338959 -0.9587453603744507 20149
1786277341638 -0.9679811596870422 20199
1786277344266 -0.9643906354904175 20249
1786277346901 -0.9639239311218262 20299
1786277349617 -0.9665349125862122 20349
1786277352340 -0.9659491777420044 20399
1786277355011 -0.9734597206115723 20449
1786277357615 -0.9558385014533997 20499
1786277360191 -0.9494109749794006 20549
1786277362836 -0.9647672772407532 20599
1786277365472 -0.9678061008453369 20649
1786277368150 -0.961555540561676 20699
1786277371103 -0.9668221473693848 20749
1786277373727 -0.9660739898681641 20799
1786277376331 -0.9655364155769348 20849
1786277378969 -0.9621412754058838 20899
1786277381660 -0.955592930316925 20949
1786277384301 -0.9593026638031006 20999
1786277386939 -0.9596748352050781 21049
1786277389564 -0.9635913968086243 21099
1786277392176 -0.9668201804161072 21149
1786277394816 -0.9657295346260071 21199
1786277397496 -0.9678781628608704 21249
1786277400187 -0.9599584341049194 21299
1786277402859 -0.9686170220375061 21349
1786277405501 -0.9649144411087036 21399
1786277408132 -0.9567673206329346 21449
1786277410720 -0.9655841588973999 21499
1786277413351 -0.9688640236854553 21549
1786277416003 -0.9606590867042542 21599
1786277418659 -0.9665762186050415 21649
1786277421297 -0.9592981934547424 21699
1786277423952 -0.9730973839759827 21749
1786277426577 -0.9679068326950073 21799
1786277429181 -0.9703369140625 21849
1786277431820 -0.968561053276062 21899
1786277434507 -0.9678357839584351 21949
1786277437120 -0.9426457285881042 21999
1786277439723 -0.9588942527770996 22049
1786277442320 -0.9681178331375122 22099
1786277444965 -0.9661787748336792 22149
1786277447636 -0.9619552493095398 22199
1786277450275 -0.9692732095718384 22249
1786277452893 -0.9683269262313843 22299
1786277455813 -0.9734026789665222 22349
1786277458434 -0.9540305733680725 22399
1786277461063 -0.9729759693145752 22449
1786277463709 -0.9611866474151611 22499
1786277466338 -0.96952223777771 22549
1786277468972 -0.9558948278427124 22599
1786277471588 -0.9685073494911194 22649
1786277474230 -0.9652624726295471 22699
1786277476822 -0.9672152400016785 22749
1786277479432 -0.964996874332428 22799
1786277482061 -0.960885763168335 22849
1786277484674 -0.9694126844406128 22899
1786277487303 -0.9664170145988464 22949
1786277489927 -0.9690465331077576 22999
1786277492625 -0.9716411828994751 23049
1786277495301 -0.9634571671485901 23099
1786277497939 -0.9696455597877502 23149
1786277500595 -0.9686928391456604 23199
1786277503199 -0.9633222818374634 23249
1786277505805 -0.9506847262382507 23299
1786277508438 -0.9564324617385864 23349
1786277511092 -0.9715619683265686 23399
1786277513719 -0.9678145051002502 23449
1786277516363 -0.959794282913208 23499
1786277519048 -0.9680271148681641 23549
1786277521665 -0.9591283798217773 23599
1786277524308 -0.962595522403717 23649
1786277527001 -0.9629564881324768 23699
1786277529600 -0.9721020460128784 23749
1786277532212 -0.9689030647277832 23799
1786277534831 -0.9620083570480347 23849
1786277537528 -0.9667412042617798 23899
1786277540527 -0.9619811177253723 23949
1786277543185 -0.9512731432914734 23999
1786277545789 -0.9625590443611145 24049
1786277548443 -0.9440659880638123 24099
1786277551067 -0.9548290371894836 24149
1786277553707 -0.9602913856506348 24199
1786277556355 -0.9644096493721008 24249
1786277558995 -0.941300094127655 24299
1786277561631 -0.9574036002159119 24349
1786277564250 -0.9641456007957458 24399
1786277566903 -0.9717592597007751 24449
1786277569565 -0.9709028005599976 24499
1786277572256 -0.9657038450241089 24549
1786277574910 -0.9614936113357544 24599
1786277577539 -0.9653952717781067 24649
1786277580191 -0.9560617208480835 24699
1786277582851 -0.9545860886573792 24749
1786277585504 -0.9683451056480408 24799
1786277588134 -0.9676939249038696 24849
1786277590796 -0.9709680080413818 24899
1786277593442 -0.9470603466033936 24949
1786277596076 -0.9636290669441223 24999
1786277598787 -0.9710269570350647 25049
1786277601434 -0.9654797315597534 25099
1786277604106 -0.9568628668785095 25149
1786277606714 -0.9571641087532043 25199
1786277609329 -0.9657160043716431 25249
1786277611992 -0.9618362784385681 25299
1786277614712 -0.962138295173645 25349
1786277617362 -0.970649242401123 25399
1786277620011 -0.9679372310638428 25449
1786277622686 -0.961371123790741 25499
1786277625665 -0.9713068008422852 25549
1786277628308 -0.9618292450904846 25599
1786277630958 -0.9667677283287048 25649
1786277633605 -0.9738975167274475 25699
1786277636269 -0.9593977332115173 25749
1786277638952 -0.9707446694374084 25799
1786277641574 -0.9673634767532349 25849
1786277644204 -0.9656752943992615 25899
1786277646868 -0.9778042435646057 25949
1786277649474 -0.9559182524681091 25999
1786277652122 -0.965571403503418 26049
1786277654753 -0.9681388735771179 26099
1786277657360 -0.9542616605758667 26149
1786277660001 -0.9625892639160156 26199
1786277662641 -0.9615761041641235 26249
1786277665333 -0.9699251055717468 26299
1786277667944 -0.9561577439308167 26349
1786277670555 -0.9637360572814941 26399
1786277673173 -0.962934672832489 26449
1786277675780 -0.9723167419433594 26499
1786277678395 -0.9594634771347046 26549
1786277681059 -0.9691553115844727 26599
1786277683706 -0.9672091603279114 26649
1786277686420 -0.9665253162384033 26699
1786277689057 -0.9696123003959656 26749
1786277691689 -0.9616100788116455 26799
1786277694318 -0.9625842571258545 26849
1786277697011 -0.9621187448501587 26899
1786277699659 -0.9606488943099976 26949
1786277702262 -0.9669371247291565 26999
1786277704898 -0.9599213004112244 27049
1786277707526 -0.9646138548851013 27099
1786277710476 -0.9634824991226196 27149
1786277713099 -0.9598973989486694 27199
1786277715702 -0.9626239538192749 27249
1786277718344 -0.9666035771369934 27299
1786277720984 -0.9682974219322205 27349
1786277723647 -0.9676836729049683 27399
1786277726398 -0.959947943687439 27449
1786277729118 -0.9628936052322388 27499
1786277731830 -0.9699373245239258 27549
1786277734493 -0.9717108011245728 27599
1786277737161 -0.9655055999755859 27649
1786277739807 -0.9484259486198425 27699
1786277742480 -0.9655118584632874 27749
1786277745167 -0.9527542591094971 27799
1786277747893 -0.9616608023643494 27849
1786277750559 -0.9630016088485718 27899
1786277753225 -0.9682052135467529 27949
1786277755947 -0.9543152451515198 27999
1786277758666 -0.9669541716575623 28049
1786277761394 -0.9464686512947083 28099
1786277764078 -0.972773551940918 28149
1786277766744 -0.9596117734909058 28199
1786277769460 -0.9676189422607422 28249
1786277772096 -0.9581462740898132 28299
1786277774768 -0.9647085070610046 28349
1786277777462 -0.9492104053497314 28399
1786277780141 -0.9689330458641052 28449
1786277782884 -0.958524763584137 28499
1786277785591 -0.9657566547393799 28549
1786277788270 -0.9622079133987427 28599
1786277791001 -0.9677441716194153 28649
1786277793645 -0.9611530900001526 28699
