1786276073843 0.9960000514984131 49
1786276077833 0.9960001111030579 99
1786276082249 0.9960002303123474 149
1786276086444 0.9960004687309265 199
1786276089913 0.9960007071495056 249
1786276093687 0.9960010647773743 299
1786276097893 0.9960014224052429 349
1786276102045 0.9960018396377563 399
1786276105623 0.9960023760795593 449
1786276109153 0.9960029125213623 499
1786276112803 0.9960035085678101 549
1786276116877 0.9960041642189026 599
1786276120837 0.9960048794746399 649
1786276124617 0.9960057139396667 699
1786276128318 0.9960065484046936 749
1786276132186 0.9960074424743652 799
1786276136304 0.9960083961486816 849
1786276140267 0.9960094094276428 899
1786276143985 0.9960104823112488 949
1786276147679 0.9960116147994995 999
1786276151539 0.996012806892395 1049
1786276155677 0.9960140585899353 1099
1786276159437 0.9960153698921204 1149
1786276162910 0.9960167407989502 1199
1786276166264 0.9960181713104248 1249
1786276170274 0.9960196614265442 1299
1786276174149 0.9960211515426636 1349
1786276177687 0.9960227608680725 1399
1786276180896 0.9960244297981262 1449
1786276184159 0.9960261583328247 1499
1786276187794 0.9960278868675232 1549
1786276191858 0.9960297346115112 1599
1786276195128 0.996031641960144 1649
1786276198153 0.9960335493087769 1699
1786276201235 0.9960355758666992 1749
1786276204623 0.9960376024246216 1799
1786276208109 0.9960397481918335 1849
1786276211463 0.9960418939590454 1899
1786276214718 0.9960440993309021 1949
1786276217996 0.9960464239120483 1999
1786276221415 0.9960487484931946 2049
1786276225007 0.9960511326789856 2099
1786276228502 0.9960535764694214 2149
1786276231817 0.9960561394691467 2199
1786276235093 0.9960587024688721 2249
1786276238532 0.9960613250732422 2299
1786276242195 0.9960640072822571 2349
1786276245779 0.9960667490959167 2399
1786276249212 0.9960694909095764 2449
1786276252508 0.9960723519325256 2499
1786276255700 0.9960752725601196 2549
1786276259139 0.9960782527923584 2599
1786276262835 0.9960812330245972 2649
1786276266577 0.9960843324661255 2699
1786276270060 0.9960874319076538 2749
1786276273159 0.9960906505584717 2799
1786276276488 0.9960938692092896 2849
1786276280147 0.9960971474647522 2899
1786276283888 0.9961005449295044 2949
1786276287262 0.9961039423942566 2999
1786276290299 0.9961073994636536 3049
1786276293463 0.9961109161376953 3099
1786276296762 0.9961144924163818 3149
1786276300441 0.9961181282997131 3199
1786276303711 0.9961217641830444 3249
1786276307174 0.9961255192756653 3299
1786276310437 0.9961293339729309 3349
1786276313725 0.9961331486701965 3399
1786276317254 0.9961370825767517 3449
1786276321032 0.9961410164833069 3499
1786276324468 0.9961450099945068 3549
1786276327824 0.9961490631103516 3599
1786276331026 0.9961531758308411 3649
1786276334359 0.9961573481559753 3699
1786276337596 0.9961615800857544 3749
1786276340659 0.9961658716201782 3799
1786276343616 0.9961702227592468 3849
1786276346449 0.9961745738983154 3899
1786276349426 0.9961790442466736 3949
1786276352602 0.9961835145950317 3999
1786276355863 0.9961880445480347 4049
1786276358889 0.9961926341056824 4099
1786276361738 0.9961972832679749 4149
1786276364634 0.9962019920349121 4199
1786276367801 0.9962067604064941 4249
1786276371097 0.9962115287780762 4299
1786276374155 0.9962164163589478 4349
1786276376948 0.9962213039398193 4399
1786276379781 0.9962262511253357 4449
1786276382648 0.9962312579154968 4499
1786276385645 0.9962363243103027 4549
1786276388772 0.9962414503097534 4599
1786276391727 0.9962466359138489 4649
1786276394622 0.9962518215179443 4699
1786276397527 0.9962571263313293 4749
1786276400765 0.9962624311447144 4799
1786276403832 0.9962677955627441 4849
1786276406875 0.9962732195854187 4899
1786276409798 0.996278703212738 4949
1786276412795 0.9962841868400574 4999
1786276415788 0.9962897896766663 5049
1786276418958 0.9962953925132751 5099
1786276422047 0.9963010549545288 5149
1786276424955 0.9963067770004272 5199
1786276427782 0.9963124990463257 5249
1786276430754 0.9963183403015137 5299
1786276433927 0.9963241815567017 5349
1786276437166 0.9963301420211792 5399
1786276440267 0.9963361024856567 5449
1786276443161 0.9963420629501343 5499
1786276446056 0.9963481426239014 5549
1786276449179 0.9963542222976685 5599
1786276452417 0.9963604211807251 5649
1786276455525 0.9963666200637817 5699
1786276458384 0.9963728189468384 5749
1786276461145 0.9963791370391846 5799
1786276464006 0.9963854551315308 5849
1786276466848 0.9963918924331665 5899
1786276469672 0.9963982701301575 5949
1786276472460 0.996404767036438 5999
1786276475258 0.9964113235473633 6049
1786276478015 0.9964178800582886 6099
1786276480761 0.9964244961738586 6149
1786276483556 0.9964311718940735 6199
1786276486291 0.9964378476142883 6249
1786276488989 0.9964446425437927 6299
1786276491659 0.9964514374732971 6349
1786276494610 0.9964582920074463 6399
1786276497261 0.9964651465415955 6449
1786276499900 0.9964721202850342 6499
1786276502516 0.9964790940284729 6549
1786276505144 0.9964860677719116 6599
1786276507778 0.9964931607246399 6649
1786276510424 0.9965002536773682 6699
1786276513100 0.9965074062347412 6749
1786276515749 0.996514618396759 6799
1786276518347 0.9965218305587769 6849
1786276521021 0.9965291619300842 6899
1786276523619 0.9965364336967468 6949
1786276526249 0.996543824672699 6999
1786276528897 0.9965512156486511 7049
1786276531594 0.996558666229248 7099
1786276534233 0.9965661764144897 7149
1786276536816 0.9965736865997314 7199
1786276539434 0.9965812563896179 7249
1786276542058 0.9965888857841492 7299
1786276544686 0.9965965747833252 7349
1786276547298 0.9966042637825012 7399
1786276549896 0.996612012386322 7449
1786276552525 0.9966197609901428 7499
1786276555218 0.9966275691986084 7549
1786276557838 0.9966354370117188 7599
1786276560502 0.9966433048248291 7649
1786276563115 0.9966512322425842 7699
1786276565760 0.9966592192649841 7749
1786276568387 0.9966672658920288 7799
1786276571024 0.9966753125190735 7849
1786276573645 0.9966833591461182 7899
1786276576281 0.9966915249824524 7949
1786276579211 0.9966996908187866 7999
1786276581836 0.9967078566551208 8049
1786276584466 0.9967160820960999 8099
1786276587104 0.9967243671417236 8149
1786276589713 0.9967327117919922 8199
1786276592358 0.9967410564422607 8249
1786276594966 0.9967494010925293 8299
1786276597588 0.9967578649520874 8349
1786276600246 0.9967663288116455 8399
1786276602864 0.9967747926712036 8449
1786276605499 0.9967833161354065 8499
1786276608112 0.9967918992042542 8549
1786276610775 0.9968004822731018 8599
1786276613353 0.9968091249465942 8649
1786276615971 0.9968177676200867 8699
1786276618586 0.9968264698982239 8749
1786276621192 0.9968351721763611 8799
1786276623846 0.9968439340591431 8849
1786276626501 0.9968527555465698 8899
1786276629126 0.9968615770339966 8949
1786276631729 0.9968704581260681 8999
1786276634392 0.9968793392181396 9049
1786276637006 0.996888279914856 9099
1786276639621 0.9968972206115723 9149
1786276642240 0.9969062209129333 9199
1786276644884 0.9969152212142944 9249
1786276647503 0.9969242811203003 9299
1786276650189 0.9969334006309509 9349
1786276652863 0.9969425201416016 9399
1786276655478 0.9969516396522522 9449
1786276658171 0.9969608187675476 9499
1786276660799 0.996969997882843 9549
1786276721010 0.9969792366027832 9599
1786276723647 0.9969885349273682 9649
1786276726307 0.9969977736473083 9699
1786276728977 0.9970071315765381 9749
1786276731720 0.9970164895057678 9799
1786276734392 0.9970258474349976 9849
1786276737017 0.9970352649688721 9899
1786276739626 0.9970446825027466 9949
1786276742288 0.9970541596412659 9999
1786276744979 0.9970636367797852 10049
1786276747635 0.9970731139183044 10099
1786276750331 0.9970826506614685 10149
1786276753001 0.9970922470092773 10199
1786276755624 0.9971018433570862 10249
1786276758263 0.997111439704895 10299
1786276761017 0.9971210360527039 10349
1786276763803 0.9971307516098022 10399
1786276766522 0.9971404075622559 10449
1786276769227 0.9971501231193542 10499
1786276771878 0.9971598386764526 10549
1786276774534 0.9971696138381958 10599
1786276777206 0.997179388999939 10649
1786276779908 0.9971892237663269 10699
1786276782580 0.9971990585327148 10749
1786276785298 0.9972088932991028 10799
1786276787966 0.9972187876701355 10849
1786276790600 0.9972286820411682 10899
1786276793294 0.9972385764122009 10949
1786276795969 0.9972485303878784 10999
1786276798644 0.9972584843635559 11049
1786276801255 0.9972684383392334 11099
1786276803875 0.9972784519195557 11149
1786276806837 0.9972884654998779 11199
1786276809574 0.997298538684845 11249
1786276812271 0.9973085522651672 11299
1786276814990 0.9973186254501343 11349
1786276817643 0.9973287582397461 11399
1786276820278 0.9973388910293579 11449
1786276822922 0.9973490238189697 11499
1786276825570 0.9973591566085815 11549
1786276828223 0.9973693490028381 11599
1786276830894 0.99737948179245 11649
1786276833530 0.9973897337913513 11699
1786276836187 0.9973999261856079 11749
1786276838850 0.9974101781845093 11799
1786276841514 0.9974204301834106 11849
1786276844169 0.997430682182312 11899
1786276846881 0.9974409937858582 11949
1786276849573 0.9974513053894043 11999
1786276852200 0.9974616169929504 12049
1786276854860 0.9974719285964966 12099
1786276857507 0.9974822402000427 12149
1786276860169 0.9974926114082336 12199
1786276862823 0.9975029826164246 12249
1786276865538 0.9975133538246155 12299
1786276868163 0.9975237846374512 12349
1786276870801 0.9975342154502869 12399
1786276873431 0.9975445866584778 12449
1786276876091 0.9975550770759583 12499
1786276878745 0.997565507888794 12549
1786276881421 0.9975759387016296 12599
1786276884115 0.9975864291191101 12649
1786276886738 0.9975969195365906 12699
1786276889379 0.997607409954071 12749
1786276892475 0.9976179003715515 12799
1786276895283 0.997628390789032 12849
1786276898009 0.9976389408111572 12899
1786276900654 0.9976494312286377 12949
1786276903268 0.9976599812507629 12999
1786276905896 0.9976705312728882 13049
1786276908583 0.9976810812950134 13099
1786276911258 0.9976916909217834 13149
1786276913908 0.9977022409439087 13199
1786276916540 0.9977127909660339 13249
1786276919180 0.997723400592804 13299
1786276921791 0.997734010219574 13349
1786276924401 0.997744619846344 13399
1786276927038 0.997755229473114 13449
1786276929701 0.997765839099884 13499
1786276932324 0.997776448726654 13549
1786276934916 0.9977870583534241 13599
1786276937565 0.9977976679801941 13649
1786276940197 0.9978083372116089 13699
1786276942835 0.9978189468383789 13749
1786276945459 0.9978296160697937 13799
1786276948059 0.9978402256965637 13849
1786276950765 0.9978508949279785 13899
1786276953405 0.9978615045547485 13949
1786276956010 0.9978721737861633 13999
1786276958680 0.9978828430175781 14049
1786276961322 0.9978935122489929 14099
1786276963933 0.9979041814804077 14149
1786276966594 0.9979147911071777 14199
1786276969259 0.9979254603385925 14249
1786276971903 0.9979361295700073 14299
1786276974536 0.9979467988014221 14349
1786276977465 0.9979574680328369 14399
1786276980120 0.9979681372642517 14449
1786276982790 0.9979788064956665 14499
1786276985475 0.9979894757270813 14549
1786276988099 0.9980000853538513 14599
1786276990711 0.9980107545852661 14649
1786276993326 0.9980214238166809 14699
1786276995965 0.9980320930480957 14749
1786276998632 0.9980427026748657 14799
1786277001323 0.9980533719062805 14849
1786277003977 0.9980640411376953 14899
1786277006573 0.9980746507644653 14949
1786277009165 0.9980853199958801 14999
1786277011779 0.9980959296226501 15049
1786277014382 0.9981065392494202 15099
1786277017003 0.998117208480835 15149
1786277019664 0.998127818107605 15199
1786277022353 0.998138427734375 15249
1786277024948 0.998149037361145 15299
1786277027556 0.998159646987915 15349
1786277030228 0.9981702566146851 15399
1786277032852 0.9981808066368103 15449
1786277035481 0.9981914162635803 15499
1786277038150 0.9982019662857056 15549
1786277040764 0.9982125759124756 15599
1786277043419 0.9982231259346008 15649
1786277046054 0.9982336759567261 15699
1786277048769 0.9982442259788513 15749
1786277051391 0.9982547760009766 15799
1786277053954 0.998265266418457 15849
1786277056620 0.9982758164405823 15899
1786277059236 0.9982863068580627 15949
1786277062342 0.9982967972755432 15999
1786277064968 0.9983072876930237 16049
1786277067614 0.9983177781105042 16099
1786277070236 0.9983282089233398 16149
1786277072886 0.9983386993408203 16199
1786277075520 0.998349130153656 16249
1786277078183 0.9983595609664917 16299
1786277080810 0.9983699917793274 16349
1786277083444 0.9983803629875183 16399
1786277086083 0.998390793800354 16449
1786277088688 0.9984011650085449 16499
1786277091310 0.9984115362167358 16549
1786277093982 0.998421847820282 16599
1786277096650 0.9984322190284729 16649
1786277099335 0.998442530632019 16699
1786277102013 0.9984528422355652 16749
1786277104636 0.9984631538391113 16799
1786277107272 0.9984734058380127 16849
1786277109982 0.9984836578369141 16899
1786277112636 0.9984939098358154 16949
1786277115279 0.9985041618347168 16999
1786277117913 0.9985143542289734 17049
1786277120549 0.99852454662323 17099
1786277123209 0.9985347390174866 17149
1786277125853 0.9985449314117432 17199
1786277128477 0.998555064201355 17249
1786277131136 0.9985651969909668 17299
1786277133715 0.9985752701759338 17349
1786277136356 0.9985854029655457 17399
1786277138966 0.9985954761505127 17449
1786277141628 0.998605489730835 17499
1786277144316 0.998615562915802 17549
1786277147294 0.9986255764961243 17599
1786277149912 0.9986355304718018 17649
1786277152537 0.9986454844474792 17699
1786277155158 0.9986554384231567 17749
1786277157824 0.9986653923988342 17799
1786277160431 0.9986752867698669 17849
1786277163082 0.9986851811408997 17899
1786277165777 0.9986950755119324 17949
1786277168367 0.9987049102783203 17999
1786277170981 0.9987146854400635 18049
1786277173632 0.9987245202064514 18099
1786277176330 0.9987342953681946 18149
1786277178973 0.998744010925293 18199
1786277181613 0.9987537860870361 18249
1786277184202 0.9987634420394897 18299
1786277186836 0.9987731575965881 18349
1786277189473 0.9987828135490417 18399
1786277192075 0.9987924098968506 18449
1786277194703 0.9988020062446594 18499
1786277197334 0.9988116025924683 18549
1786277199975 0.9988211393356323 18599
1786277202635 0.9988306760787964 18649
1786277205315 0.9988401532173157 18699
1786277207952 0.998849630355835 18749
1786277210623 0.9988591074943542 18799
1786277213316 0.9988685250282288 18849
1786277215970 0.9988778829574585 18899
1786277218607 0.998887300491333 18949
1786277221228 0.998896598815918 18999
1786277223912 0.9989058971405029 19049
1786277226577 0.9989151954650879 19099
1786277229224 0.9989244341850281 19149
1786277288627 0.9989336729049683 19199
1786277291280 0.9989428520202637 19249
1786277293914 0.9989520311355591 19299
1786277296513 0.9989611506462097 19349
1786277299139 0.9989702701568604 19399
1786277301748 0.9989793300628662 19449
1786277304466 0.9989883899688721 19499
1786277307109 0.9989973902702332 19549
1786277309737 0.9990063309669495 19599
1786277312367 0.9990152716636658 19649
1786277315030 0.9990242123603821 19699
1786277317647 0.9990330934524536 19749
1786277320340 0.9990419745445251 19799
1786277322998 0.9990507364273071 19849
1786277325637 0.9990595579147339 19899
1786277328302 0.9990683197975159 19949
1786277330889 0.9990770220756531 19999
1786277333529 0.9990857243537903 20049
1786277336195 0.9990943670272827 20099
1786277338959 0.9991029500961304 20149
1786277341638 0.999111533164978 20199
1786277344266 0.9991201162338257 20249
1786277346901 0.9991285800933838 20299
1786277349617 0.9991371035575867 20349
1786277352340 0.9991455078125 20399
1786277355011 0.9991539120674133 20449
1786277357615 0.9991623163223267 20499
1786277360191 0.9991706609725952 20549
1786277362836 0.999178946018219 20599
1786277365472 0.999187171459198 20649
1786277368150 0.999195396900177 20699
1786277371103 0.999203622341156 20749
1786277373727 0.9992117285728455 20799
1786277376331 0.9992198348045349 20849
1786277378969 0.9992279410362244 20899
1786277381660 0.999235987663269 20949
1786277384301 0.999243974685669 20999
1786277386939 0.9992519021034241 21049
1786277389564 0.9992598295211792 21099
1786277392176 0.9992676973342896 21149
1786277394816 0.9992755651473999 21199
1786277397496 0.9992833733558655 21249
1786277400187 0.9992911219596863 21299
1786277402859 0.9992988109588623 21349
1786277405501 0.9993064999580383 21399
1786277408132 0.9993141293525696 21449
1786277410720 0.9993217587471008 21499
1786277413351 0.9993293285369873 21549
1786277416003 0.999336838722229 21599
1786277418659 0.9993442893028259 21649
1786277421297 0.9993517398834229 21699
1786277423952 0.999359130859375 21749
1786277426577 0.9993664622306824 21799
1786277429181 0.9993737936019897 21849
1786277431820 0.9993810653686523 21899
1786277434507 0.9993882775306702 21949
1786277437120 0.9993954300880432 21999
1786277439723 0.9994025826454163 22049
1786277442320 0.9994096755981445 22099
1786277444965 0.999416708946228 22149
1786277447636 0.9994237422943115 22199
1786277450275 0.9994306564331055 22249
1786277452893 0.9994376301765442 22299
1786277455813 0.9994444847106934 22349
1786277458434 0.9994512796401978 22399
1786277461063 0.9994580745697021 22449
1786277463709 0.9994648098945618 22499
1786277466338 0.9994714856147766 22549
1786277468972 0.9994781613349915 22599
1786277471588 0.9994847774505615 22649
1786277474230 0.9994913339614868 22699
1786277476822 0.9994978308677673 22749
1786277479432 0.9995042681694031 22799
1786277482061 0.9995107054710388 22849
1786277484674 0.9995170831680298 22899
1786277487303 0.999523401260376 22949
1786277489927 0.9995296597480774 22999
1786277492625 0.9995359182357788 23049
1786277495301 0.9995420575141907 23099
1786277497939 0.9995481967926025 23149
1786277500595 0.9995542764663696 23199
1786277503199 0.9995602965354919 23249
1786277505805 0.9995663166046143 23299
1786277508438 0.9995722770690918 23349
1786277511092 0.9995781183242798 23399
1786277513719 0.9995839595794678 23449
1786277516363 0.9995898008346558 23499
1786277519048 0.9995955228805542 23549
1786277521665 0.9996012449264526 23599
1786277524308 0.9996068477630615 23649
1786277527001 0.9996124505996704 23699
1786277529600 0.9996179938316345 23749
1786277532212 0.9996235370635986 23799
1786277534831 0.9996289610862732 23849
1786277537528 0.9996343851089478 23899
1786277540527 0.9996396899223328 23949
1786277543185 0.9996449947357178 23999
1786277545789 0.999650239944458 24049
1786277548443 0.9996554255485535 24099
1786277551067 0.9996606111526489 24149
1786277553707 0.9996656775474548 24199
1786277556355 0.9996707439422607 24249
1786277558995 0.9996756911277771 24299
1786277561631 0.9996806383132935 24349
1786277564250 0.999685525894165 24399
1786277566903 0.9996903538703918 24449
1786277569565 0.9996951818466187 24499
1786277572256 0.9996998906135559 24549
1786277574910 0.9997045993804932 24599
1786277577539 0.9997091889381409 24649
1786277580191 0.9997137784957886 24699
1786277582851 0.9997183084487915 24749
1786277585504 0.9997227787971497 24799
1786277588134 0.999727189540863 24849
1786277590796 0.9997315406799316 24899
1786277593442 0.9997358322143555 24949
1786277596076 0.9997401237487793 24999
1786277598787 0.9997442960739136 25049
1786277601434 0.9997484683990479 25099
1786277604106 0.9997525215148926 25149
1786277606714 0.9997565746307373 25199
1786277609329 0.9997605681419373 25249
1786277611992 0.9997645020484924 25299
1786277614712 0.9997683763504028 25349
1786277617362 0.9997721910476685 25399
1786277620011 0.9997759461402893 25449
1786277622686 0.9997797012329102 25499
1786277625665 0.9997833371162415 25549
1786277628308 0.9997869729995728 25599
1786277630958 0.9997904896736145 25649
1786277633605 0.9997940063476562 25699
1786277636269 0.9997974634170532 25749
1786277638952 0.9998008012771606 25799
1786277641574 0.9998041391372681 25849
1786277644204 0.9998074173927307 25899
1786277646868 0.9998106360435486 25949
1786277649474 0.9998137950897217 25999
1786277652122 0.99981689453125 26049
1786277654753 0.9998199939727783 26099
1786277657360 0.9998229742050171 26149
1786277660001 0.9998258948326111 26199
1786277662641 0.9998287558555603 26249
1786277665333 0.9998316168785095 26299
1786277667944 0.9998343586921692 26349
1786277670555 0.9998371005058289 26399
1786277673173 0.9998397827148438 26449
1786277675780 0.9998423457145691 26499
1786277678395 0.9998449087142944 26549
1786277681059 0.999847412109375 26599
1786277683706 0.999849796295166 26649
1786277686420 0.999852180480957 26699
1786277689057 0.9998545050621033 26749
1786277691689 0.9998567700386047 26799
1786277694318 0.9998589754104614 26849
1786277697011 0.9998611211776733 26899
1786277699659 0.9998632073402405 26949
1786277702262 0.9998652338981628 26999
1786277704898 0.9998672008514404 27049
1786277707526 0.999869167804718 27099
1786277710476 0.999871015548706 27149
1786277713099 0.9998728036880493 27199
1786277715702 0.9998745322227478 27249
1786277718344 0.9998762607574463 27299
1786277720984 0.9998778700828552 27349
1786277723647 0.9998794198036194 27399
1786277726398 0.9998809695243835 27449
1786277729118 0.9998824000358582 27499
1786277731830 0.9998838305473328 27549
1786277734493 0.9998851418495178 27599
1786277737161 0.9998864531517029 27649
1786277739807 0.9998876452445984 27699
1786277742480 0.9998888373374939 27749
1786277745167 0.9998899698257446 27799
1786277747893 0.9998909831047058 27849
1786277750559 0.999891996383667 27899
1786277753225 0.9998929500579834 27949
1786277755947 0.9998937845230103 27999
1786277758666 0.9998946189880371 28049
1786277761394 0.9998953938484192 28099
1786277764078 0.9998961091041565 28149
1786277766744 0.999896764755249 28199
1786277769460 0.999897301197052 28249
1786277772096 0.999897837638855 28299
1786277774768 0.9998983144760132 28349
1786277777462 0.9998987317085266 28399
1786277780141 0.9998990893363953 28449
1786277782884 0.9998993873596191 28499
1786277785591 0.9998996257781982 28549
1786277788270 0.9998998045921326 28599
1786277791001 0.9998999238014221 28649
1786277793645 0.9998999834060669 28699
