1786276191197 0.9960010647773743 1595
1786276299527 0.9960669279098511 3191
1786276399760 0.9961791038513184 4787
1786276493446 0.9963590502738953 6383
1786276577853 0.9965724945068359 7979
1786276719430 0.9968350529670715 9575
1786276805029 0.9971254467964172 11171
1786276890384 0.9974465370178223 12767
1786276975317 0.9977801442146301 14363
1786277059829 0.9981198906898499 15959
1786277144667 0.9984524846076965 17555
1786277285758 0.9987738728523254 19151
1786277370655 0.9990623593330383 20747
1786277455176 0.9993208050727844 22343
1786277539636 0.9995548725128174 23939
1786277624589 0.999712347984314 25535
1786277709210 0.999834418296814 27131
1786277847041 0.9998774528503418 28727
