1786276191197 1.6656243801116943 1595
1786276299527 4.216371536254883 3191
1786276399760 4.3304595947265625 4787
1786276493446 5.92666482925415 6383
1786276577853 6.569693088531494 7979
1786276719430 7.358648300170898 9575
1786276805029 8.02121353149414 11171
1786276890384 8.209970474243164 12767
1786276975317 7.921311855316162 14363
1786277059829 7.934885501861572 15959
1786277144667 8.171107292175293 17555
1786277285758 8.2528715133667 19151
1786277370655 8.244752883911133 20747
1786277455176 8.363309860229492 22343
1786277539636 8.583927154541016 23939
1786277624589 8.56963062286377 25535
1786277709210 8.464815139770508 27131
1786277847041 8.569637298583984 28727
