1786276073843 1.4539330005645752 49
1786276077833 1.1689956188201904 99
1786276082249 1.1582635641098022 149
1786276086444 1.1178032159805298 199
1786276089913 1.0652897357940674 249
1786276093687 1.094711184501648 299
1786276097893 1.0864334106445312 349
1786276102045 0.9997624754905701 399
1786276105623 1.0557271242141724 449
1786276109153 1.0897862911224365 499
1786276112803 1.1553148031234741 549
1786276116877 1.1819767951965332 599
1786276120837 1.3034377098083496 649
1786276124617 1.430583119392395 699
1786276128318 1.4322322607040405 749
1786276132186 1.3310338258743286 799
1786276136304 1.379235863685608 849
1786276140267 1.3099524974822998 899
1786276143985 1.4615669250488281 949
1786276147679 1.4232301712036133 999
1786276151539 1.4706776142120361 1049
1786276155677 1.6280672550201416 1099
1786276159437 1.7414968013763428 1149
1786276162910 2.185798168182373 1199
1786276166264 2.0081140995025635 1249
1786276170274 2.3950328826904297 1299
1786276174149 2.326740264892578 1349
1786276177687 2.516679286956787 1399
1786276180896 2.899430274963379 1449
1786276184159 2.7783586978912354 1499
1786276187794 2.904320478439331 1549
1786276191858 3.0340309143066406 1599
1786276195128 3.031463384628296 1649
1786276198153 2.814514398574829 1699
1786276201235 3.143146514892578 1749
1786276204623 3.7270915508270264 1799
1786276208109 3.6448135375976562 1849
1786276211463 2.878750801086426 1899
1786276214718 4.149610996246338 1949
1786276217996 4.373020172119141 1999
1786276221415 3.459620475769043 2049
1786276225007 5.375474452972412 2099
1786276228502 3.857952117919922 2149
1786276231817 3.5801048278808594 2199
1786276235093 3.9903979301452637 2249
1786276238532 3.9907195568084717 2299
1786276242195 4.077198505401611 2349
1786276245779 5.138707160949707 2399
1786276249212 4.210144996643066 2449
1786276252508 3.7459449768066406 2499
1786276255700 4.758124828338623 2549
1786276259139 5.449467182159424 2599
1786276262835 5.680965900421143 2649
1786276266577 4.15576696395874 2699
1786276270060 2.673062324523926 2749
1786276273159 4.167232036590576 2799
1786276276488 3.1140148639678955 2849
1786276280147 4.610421657562256 2899
1786276283888 3.6970787048339844 2949
1786276287262 3.8916661739349365 2999
1786276290299 3.6205806732177734 3049
1786276293463 4.256232738494873 3099
1786276296762 3.2208235263824463 3149
1786276300441 4.571493148803711 3199
1786276303711 3.7895965576171875 3249
1786276307174 3.6992502212524414 3299
1786276310437 3.4773054122924805 3349
1786276313725 3.509530782699585 3399
1786276317254 3.011035919189453 3449
1786276321032 4.536504745483398 3499
1786276324468 4.455646514892578 3549
1786276327824 3.6800715923309326 3599
1786276331026 3.240532636642456 3649
1786276334359 3.1833739280700684 3699
1786276337596 4.26729154586792 3749
1786276340659 4.674881458282471 3799
1786276343616 4.311672687530518 3849
1786276346449 4.311188220977783 3899
1786276349426 4.477163314819336 3949
1786276352602 3.735313892364502 3999
1786276355863 3.3775811195373535 4049
1786276358889 4.844266414642334 4099
1786276361738 3.866008758544922 4149
1786276364634 4.039666175842285 4199
1786276367801 4.091474533081055 4249
1786276371097 4.053388595581055 4299
1786276374155 4.509202480316162 4349
1786276376948 4.334474563598633 4399
1786276379781 4.31929349899292 4449
1786276382648 3.733462333679199 4499
1786276385645 4.241633892059326 4549
1786276388772 4.35306453704834 4599
1786276391727 5.373663425445557 4649
1786276394622 4.541696071624756 4699
1786276397527 4.776147365570068 4749
1786276400765 6.230647087097168 4799
1786276403832 5.639951705932617 4849
1786276406875 5.903545379638672 4899
1786276409798 4.8368730545043945 4949
1786276412795 4.534689903259277 4999
1786276415788 5.496373176574707 5049
1786276418958 5.192272186279297 5099
1786276422047 5.375002861022949 5149
1786276424955 4.844763278961182 5199
1786276427782 5.116121292114258 5249
1786276430754 6.22536563873291 5299
1786276433927 3.879746675491333 5349
1786276437166 6.360299587249756 5399
1786276440267 4.710382461547852 5449
1786276443161 6.9720001220703125 5499
1786276446056 5.435880184173584 5549
1786276449179 5.532839775085449 5599
1786276452417 7.254635810852051 5649
1786276455525 7.034361362457275 5699
1786276458384 5.821072578430176 5749
1786276461145 5.641603469848633 5799
1786276464006 7.740377902984619 5849
1786276466848 8.407822608947754 5899
1786276469672 7.049139022827148 5949
1786276472460 5.979308128356934 5999
1786276475258 6.901928901672363 6049
1786276478015 6.340939521789551 6099
1786276480761 7.167494773864746 6149
1786276483556 4.8909711837768555 6199
1786276486291 8.143444061279297 6249
1786276488989 6.189146518707275 6299
1786276491659 6.150485038757324 6349
1786276494610 7.895761013031006 6399
1786276497261 8.07569694519043 6449
1786276499900 6.172898769378662 6499
1786276502516 5.555949687957764 6549
1786276505144 6.669094562530518 6599
1786276507778 6.663140296936035 6649
1786276510424 6.874355316162109 6699
1786276513100 6.217234134674072 6749
1786276515749 6.946846961975098 6799
1786276518347 7.7936601638793945 6849
1786276521021 6.227598667144775 6899
1786276523619 5.5547637939453125 6949
1786276526249 5.808821678161621 6999
1786276528897 7.04204797744751 7049
1786276531594 4.93687629699707 7099
1786276534233 9.635008811950684 7149
1786276536816 7.97483491897583 7199
1786276539434 7.729428768157959 7249
1786276542058 5.462093353271484 7299
1786276544686 7.55971622467041 7349
1786276547298 6.836608409881592 7399
1786276549896 6.674458026885986 7449
1786276552525 5.494287967681885 7499
1786276555218 7.4546990394592285 7549
1786276557838 6.721365928649902 7599
1786276560502 6.83065938949585 7649
1786276563115 5.959205627441406 7699
1786276565760 6.639172077178955 7749
1786276568387 7.19956636428833 7799
1786276571024 6.1045918464660645 7849
1786276573645 6.699341773986816 7899
1786276576281 6.705623149871826 7949
1786276579211 7.793735027313232 7999
1786276581836 6.34204626083374 8049
1786276584466 8.7578763961792 8099
1786276587104 6.784280300140381 8149
1786276589713 7.164320945739746 8199
1786276592358 6.031090259552002 8249
1786276594966 7.449503421783447 8299
1786276597588 7.049792289733887 8349
1786276600246 6.040222644805908 8399
1786276602864 8.418896675109863 8449
1786276605499 7.65339994430542 8499
1786276608112 5.3710432052612305 8549
1786276610775 9.051780700683594 8599
1786276613353 7.311499118804932 8649
1786276615971 5.6919097900390625 8699
1786276618586 9.487870216369629 8749
1786276621192 7.406856060028076 8799
1786276623846 6.002200126647949 8849
1786276626501 8.564749717712402 8899
1786276629126 5.810225963592529 8949
1786276631729 7.101537227630615 8999
1786276634392 8.07009506225586 9049
1786276637006 8.390514373779297 9099
1786276639621 6.737827777862549 9149
1786276642240 6.828492641448975 9199
1786276644884 7.152700901031494 9249
1786276647503 6.724134922027588 9299
1786276650189 5.405533790588379 9349
1786276652863 7.4184250831604 9399
1786276655478 7.69985294342041 9449
1786276658171 10.315690994262695 9499
1786276660799 5.517447471618652 9549
1786276721010 10.133661270141602 9599
1786276723647 6.430711269378662 9649
1786276726307 6.922882556915283 9699
1786276728977 7.781074047088623 9749
1786276731720 10.072027206420898 9799
1786276734392 8.226806640625 9849
1786276737017 8.283451080322266 9899
1786276739626 6.91424560546875 9949
1786276742288 6.473834037780762 9999
1786276744979 6.852606773376465 10049
1786276747635 7.762197971343994 10099
1786276750331 9.243438720703125 10149
1786276753001 8.462468147277832 10199
1786276755624 6.420121669769287 10249
1786276758263 7.108078956604004 10299
1786276761017 8.673337936401367 10349
1786276763803 5.13842248916626 10399
1786276766522 8.869589805603027 10449
1786276769227 7.206223487854004 10499
1786276771878 7.0403666496276855 10549
1786276774534 9.103865623474121 10599
1786276777206 9.351127624511719 10649
1786276779908 10.369566917419434 10699
1786276782580 8.098318099975586 10749
1786276785298 12.207830429077148 10799
1786276787966 6.853358268737793 10849
1786276790600 7.68927001953125 10899
1786276793294 6.100483417510986 10949
1786276795969 8.847942352294922 10999
1786276798644 8.313222885131836 11049
1786276801255 10.391853332519531 11099
1786276803875 7.491882801055908 11149
1786276806837 6.240734100341797 11199
1786276809574 6.761569499969482 11249
1786276812271 8.281349182128906 11299
1786276814990 8.634930610656738 11349
1786276817643 7.10376501083374 11399
1786276820278 7.783442497253418 11449
1786276822922 7.971171855926514 11499
1786276825570 10.04910945892334 11549
1786276828223 10.583415985107422 11599
1786276830894 7.6726555824279785 11649
1786276833530 6.400362014770508 11699
1786276836187 7.106107711791992 11749
1786276838850 8.217718124389648 11799
1786276841514 8.435111999511719 11849
1786276844169 6.1598219871521 11899
1786276846881 6.535470485687256 11949
1786276849573 10.08987045288086 11999
1786276852200 6.858145713806152 12049
1786276854860 8.326991081237793 12099
1786276857507 7.646617412567139 12149
1786276860169 6.940979480743408 12199
1786276862823 8.803930282592773 12249
1786276865538 8.884730339050293 12299
1786276868163 8.064316749572754 12349
1786276870801 7.380102634429932 12399
1786276873431 9.728452682495117 12449
1786276876091 8.983461380004883 12499
1786276878745 7.699584484100342 12549
1786276881421 8.590814590454102 12599
1786276884115 9.784736633300781 12649
1786276886738 11.032154083251953 12699
1786276889379 7.744330883026123 12749
1786276892475 8.91694164276123 12799
1786276895283 8.412354469299316 12849
1786276898009 7.144434452056885 12899
1786276900654 7.337543964385986 12949
1786276903268 12.037111282348633 12999
1786276905896 7.73979377746582 13049
1786276908583 9.512045860290527 13099
1786276911258 5.921581268310547 13149
1786276913908 7.10734224319458 13199
1786276916540 8.999523162841797 13249
1786276919180 9.320834159851074 13299
1786276921791 6.159073352813721 13349
1786276924401 8.637206077575684 13399
1786276927038 10.20437240600586 13449
1786276929701 6.568686485290527 13499
1786276932324 7.149755001068115 13549
1786276934916 5.965082168579102 13599
1786276937565 7.711581230163574 13649
1786276940197 9.597936630249023 13699
1786276942835 7.923022747039795 13749
1786276945459 10.26710033416748 13799
1786276948059 8.534732818603516 13849
1786276950765 7.449136734008789 13899
1786276953405 6.2276506423950195 13949
1786276956010 7.463090419769287 13999
1786276958680 6.2650299072265625 14049
1786276961322 8.833959579467773 14099
1786276963933 7.780578136444092 14149
1786276966594 10.385262489318848 14199
1786276969259 6.402824878692627 14249
1786276971903 7.064589500427246 14299
1786276974536 11.411378860473633 14349
1786276977465 9.95397663116455 14399
1786276980120 7.822390556335449 14449
1786276982790 6.673452377319336 14499
1786276985475 5.3132853507995605 14549
1786276988099 6.990846157073975 14599
1786276990711 8.166655540466309 14649
1786276993326 7.0099358558654785 14699
1786276995965 8.663681983947754 14749
1786276998632 6.356481075286865 14799
1786277001323 6.6704301834106445 14849
1786277003977 6.893222332000732 14899
1786277006573 7.67018461227417 14949
1786277009165 8.379605293273926 14999
1786277011779 6.917483806610107 15049
1786277014382 8.382925987243652 15099
1786277017003 9.367199897766113 15149
1786277019664 7.946193218231201 15199
1786277022353 8.690252304077148 15249
1786277024948 5.410635471343994 15299
1786277027556 5.5365166664123535 15349
1786277030228 7.7557268142700195 15399
1786277032852 8.721044540405273 15449
1786277035481 6.404256820678711 15499
1786277038150 8.32945728302002 15549
1786277040764 6.002986907958984 15599
1786277043419 7.14239501953125 15649
1786277046054 8.534242630004883 15699
1786277048769 10.067926406860352 15749
1786277051391 7.096906661987305 15799
1786277053954 9.040830612182617 15849
1786277056620 7.848302841186523 15899
1786277059236 6.368250370025635 15949
1786277062342 6.516355037689209 15999
1786277064968 9.876924514770508 16049
1786277067614 7.923442363739014 16099
1786277070236 8.277069091796875 16149
1786277072886 5.883778095245361 16199
1786277075520 8.562419891357422 16249
1786277078183 7.4352641105651855 16299
1786277080810 7.084213733673096 16349
1786277083444 7.5380682945251465 16399
1786277086083 10.216300964355469 16449
1786277088688 8.694422721862793 16499
1786277091310 7.889744281768799 16549
1786277093982 8.475502014160156 16599
1786277096650 10.165477752685547 16649
1786277099335 10.073806762695312 16699
1786277102013 9.312332153320312 16749
1786277104636 5.738272666931152 16799
1786277107272 11.116045951843262 16849
1786277109982 7.89882755279541 16899
1786277112636 7.7122602462768555 16949
1786277115279 8.122662544250488 16999
1786277117913 11.115185737609863 17049
1786277120549 8.207112312316895 17099
1786277123209 7.217679500579834 17149
1786277125853 9.300699234008789 17199
1786277128477 6.213250160217285 17249
1786277131136 5.917027473449707 17299
1786277133715 7.419921398162842 17349
1786277136356 8.578519821166992 17399
1786277138966 6.437739849090576 17449
1786277141628 8.648492813110352 17499
1786277144316 7.3195624351501465 17549
1786277147294 9.204952239990234 17599
1786277149912 7.498995780944824 17649
1786277152537 5.629859447479248 17699
1786277155158 10.196577072143555 17749
1786277157824 10.00544548034668 17799
1786277160431 10.122024536132812 17849
1786277163082 8.027448654174805 17899
1786277165777 9.336037635803223 17949
1786277168367 7.875484943389893 17999
1786277170981 6.381436347961426 18049
1786277173632 6.879724979400635 18099
1786277176330 8.61845874786377 18149
1786277178973 8.431838035583496 18199
1786277181613 7.1108012199401855 18249
1786277184202 7.794166564941406 18299
1786277186836 7.23964786529541 18349
1786277189473 7.196200370788574 18399
1786277192075 10.118228912353516 18449
1786277194703 10.426937103271484 18499
1786277197334 6.454203128814697 18549
1786277199975 9.239677429199219 18599
1786277202635 6.68620491027832 18649
1786277205315 6.51200008392334 18699
1786277207952 8.231976509094238 18749
1786277210623 8.711808204650879 18799
1786277213316 7.42577600479126 18849
1786277215970 6.862109661102295 18899
1786277218607 7.183493614196777 18949
1786277221228 12.47907543182373 18999
1786277223912 6.587812423706055 19049
1786277226577 6.634644031524658 19099
1786277229224 8.981036186218262 19149
1786277288627 9.39029312133789 19199
1786277291280 7.047751426696777 19249
1786277293914 8.96855354309082 19299
1786277296513 9.474284172058105 19349
1786277299139 9.539637565612793 19399
1786277301748 7.221643924713135 19449
1786277304466 7.956605434417725 19499
1786277307109 6.9667534828186035 19549
1786277309737 9.036364555358887 19599
1786277312367 8.05422592163086 19649
1786277315030 5.678714752197266 19699
1786277317647 9.501060485839844 19749
1786277320340 12.729119300842285 19799
1786277322998 9.705001831054688 19849
1786277325637 7.416216850280762 19899
1786277328302 7.171234607696533 19949
1786277330889 7.5685715675354 19999
1786277333529 5.564674377441406 20049
1786277336195 10.370280265808105 20099
1786277338959 6.8832478523254395 20149
1786277341638 7.036601543426514 20199
1786277344266 9.512703895568848 20249
1786277346901 9.461183547973633 20299
1786277349617 7.555300712585449 20349
1786277352340 9.191446304321289 20399
1786277355011 8.029865264892578 20449
1786277357615 8.996330261230469 20499
1786277360191 6.891717433929443 20549
1786277362836 8.406171798706055 20599
1786277365472 7.998105525970459 20649
1786277368150 7.860648155212402 20699
1786277371103 9.237720489501953 20749
1786277373727 7.992949962615967 20799
1786277376331 8.633193969726562 20849
1786277378969 8.258068084716797 20899
1786277381660 10.022770881652832 20949
1786277384301 10.330291748046875 20999
1786277386939 8.24677562713623 21049
1786277389564 5.950207710266113 21099
1786277392176 7.345039367675781 21149
1786277394816 8.699254989624023 21199
1786277397496 6.63157320022583 21249
1786277400187 6.863737106323242 21299
1786277402859 11.249227523803711 21349
1786277405501 7.3338236808776855 21399
1786277408132 7.900406837463379 21449
1786277410720 7.466602325439453 21499
1786277413351 7.806090831756592 21549
1786277416003 7.895561218261719 21599
1786277418659 6.168550491333008 21649
1786277421297 8.768257141113281 21699
1786277423952 7.689234256744385 21749
1786277426577 8.538424491882324 21799
1786277429181 11.962023735046387 21849
1786277431820 10.81453800201416 21899
1786277434507 6.716611862182617 21949
1786277437120 5.922282695770264 21999
1786277439723 9.033417701721191 22049
1786277442320 5.6264872550964355 22099
1786277444965 8.293843269348145 22149
1786277447636 10.7466459274292 22199
1786277450275 10.374613761901855 22249
1786277452893 8.33834457397461 22299
1786277455813 7.505615234375 22349
1786277458434 8.295421600341797 22399
1786277461063 6.416210651397705 22449
1786277463709 10.935214042663574 22499
1786277466338 8.22712230682373 22549
1786277468972 8.668185234069824 22599
1786277471588 6.355629920959473 22649
1786277474230 6.380024433135986 22699
1786277476822 14.899337768554688 22749
1786277479432 7.4568891525268555 22799
1786277482061 7.576023578643799 22849
1786277484674 7.0125908851623535 22899
1786277487303 8.53494644165039 22949
1786277489927 10.065155029296875 22999
1786277492625 6.309231281280518 23049
1786277495301 10.477006912231445 23099
1786277497939 7.163834571838379 23149
1786277500595 8.017156600952148 23199
1786277503199 9.41580867767334 23249
1786277505805 8.214914321899414 23299
1786277508438 7.626208305358887 23349
1786277511092 10.891040802001953 23399
1786277513719 7.496775150299072 23449
1786277516363 7.796716690063477 23499
1786277519048 11.180221557617188 23549
1786277521665 10.856550216674805 23599
1786277524308 8.735858917236328 23649
1786277527001 12.401545524597168 23699
1786277529600 8.904085159301758 23749
1786277532212 10.040895462036133 23799
1786277534831 8.441356658935547 23849
1786277537528 8.190084457397461 23899
1786277540527 5.417534351348877 23949
1786277543185 7.647661209106445 23999
1786277545789 6.780344486236572 24049
1786277548443 7.962900638580322 24099
1786277551067 8.949942588806152 24149
1786277553707 6.10772705078125 24199
1786277556355 7.529110908508301 24249
1786277558995 8.63105297088623 24299
1786277561631 5.305524826049805 24349
1786277564250 8.162598609924316 24399
1786277566903 10.531037330627441 24449
1786277569565 11.330862045288086 24499
1786277572256 10.208487510681152 24549
1786277574910 11.113582611083984 24599
1786277577539 8.604658126831055 24649
1786277580191 12.13753890991211 24699
1786277582851 6.68666934967041 24749
1786277585504 6.736872673034668 24799
1786277588134 6.737027168273926 24849
1786277590796 8.573687553405762 24899
1786277593442 10.786653518676758 24949
1786277596076 7.145930767059326 24999
1786277598787 8.214576721191406 25049
1786277601434 5.650322914123535 25099
1786277604106 10.46683120727539 25149
1786277606714 6.571163177490234 25199
1786277609329 9.638378143310547 25249
1786277611992 7.413790702819824 25299
1786277614712 5.415440082550049 25349
1786277617362 9.365935325622559 25399
1786277620011 9.105566024780273 25449
1786277622686 10.859350204467773 25499
1786277625665 10.053108215332031 25549
1786277628308 9.564488410949707 25599
1786277630958 8.305560111999512 25649
1786277633605 8.737034797668457 25699
1786277636269 9.438560485839844 25749
1786277638952 8.371179580688477 25799
1786277641574 8.944197654724121 25849
1786277644204 7.693430423736572 25899
1786277646868 8.996737480163574 25949
1786277649474 9.814582824707031 25999
1786277652122 6.707376956939697 26049
1786277654753 7.878162384033203 26099
1786277657360 5.394304275512695 26149
1786277660001 7.642706394195557 26199
1786277662641 6.406702995300293 26249
1786277665333 7.101119518280029 26299
1786277667944 10.209497451782227 26349
1786277670555 9.044958114624023 26399
1786277673173 6.307956218719482 26449
1786277675780 10.693092346191406 26499
1786277678395 9.932607650756836 26549
1786277681059 10.317231178283691 26599
1786277683706 9.462821960449219 26649
1786277686420 7.0741071701049805 26699
1786277689057 7.0207719802856445 26749
1786277691689 9.32678508758545 26799
1786277694318 9.119645118713379 26849
1786277697011 7.327493667602539 26899
1786277699659 10.415576934814453 26949
1786277702262 8.948710441589355 26999
1786277704898 6.802056789398193 27049
1786277707526 8.377697944641113 27099
1786277710476 11.306285858154297 27149
1786277713099 6.697946071624756 27199
1786277715702 6.33428955078125 27249
1786277718344 12.061683654785156 27299
1786277720984 6.769696235656738 27349
1786277723647 9.36690902709961 27399
1786277726398 11.972105979919434 27449
1786277729118 8.322151184082031 27499
1786277731830 8.71026611328125 27549
1786277734493 6.900180816650391 27599
1786277737161 6.552836894989014 27649
1786277739807 9.044801712036133 27699
1786277742480 8.203034400939941 27749
1786277745167 10.568763732910156 27799
1786277747893 7.952321529388428 27849
1786277750559 7.186576843261719 27899
1786277753225 8.79892635345459 27949
1786277755947 5.893599033355713 27999
1786277758666 6.20731258392334 28049
1786277761394 6.2488112449646 28099
1786277764078 9.519950866699219 28149
1786277766744 7.57882022857666 28199
1786277769460 9.58168888092041 28249
1786277772096 10.686646461486816 28299
1786277774768 7.973991394042969 28349
1786277777462 5.616730690002441 28399
1786277780141 7.186997413635254 28449
1786277782884 6.9184699058532715 28499
1786277785591 11.625479698181152 28549
1786277788270 8.223472595214844 28599
1786277791001 8.034974098205566 28649
1786277793645 9.31713581085205 28699
