1786276073843 0.5196220874786377 49
1786276077833 0.6108284592628479 99
1786276082249 0.6308139562606812 149
1786276086444 0.6424418687820435 199
1786276089913 0.6228197813034058 249
1786276093687 0.6260043978691101 299
1786276097893 0.6333211064338684 349
1786276102045 0.6558866500854492 399
1786276105623 0.6348110437393188 449
1786276109153 0.6235464811325073 499
1786276112803 0.5992006063461304 549
1786276116877 0.6133720874786377 599
1786276120837 0.5530523061752319 649
1786276124617 0.5134447813034058 699
1786276128318 0.4989098906517029 749
1786276132186 0.526526153087616 799
1786276136304 0.5123546719551086 849
1786276140267 0.5414243936538696 899
1786276143985 0.4949128031730652 949
1786276147679 0.5043668150901794 999
1786276151539 0.49927324056625366 1049
1786276155677 0.47601744532585144 1099
1786276159437 0.46148255467414856 1149
1786276162910 0.42768895626068115 1199
1786276166264 0.4284156858921051 1249
1786276170274 0.38989824056625366 1299
1786276174149 0.4011628031730652 1349
1786276177687 0.3811773359775543 1399
1786276180896 0.3347969353199005 1449
1786276184159 0.37827035784721375 1499
1786276187794 0.3700440526008606 1549
1786276191858 0.32848837971687317 1599
1786276195128 0.2888808250427246 1649
1786276198153 0.33296942710876465 1699
1786276201235 0.3161337077617645 1749
1786276204623 0.3045058250427246 1799
1786276208109 0.291424423456192 1849
1786276211463 0.35101744532585144 1899
1786276214718 0.28706395626068115 1949
1786276217996 0.30523255467414856 1999
1786276221415 0.2877906858921051 2049
1786276225007 0.23473836481571198 2099
1786276228502 0.24818313121795654 2149
1786276231817 0.28815406560897827 2199
1786276235093 0.286700576543808 2249
1786276238532 0.3255814015865326 2299
1786276242195 0.3190406858921051 2349
1786276245779 0.24449339509010315 2399
1786276249212 0.3030523359775543 2449
1786276252508 0.26090115308761597 2499
1786276255700 0.34702035784721375 2549
1786276259139 0.28597384691238403 2599
1786276262835 0.28706395626068115 2649
1786276266577 0.3317587077617645 2699
1786276270060 0.36119186878204346 2749
1786276273159 0.32848837971687317 2799
1786276276488 0.3343023359775543 2849
1786276280147 0.267037034034729 2899
1786276283888 0.3343023359775543 2949
1786276287262 0.3241279125213623 2999
1786276290299 0.3361191749572754 3049
1786276293463 0.28815406560897827 3099
1786276296762 0.31068313121795654 3149
1786276300441 0.2489098757505417 3199
1786276303711 0.3205968141555786 3249
1786276307174 0.2750726640224457 3299
1786276310437 0.32376453280448914 3349
1786276313725 0.3018518388271332 3399
1786276317254 0.34338662028312683 3449
1786276321032 0.275799423456192 3499
1786276324468 0.34811046719551086 3549
1786276327824 0.2787064015865326 3599
1786276331026 0.3343023359775543 3649
1786276334359 0.3448401093482971 3699
1786276337596 0.3531976640224457 3749
1786276340659 0.29112082719802856 3799
1786276343616 0.2721656858921051 3849
1786276346449 0.322674423456192 3899
1786276349426 0.28161337971687317 3949
1786276352602 0.37027615308761597 3999
1786276355863 0.33248546719551086 4049
1786276358889 0.28436020016670227 4099
1786276361738 0.30523255467414856 4149
1786276364634 0.29215115308761597 4199
1786276367801 0.3259447515010834 4249
1786276371097 0.2479734718799591 4299
1786276374155 0.28452035784721375 4349
1786276376948 0.31686046719551086 4399
1786276379781 0.2594476640224457 4449
1786276382648 0.3150435984134674 4499
1786276385645 0.28052324056625366 4549
1786276388772 0.28052324056625366 4599
1786276391727 0.2934902608394623 4649
1786276394622 0.2566533088684082 4699
1786276397527 0.23764534294605255 4749
1786276400765 0.21438953280448914 4799
1786276403832 0.2616279125213623 4849
1786276406875 0.21039244532585144 4899
1786276409798 0.2329215109348297 4949
1786276412795 0.2825112044811249 4999
1786276415788 0.2712610065937042 5049
1786276418958 0.23909883201122284 5099
1786276422047 0.23401162028312683 5149
1786276424955 0.26489824056625366 5199
1786276427782 0.22311046719551086 5249
1786276430754 0.21875 5299
1786276433927 0.3008720874786377 5349
1786276437166 0.24309593439102173 5399
1786276440267 0.26235464215278625 5449
1786276443161 0.19222383201122284 5499
1786276446056 0.24418604373931885 5549
1786276449179 0.20633187890052795 5599
1786276452417 0.22093023359775543 5649
1786276455525 0.20639534294605255 5699
1786276458384 0.22892442345619202 5749
1786276461145 0.20675872266292572 5799
1786276464006 0.19068413972854614 5849
1786276466848 0.18713662028312683 5899
1786276469672 0.24714969098567963 5949
1786276472460 0.24178233742713928 5999
1786276475258 0.20748546719551086 6049
1786276478015 0.23364825546741486 6099
1786276480761 0.18531976640224457 6149
1786276483556 0.27398255467414856 6199
1786276486291 0.22638081014156342 6249
1786276488989 0.2579941749572754 6299
1786276491659 0.2278342992067337 6349
1786276494610 0.21293604373931885 6399
1786276497261 0.18059593439102173 6449
1786276499900 0.18968023359775543 6499
1786276502516 0.2721656858921051 6549
1786276505144 0.1914970874786377 6599
1786276507778 0.21075581014156342 6649
1786276510424 0.17841409146785736 6699
1786276513100 0.2426578551530838 6749
1786276515749 0.21584302186965942 6799
1786276518347 0.19585755467414856 6849
1786276521021 0.21257267892360687 6899
1786276523619 0.23873546719551086 6949
1786276526249 0.2750726640224457 6999
1786276528897 0.19476744532585144 7049
1786276531594 0.22093023359775543 7099
1786276534233 0.1587935984134674 7149
1786276536816 0.18822674453258514 7199
1786276539434 0.176962211728096 7249
1786276542058 0.208212211728096 7299
1786276544686 0.17296510934829712 7349
1786276547298 0.22369879484176636 7399
1786276549896 0.18553689122200012 7449
1786276552525 0.23510174453258514 7499
1786276555218 0.21184593439102173 7549
1786276557838 0.198037788271904 7599
1786276560502 0.24963662028312683 7649
1786276563115 0.21911336481571198 7699
1786276565760 0.21911336481571198 7749
1786276568387 0.1744185984134674 7799
1786276571024 0.2008749544620514 7849
1786276573645 0.24781976640224457 7899
1786276576281 0.22601744532585144 7949
1786276579211 0.21947674453258514 7999
1786276581836 0.2852470874786377 8049
1786276584466 0.18128225207328796 8099
1786276587104 0.20094476640224457 8149
1786276589713 0.2122092992067337 8199
1786276592358 0.22819767892360687 8249
1786276594966 0.1758720874786377 8299
1786276597588 0.1864098757505417 8349
1786276600246 0.26235464215278625 8399
1786276602864 0.20930232107639313 8449
1786276605499 0.1794777512550354 8499
1786276608112 0.23587313294410706 8549
1786276610775 0.271075576543808 8599
1786276613353 0.17986918985843658 8649
1786276615971 0.2550871968269348 8699
1786276618586 0.17114825546741486 8749
1786276621192 0.21549192070960999 8799
1786276623846 0.2303779125213623 8849
1786276626501 0.21584302186965942 8899
1786276629126 0.24164244532585144 8949
1786276631729 0.22456395626068115 8999
1786276634392 0.19331395626068115 9049
1786276637006 0.22210025787353516 9099
1786276639621 0.19440406560897827 9149
1786276642240 0.20893895626068115 9199
1786276644884 0.20603197813034058 9249
1786276647503 0.1986049860715866 9299
1786276650189 0.28597384691238403 9349
1786276652863 0.20154468715190887 9399
1786276655478 0.244912788271904 9449
1786276658171 0.2207840234041214 9499
1786276660799 0.3005087077617645 9549
1786276721010 0.21628592908382416 9599
1786276723647 0.182412788271904 9649
1786276726307 0.2400881052017212 9699
1786276728977 0.23219476640224457 9749
1786276731720 0.22311046719551086 9799
1786276734392 0.18204942345619202 9849
1786276737017 0.1875 9899
1786276739626 0.22492732107639313 9949
1786276742288 0.24633431434631348 9999
1786276744979 0.20603197813034058 10049
1786276747635 0.18822674453258514 10099
1786276750331 0.20748546719551086 10149
1786276753001 0.16315406560897827 10199
1786276755624 0.22892442345619202 10249
1786276758263 0.21111918985843658 10299
1786276761017 0.1465548723936081 10349
1786276763803 0.2903343141078949 10399
1786276766522 0.22608371078968048 10449
1786276769227 0.21257267892360687 10499
1786276771878 0.213662788271904 10549
1786276774534 0.18531976640224457 10599
1786276777206 0.19860243797302246 10649
1786276779908 0.21148255467414856 10699
1786276782580 0.21438953280448914 10749
1786276785298 0.14498546719551086 10799
1786276787966 0.18531976640224457 10849
1786276790600 0.1965842992067337 10899
1786276793294 0.25836971402168274 10949
1786276795969 0.17910997569561005 10999
1786276798644 0.21883045136928558 11049
1786276801255 0.198037788271904 11099
1786276803875 0.22892442345619202 11149
1786276806837 0.23909883201122284 11199
1786276809574 0.25726744532585144 11249
1786276812271 0.21148255467414856 11299
1786276814990 0.18859010934829712 11349
1786276817643 0.23401162028312683 11399
1786276820278 0.21549192070960999 11449
1786276822922 0.18968023359775543 11499
1786276825570 0.14002932608127594 11549
1786276828223 0.16569767892360687 11599
1786276830894 0.2529069781303406 11649
1786276833530 0.23473836481571198 11699
1786276836187 0.29108327627182007 11749
1786276838850 0.20893895626068115 11799
1786276841514 0.19694767892360687 11849
1786276844169 0.23364825546741486 11899
1786276846881 0.2434592992067337 11949
1786276849573 0.1801310032606125 11999
1786276852200 0.2576308250427246 12049
1786276854860 0.24273255467414856 12099
1786276857507 0.21881918609142303 12149
1786276860169 0.20344574749469757 12199
1786276862823 0.21148255467414856 12249
1786276865538 0.16424418985843658 12299
1786276868163 0.2227470874786377 12349
1786276870801 0.24273255467414856 12399
1786276873431 0.18713662028312683 12449
1786276876091 0.20530523359775543 12499
1786276878745 0.2511848509311676 12549
1786276881421 0.22056685388088226 12599
1786276884115 0.21875 12649
1786276886738 0.22747093439102173 12699
1786276889379 0.17531044781208038 12749
1786276892475 0.21802325546741486 12799
1786276895283 0.22202034294605255 12849
1786276898009 0.18005844950675964 12899
1786276900654 0.20530523359775543 12949
1786276903268 0.17877906560897827 12999
1786276905896 0.18595342338085175 13049
1786276908583 0.1678779125213623 13099
1786276911258 0.2657674252986908 13149
1786276913908 0.20603197813034058 13199
1786276916540 0.2020348757505417 13249
1786276919180 0.17114825546741486 13299
1786276921791 0.26126453280448914 13349
1786276924401 0.213662788271904 13399
1786276927038 0.25981104373931885 13449
1786276929701 0.26469486951828003 13499
1786276932324 0.19549418985843658 13549
1786276934916 0.26526162028312683 13599
1786276937565 0.2227470874786377 13649
1786276940197 0.20639534294605255 13699
1786276942835 0.19649380445480347 13749
1786276945459 0.21114370226860046 13799
1786276948059 0.19186046719551086 13849
1786276950765 0.20154468715190887 13899
1786276953405 0.21039244532585144 13949
1786276956010 0.25436046719551086 13999
1786276958680 0.2122092992067337 14049
1786276961322 0.16751453280448914 14099
1786276963933 0.23655523359775543 14149
1786276966594 0.18449781835079193 14199
1786276969259 0.19077034294605255 14249
1786276971903 0.20130814611911774 14299
1786276974536 0.19985465705394745 14349
1786276977465 0.2351440191268921 14399
1786276980120 0.24418604373931885 14449
1786276982790 0.21257267892360687 14499
1786276985475 0.27276062965393066 14549
1786276988099 0.24382267892360687 14599
1786276990711 0.260174423456192 14649
1786276993326 0.25872093439102173 14699
1786276995965 0.22093023359775543 14749
1786276998632 0.24018895626068115 14799
1786277001323 0.21584302186965942 14849
1786277003977 0.22311046719551086 14899
1786277006573 0.25733137130737305 14949
1786277009165 0.17805232107639313 14999
1786277011779 0.22601744532585144 15049
1786277014382 0.208212211728096 15099
1786277017003 0.20930232107639313 15149
1786277019664 0.26780521869659424 15199
1786277022353 0.17681802809238434 15249
1786277024948 0.27034884691238403 15299
1786277027556 0.26090115308761597 15349
1786277030228 0.16351744532585144 15399
1786277032852 0.1900435984134674 15449
1786277035481 0.24127906560897827 15499
1786277038150 0.20239825546741486 15549
1786277040764 0.2675953209400177 15599
1786277043419 0.2176598757505417 15649
1786277046054 0.2369185984134674 15699
1786277048769 0.18859010934829712 15749
1786277051391 0.23219476640224457 15799
1786277053954 0.22420057654380798 15849
1786277056620 0.23364825546741486 15899
1786277059236 0.23473836481571198 15949
1786277062342 0.22202034294605255 15999
1786277064968 0.17005814611911774 16049
1786277067614 0.18386627733707428 16099
1786277070236 0.22601744532585144 16149
1786277072886 0.20893895626068115 16199
1786277075520 0.21260997653007507 16249
1786277078183 0.25 16299
1786277080810 0.20639534294605255 16349
1786277083444 0.25981104373931885 16399
1786277086083 0.19467736780643463 16449
1786277088688 0.21002906560897827 16499
1786277091310 0.2020348757505417 16549
1786277093982 0.18772827088832855 16599
1786277096650 0.19949127733707428 16649
1786277099335 0.19585755467414856 16699
1786277102013 0.21838662028312683 16749
1786277104636 0.19040697813034058 16799
1786277107272 0.17659883201122284 16849
1786277109982 0.22093023359775543 16899
1786277112636 0.21402616798877716 16949
1786277115279 0.18459302186965942 16999
1786277117913 0.1784157007932663 17049
1786277120549 0.2525435984134674 17099
1786277123209 0.2594476640224457 17149
1786277125853 0.1875 17199
1786277128477 0.18377001583576202 17249
1786277131136 0.205967977643013 17299
1786277133715 0.2383720874786377 17349
1786277136356 0.23473836481571198 17399
1786277138966 0.2434592992067337 17449
1786277141628 0.2071220874786377 17499
1786277144316 0.17899850010871887 17549
1786277147294 0.19985465705394745 17599
1786277149912 0.21875 17649
1786277152537 0.25327035784721375 17699
1786277155158 0.15843023359775543 17749
1786277157824 0.19440406560897827 17799
1786277160431 0.18968023359775543 17849
1786277163082 0.1960279494524002 17899
1786277165777 0.18677325546741486 17949
1786277168367 0.18931685388088226 17999
1786277170981 0.24018895626068115 18049
1786277173632 0.2212935984134674 18099
1786277176330 0.15734010934829712 18149
1786277178973 0.20893895626068115 18199
1786277181613 0.229287788271904 18249
1786277184202 0.1991279125213623 18299
1786277186836 0.22674418985843658 18349
1786277189473 0.22456395626068115 18399
1786277192075 0.24818313121795654 18449
1786277194703 0.17405523359775543 18499
1786277197334 0.19721916317939758 18549
1786277199975 0.15007267892360687 18599
1786277202635 0.20893895626068115 18649
1786277205315 0.2201601266860962 18699
1786277207952 0.1678779125213623 18749
1786277210623 0.19896450638771057 18799
1786277213316 0.20893895626068115 18849
1786277215970 0.24340176582336426 18899
1786277218607 0.22747093439102173 18949
1786277221228 0.1636631190776825 18999
1786277223912 0.21257267892360687 19049
1786277226577 0.21947674453258514 19099
1786277229224 0.2122092992067337 19149
1786277288627 0.171875 19199
1786277291280 0.19513081014156342 19249
1786277293914 0.19622093439102173 19299
1786277296513 0.21984010934829712 19349
1786277299139 0.151162788271904 19399
1786277301748 0.21438953280448914 19449
1786277304466 0.1707848757505417 19499
1786277307109 0.18465492129325867 19549
1786277309737 0.22508275508880615 19599
1786277312367 0.21802325546741486 19649
1786277315030 0.21984010934829712 19699
1786277317647 0.19077034294605255 19749
1786277320340 0.15799188613891602 19799
1786277322998 0.15734010934829712 19849
1786277325637 0.1744185984134674 19899
1786277328302 0.18713662028312683 19949
1786277330889 0.19186046719551086 19999
1786277333529 0.22856104373931885 20049
1786277336195 0.22283406555652618 20099
1786277338959 0.2332848757505417 20149
1786277341638 0.18204942345619202 20199
1786277344266 0.16351744532585144 20249
1786277346901 0.18713662028312683 20299
1786277349617 0.21148255467414856 20349
1786277352340 0.21838662028312683 20399
1786277355011 0.19731104373931885 20449
1786277357615 0.16388081014156342 20499
1786277360191 0.18277616798877716 20549
1786277362836 0.19513081014156342 20599
1786277365472 0.17369185388088226 20649
1786277368150 0.21111918985843658 20699
1786277371103 0.20748546719551086 20749
1786277373727 0.182412788271904 20799
1786277376331 0.2162064015865326 20849
1786277378969 0.17986918985843658 20899
1786277381660 0.19222383201122284 20949
1786277384301 0.18931685388088226 20999
1786277386939 0.18204942345619202 21049
1786277389564 0.262458473443985 21099
1786277392176 0.21111918985843658 21149
1786277394816 0.14898255467414856 21199
1786277397496 0.23800872266292572 21249
1786277400187 0.2206314206123352 21299
1786277402859 0.13081395626068115 21349
1786277405501 0.21984010934829712 21399
1786277408132 0.20094476640224457 21449
1786277410720 0.20530523359775543 21499
1786277413351 0.208212211728096 21549
1786277416003 0.19549418985843658 21599
1786277418659 0.2645348906517029 21649
1786277421297 0.19622093439102173 21699
1786277423952 0.1551598757505417 21749
1786277426577 0.19040697813034058 21799
1786277429181 0.13880814611911774 21849
1786277431820 0.19367732107639313 21899
1786277434507 0.255450576543808 21949
1786277437120 0.28851744532585144 21999
1786277439723 0.21840760111808777 22049
1786277442320 0.24418604373931885 22099
1786277444965 0.18204942345619202 22149
1786277447636 0.192587211728096 22199
1786277450275 0.15952034294605255 22249
1786277452893 0.18459302186965942 22299
1786277455813 0.17768895626068115 22349
1786277458434 0.2202034890651703 22399
1786277461063 0.22379912436008453 22449
1786277463709 0.16715116798877716 22499
1786277466338 0.19476744532585144 22549
1786277468972 0.16329532861709595 22599
1786277471588 0.1965842992067337 22649
1786277474230 0.239462211728096 22699
1786277476822 0.17950581014156342 22749
1786277479432 0.19476744532585144 22799
1786277482061 0.21515263617038727 22849
1786277484674 0.18756896257400513 22899
1786277487303 0.15952034294605255 22949
1786277489927 0.14389534294605255 22999
1786277492625 0.2162064015865326 23049
1786277495301 0.26526162028312683 23099
1786277497939 0.20301027595996857 23149
1786277500595 0.1704215109348297 23199
1786277503199 0.18132267892360687 23249
1786277505805 0.20930232107639313 23299
1786277508438 0.2212935984134674 23349
1786277511092 0.17659883201122284 23399
1786277513719 0.22770819067955017 23449
1786277516363 0.22873900830745697 23499
1786277519048 0.2071220874786377 23549
1786277521665 0.15661336481571198 23599
1786277524308 0.17623546719551086 23649
1786277527001 0.1693314015865326 23699
1786277529600 0.1875 23749
1786277532212 0.19113372266292572 23799
1786277534831 0.16569767892360687 23849
1786277537528 0.20784883201122284 23899
1786277540527 0.23655523359775543 23949
1786277543185 0.18132267892360687 23999
1786277545789 0.22747093439102173 24049
1786277548443 0.21511627733707428 24099
1786277551067 0.17914244532585144 24149
1786277553707 0.229287788271904 24199
1786277556355 0.2071220874786377 24249
1786277558995 0.239462211728096 24299
1786277561631 0.25690406560897827 24349
1786277564250 0.2278342992067337 24399
1786277566903 0.17623546719551086 24449
1786277569565 0.18277616798877716 24499
1786277572256 0.20748546719551086 24549
1786277574910 0.19585755467414856 24599
1786277577539 0.21114370226860046 24649
1786277580191 0.1707848757505417 24699
1786277582851 0.21947674453258514 24749
1786277585504 0.21947674453258514 24799
1786277588134 0.21329942345619202 24849
1786277590796 0.18531976640224457 24899
1786277593442 0.1707848757505417 24949
1786277596076 0.20818115770816803 24999
1786277598787 0.16569767892360687 25049
1786277601434 0.24018895626068115 25099
1786277604106 0.1733870953321457 25149
1786277606714 0.21838662028312683 25199
1786277609329 0.2303779125213623 25249
1786277611992 0.2147529125213623 25299
1786277614712 0.234375 25349
1786277617362 0.182420015335083 25399
1786277620011 0.2332848757505417 25449
1786277622686 0.16333332657814026 25499
1786277625665 0.16097383201122284 25549
1786277628308 0.23146802186965942 25599
1786277630958 0.18568314611911774 25649
1786277633605 0.20421510934829712 25699
1786277636269 0.1850220263004303 25749
1786277638952 0.208166241645813 25799
1786277641574 0.1991279125213623 25849
1786277644204 0.14680232107639313 25899
1786277646868 0.17659883201122284 25949
1786277649474 0.1835029125213623 25999
1786277652122 0.26710572838783264 26049
1786277654753 0.1547965109348297 26099
1786277657360 0.234375 26149
1786277660001 0.19418904185295105 26199
1786277662641 0.22873900830745697 26249
1786277665333 0.2008076310157776 26299
1786277667944 0.20130814611911774 26349
1786277670555 0.19731104373931885 26399
1786277673173 0.21039056777954102 26449
1786277675780 0.161337211728096 26499
1786277678395 0.122456394135952 26549
1786277681059 0.21511627733707428 26599
1786277683706 0.17531044781208038 26649
1786277686420 0.16242732107639313 26699
1786277689057 0.22492732107639313 26749
1786277691689 0.2283927947282791 26799
1786277694318 0.19949127733707428 26849
1786277697011 0.21329942345619202 26899
1786277699659 0.1693314015865326 26949
1786277702262 0.1832844614982605 26999
1786277704898 0.23110465705394745 27049
1786277707526 0.20239825546741486 27099
1786277710476 0.17709477245807648 27149
1786277713099 0.18568314611911774 27199
1786277715702 0.2045784890651703 27249
1786277718344 0.13880814611911774 27299
1786277720984 0.20276162028312683 27349
1786277723647 0.19731104373931885 27399
1786277726398 0.13227708637714386 27449
1786277729118 0.23146802186965942 27499
1786277731830 0.15079942345619202 27549
1786277734493 0.1864098757505417 27599
1786277737161 0.23146802186965942 27649
1786277739807 0.19731104373931885 27699
1786277742480 0.17550872266292572 27749
1786277745167 0.22508275508880615 27799
1786277747893 0.22819767892360687 27849
1786277750559 0.24273255467414856 27899
1786277753225 0.21037253737449646 27949
1786277755947 0.2685319781303406 27999
1786277758666 0.20639534294605255 28049
1786277761394 0.25183552503585815 28099
1786277764078 0.17260174453258514 28149
1786277766744 0.24963662028312683 28199
1786277769460 0.20421510934829712 28249
1786277772096 0.20454545319080353 28299
1786277774768 0.21184593439102173 28349
1786277777462 0.2332848757505417 28399
1786277780141 0.20930232107639313 28449
1786277782884 0.234375 28499
1786277785591 0.182412788271904 28549
1786277788270 0.1940407007932663 28599
1786277791001 0.1744185984134674 28649
1786277793645 0.16715116798877716 28699
