1786276191197 0.5091462731361389 1595
1786276299527 0.2969456911087036 3191
1786276399760 0.28861624002456665 4787
1786276493446 0.23614726960659027 6383
1786276577853 0.222177192568779 7979
1786276719430 0.2196129858493805 9575
1786276805029 0.20943546295166016 11171
1786276890384 0.20659178495407104 12767
1786276975317 0.21284011006355286 14363
1786277059829 0.21275538206100464 15959
1786277144667 0.21073083579540253 17555
1786277285758 0.20607681572437286 19151
1786277370655 0.20626676082611084 20747
1786277455176 0.20357836782932281 22343
1786277539636 0.19956107437610626 23939
1786277624589 0.19993895292282104 25535
1786277709210 0.20255136489868164 27131
1786277847041 0.2006140947341919 28727
