1786276073843 0.025452908128499985 49
1786276077833 0.018960777670145035 99
1786276082249 0.01894422248005867 149
1786276086444 0.020379817113280296 199
1786276089913 0.018209021538496017 249
1786276093687 0.017612595111131668 299
1786276097893 0.018232310190796852 349
1786276102045 0.015470318496227264 399
1786276105623 0.01961231790482998 449
1786276109153 0.020927052944898605 499
1786276112803 0.023997195065021515 549
1786276116877 0.02136542834341526 599
1786276120837 0.02539093606173992 649
1786276124617 0.030425945296883583 699
1786276128318 0.0326678641140461 749
1786276132186 0.02698851190507412 799
1786276136304 0.03152609243988991 849
1786276140267 0.02986881323158741 899
1786276143985 0.03600947931408882 949
1786276147679 0.0341544933617115 999
1786276151539 0.0380697138607502 1049
1786276155677 0.04709924757480621 1099
1786276159437 0.05375869199633598 1149
1786276162910 0.07523816078901291 1199
1786276166264 0.06720206886529922 1249
1786276170274 0.08580995351076126 1299
1786276174149 0.08143839985132217 1349
1786276177687 0.09154858440160751 1399
1786276180896 0.10970935970544815 1449
1786276184159 0.1047762930393219 1499
1786276187794 0.1101536974310875 1549
1786276191858 0.11590716987848282 1599
1786276195128 0.11533240228891373 1649
1786276198153 0.10498857498168945 1699
1786276201235 0.12176885455846786 1749
1786276204623 0.15076178312301636 1799
1786276208109 0.14564278721809387 1849
1786276211463 0.10931941866874695 1899
1786276214718 0.17204204201698303 1949
1786276217996 0.18324898183345795 1999
1786276221415 0.13756197690963745 2049
1786276225007 0.23270761966705322 2099
1786276228502 0.1547183245420456 2149
1786276231817 0.142242431640625 2199
1786276235093 0.1633877009153366 2249
1786276238532 0.16379670798778534 2299
1786276242195 0.16764310002326965 2349
1786276245779 0.2195635735988617 2399
1786276249212 0.17390583455562592 2449
1786276252508 0.15048137307167053 2499
1786276255700 0.20185035467147827 2549
1786276259139 0.23637890815734863 2599
1786276262835 0.24805383384227753 2649
1786276266577 0.17211031913757324 2699
1786276270060 0.0976218730211258 2749
1786276273159 0.17371498048305511 2799
1786276276488 0.11939577758312225 2849
1786276280147 0.19331081211566925 2899
1786276283888 0.1485913246870041 2949
1786276287262 0.15741468966007233 2999
1786276290299 0.14464397728443146 3049
1786276293463 0.17545732855796814 3099
1786276296762 0.12361259013414383 3149
1786276300441 0.1900167614221573 3199
1786276303711 0.15299227833747864 3249
1786276307174 0.14634650945663452 3299
1786276310437 0.13600073754787445 3349
1786276313725 0.1376083791255951 3399
1786276317254 0.11281907558441162 3449
1786276321032 0.18847164511680603 3499
1786276324468 0.185961052775383 3549
1786276327824 0.14581383764743805 3599
1786276331026 0.12443955987691879 3649
1786276334359 0.12144000828266144 3699
1786276337596 0.17748236656188965 3749
1786276340659 0.1971292942762375 3799
1786276343616 0.1792808324098587 3849
1786276346449 0.17863726615905762 3899
1786276349426 0.1869708150625229 3949
1786276352602 0.1525712013244629 3999
1786276355863 0.13183557987213135 4049
1786276358889 0.2055303156375885 4099
1786276361738 0.15758498013019562 4149
1786276364634 0.1654248833656311 4199
1786276367801 0.16875892877578735 4249
1786276371097 0.16434627771377563 4299
1786276374155 0.187919482588768 4349
1786276376948 0.17927204072475433 4399
1786276379781 0.17887945473194122 4449
1786276382648 0.15147078037261963 4499
1786276385645 0.17598344385623932 4549
1786276388772 0.18237167596817017 4599
1786276391727 0.2334049493074417 4649
1786276394622 0.19010545313358307 4699
1786276397527 0.200776606798172 4749
1786276400765 0.2754316031932831 4799
1786276403832 0.24597898125648499 4849
1786276406875 0.25887155532836914 4899
1786276409798 0.20478883385658264 4949
1786276412795 0.19098418951034546 4999
1786276415788 0.23861320316791534 5049
1786276418958 0.22327880561351776 5099
1786276422047 0.23239344358444214 5149
1786276424955 0.206170454621315 5199
1786276427782 0.2176220864057541 5249
1786276430754 0.2740660011768341 5299
1786276433927 0.15951256453990936 5349
1786276437166 0.2820131480693817 5399
1786276440267 0.19922085106372833 5449
1786276443161 0.31156402826309204 5499
1786276446056 0.2359650880098343 5549
1786276449179 0.23878441751003265 5599
1786276452417 0.32809120416641235 5649
1786276455525 0.3147638142108917 5699
1786276458384 0.2546813189983368 5749
1786276461145 0.24650932848453522 5799
1786276464006 0.3502850830554962 5849
1786276466848 0.3834247887134552 5899
1786276469672 0.3173075318336487 5949
1786276472460 0.2630939781665802 5999
1786276475258 0.30858364701271057 6049
1786276478015 0.2805770933628082 6099
1786276480761 0.32147669792175293 6149
1786276483556 0.20870880782604218 6199
1786276486291 0.3709786832332611 6249
1786276488989 0.27432554960250854 6299
1786276491659 0.27220067381858826 6349
1786276494610 0.3597155511379242 6399
1786276497261 0.3674317002296448 6449
1786276499900 0.2720869779586792 6499
1786276502516 0.24235698580741882 6549
1786276505144 0.29692310094833374 6599
1786276507778 0.29690229892730713 6649
1786276510424 0.3067578971385956 6699
1786276513100 0.27533990144729614 6749
1786276515749 0.31273916363716125 6799
1786276518347 0.35343295335769653 6849
1786276521021 0.27481770515441895 6899
1786276523619 0.24230563640594482 6949
1786276526249 0.2558176815509796 6999
1786276528897 0.3167932331562042 7049
1786276531594 0.21089603006839752 7099
1786276534233 0.4456561803817749 7149
1786276536816 0.36330878734588623 7199
1786276539434 0.3504812717437744 7249
1786276542058 0.23722021281719208 7299
1786276544686 0.34268778562545776 7349
1786276547298 0.3065529465675354 7399
1786276549896 0.29736271500587463 7449
1786276552525 0.23909465968608856 7499
1786276555218 0.33700069785118103 7549
1786276557838 0.3002256453037262 7599
1786276560502 0.3073570430278778 7649
1786276563115 0.2631691098213196 7699
1786276565760 0.2966969609260559 7749
1786276568387 0.3237365782260895 7799
1786276571024 0.26990386843681335 7849
1786276573645 0.30081358551979065 7899
1786276576281 0.29985710978507996 7949
1786276579211 0.3547648787498474 7999
1786276581836 0.2834542393684387 8049
1786276584466 0.4029848277568817 8099
1786276587104 0.30402976274490356 8149
1786276589713 0.32321250438690186 8199
1786276592358 0.26707854866981506 8249
1786276594966 0.3374059498310089 8299
1786276597588 0.3171587288379669 8349
1786276600246 0.2668282687664032 8399
1786276602864 0.3867937922477722 8449
1786276605499 0.3473600447177887 8499
1786276608112 0.2331768274307251 8549
1786276610775 0.4188232421875 8599
1786276613353 0.3293304741382599 8649
1786276615971 0.25074729323387146 8699
1786276618586 0.43989983201026917 8749
1786276621192 0.33534494042396545 8799
1786276623846 0.2664485275745392 8849
1786276626501 0.394491583108902 8899
1786276629126 0.25518083572387695 8949
1786276631729 0.3215266466140747 8999
1786276634392 0.36764854192733765 9049
1786276637006 0.3847731649875641 9099
1786276639621 0.30249932408332825 9149
1786276642240 0.30670446157455444 9199
1786276644884 0.3237469792366028 9249
1786276647503 0.30166396498680115 9299
1786276650189 0.23645177483558655 9349
1786276652863 0.33589377999305725 9399
1786276655478 0.35067474842071533 9449
1786276658171 0.4816587269306183 9499
1786276660799 0.24264948070049286 9549
1786276721010 0.4728544354438782 9599
1786276723647 0.28530561923980713 9649
1786276726307 0.3119146227836609 9699
1786276728977 0.35489892959594727 9749
1786276731720 0.46944674849510193 9799
1786276734392 0.3754371702671051 9849
1786276737017 0.3797167241573334 9899
1786276739626 0.31147149205207825 9949
1786276742288 0.28966912627220154 9999
1786276744979 0.30789148807525635 10049
1786276747635 0.3539336323738098 10099
1786276750331 0.42836835980415344 10149
1786276753001 0.38799968361854553 10199
1786276755624 0.2857217788696289 10249
1786276758263 0.3194289207458496 10299
1786276761017 0.3973091244697571 10349
1786276763803 0.22340455651283264 10399
1786276766522 0.4105406105518341 10449
1786276769227 0.3255588710308075 10499
1786276771878 0.3167295753955841 10549
1786276774534 0.42071694135665894 10599
1786276777206 0.4318963587284088 10649
1786276779908 0.48491621017456055 10699
1786276782580 0.37136584520339966 10749
1786276785298 0.5753569602966309 10799
1786276787966 0.3075564503669739 10849
1786276790600 0.34970054030418396 10899
1786276793294 0.27090921998023987 10949
1786276795969 0.40678802132606506 10999
1786276798644 0.38110223412513733 11049
1786276801255 0.4840928018093109 11099
1786276803875 0.3400229215621948 11149
1786276806837 0.2779833674430847 11199
1786276809574 0.3043958842754364 11249
1786276812271 0.3792129456996918 11299
1786276814990 0.396336168050766 11349
1786276817643 0.32042253017425537 11399
1786276820278 0.3548072874546051 11449
1786276822922 0.3641146421432495 11499
1786276825570 0.46673619747161865 11549
1786276828223 0.4943299889564514 11599
1786276830894 0.3485603630542755 11649
1786276833530 0.2844385802745819 11699
1786276836187 0.32209184765815735 11749
1786276838850 0.37572044134140015 11799
1786276841514 0.3876880407333374 11849
1786276844169 0.2741357982158661 11899
1786276846881 0.29166942834854126 11949
1786276849573 0.4689309000968933 11999
1786276852200 0.3081270158290863 12049
1786276854860 0.3812670111656189 12099
1786276857507 0.347059041261673 12149
1786276860169 0.31212282180786133 12199
1786276862823 0.4048548936843872 12249
1786276865538 0.4084639847278595 12299
1786276868163 0.36890295147895813 12349
1786276870801 0.33485785126686096 12399
1786276873431 0.452249139547348 12449
1786276876091 0.41409027576446533 12499
1786276878745 0.3520769476890564 12549
1786276881421 0.39386239647865295 12599
1786276884115 0.4548470675945282 12649
1786276886738 0.5164714455604553 12699
1786276889379 0.3511941134929657 12749
1786276892475 0.4109025001525879 12799
1786276895283 0.38666626811027527 12849
1786276898009 0.32188472151756287 12899
1786276900654 0.33273857831954956 12949
1786276903268 0.5668280720710754 12999
1786276905896 0.3516876697540283 13049
1786276908583 0.44013267755508423 13099
1786276911258 0.26103729009628296 13149
1786276913908 0.3196408152580261 13199
1786276916540 0.4144778549671173 13249
1786276919180 0.4311143159866333 13299
1786276921791 0.27246350049972534 13349
1786276924401 0.3975616693496704 13399
1786276927038 0.47626158595085144 13449
1786276929701 0.29383692145347595 13499
1786276932324 0.32093358039855957 13549
1786276934916 0.26521119475364685 13599
1786276937565 0.35131901502609253 13649
1786276940197 0.44436410069465637 13699
1786276942835 0.3618241250514984 13749
1786276945459 0.4780965745449066 13799
1786276948059 0.39109155535697937 13849
1786276950765 0.3370250165462494 13899
1786276953405 0.2763419449329376 13949
1786276956010 0.3378189206123352 13999
1786276958680 0.2794342041015625 14049
1786276961322 0.4054757356643677 14099
1786276963933 0.35442671179771423 14149
1786276966594 0.4836481809616089 14199
1786276969259 0.2849445641040802 14249
1786276971903 0.3184339702129364 14299
1786276974536 0.5356878638267517 14349
1786276977465 0.46519672870635986 14399
1786276980120 0.35579004883766174 14449
1786276982790 0.2985275387763977 14499
1786276985475 0.23282520473003387 14549
1786276988099 0.3157113194465637 14599
1786276990711 0.37444067001342773 14649
1786276993326 0.3160240352153778 14699
1786276995965 0.39758801460266113 14749
1786276998632 0.2834486961364746 14799
1786277001323 0.29817649722099304 14849
1786277003977 0.3097185492515564 14899
1786277006573 0.3493242859840393 14949
1786277009165 0.3829309642314911 14999
1786277011779 0.3113803267478943 15049
1786277014382 0.38417062163352966 15099
1786277017003 0.4327244460582733 15149
1786277019664 0.3651471734046936 15199
1786277022353 0.39945274591445923 15249
1786277024948 0.23771703243255615 15299
1786277027556 0.24242046475410461 15349
1786277030228 0.3532774746417999 15399
1786277032852 0.39955151081085205 15449
1786277035481 0.2870631814002991 15499
1786277038150 0.38270843029022217 15549
1786277040764 0.2671326994895935 15599
1786277043419 0.32166633009910583 15649
1786277046054 0.3915790319442749 15699
1786277048769 0.46677565574645996 15749
1786277051391 0.31980130076408386 15799
1786277053954 0.4177981913089752 15849
1786277056620 0.35835346579551697 15899
1786277059236 0.28295043110847473 15949
1786277062342 0.29177096486091614 15999
1786277064968 0.4577515125274658 16049
1786277067614 0.36052900552749634 16099
1786277070236 0.37917810678482056 16149
1786277072886 0.25840622186660767 16199
1786277075520 0.39308175444602966 16249
1786277078183 0.33829888701438904 16299
1786277080810 0.3194728493690491 16349
1786277083444 0.34411901235580444 16399
1786277086083 0.47578999400138855 16449
1786277088688 0.39935627579689026 16499
1786277091310 0.35989925265312195 16549
1786277093982 0.3879874348640442 16599
1786277096650 0.4739988446235657 16649
1786277099335 0.4696393609046936 16699
1786277102013 0.4307621717453003 16749
1786277104636 0.25156497955322266 16799
1786277107272 0.5215099453926086 16849
1786277109982 0.3602660894393921 16899
1786277112636 0.35012975335121155 16949
1786277115279 0.3703378140926361 16999
1786277117913 0.520220935344696 17049
1786277120549 0.37594231963157654 17099
1786277123209 0.32652127742767334 17149
1786277125853 0.43026554584503174 17199
1786277128477 0.275612473487854 17249
1786277131136 0.2619636356830597 17299
1786277133715 0.33773788809776306 17349
1786277136356 0.39445993304252625 17399
1786277138966 0.28755688667297363 17449
1786277141628 0.39812761545181274 17499
1786277144316 0.3307631015777588 17549
1786277147294 0.42662477493286133 17599
1786277149912 0.3410075008869171 17649
1786277152537 0.2483711689710617 17699
1786277155158 0.4733152985572815 17749
1786277157824 0.46455055475234985 17799
1786277160431 0.46972692012786865 17849
1786277163082 0.36675822734832764 17899
1786277165777 0.432595819234848 17949
1786277168367 0.3581932485103607 17999
1786277170981 0.2842526435852051 18049
1786277173632 0.3083954155445099 18099
1786277176330 0.3947237432003021 18149
1786277178973 0.3874550759792328 18199
1786277181613 0.32139527797698975 18249
1786277184202 0.3552647531032562 18299
1786277186836 0.32679301500320435 18349
1786277189473 0.3260778486728668 18399
1786277192075 0.4716509282588959 18449
1786277194703 0.48626193404197693 18499
1786277197334 0.28826335072517395 18549
1786277199975 0.42710140347480774 18599
1786277202635 0.3000805974006653 18649
1786277205315 0.2919318377971649 18699
1786277207952 0.37597355246543884 18749
1786277210623 0.4009535014629364 18799
1786277213316 0.3355691730976105 18849
1786277215970 0.3100150525569916 18899
1786277218607 0.3258081078529358 18949
1786277221228 0.5886076092720032 18999
1786277223912 0.2946098744869232 19049
1786277226577 0.2981848120689392 19099
1786277229224 0.41458532214164734 19149
1786277288627 0.43514013290405273 19199
1786277291280 0.31796184182167053 19249
1786277293914 0.4121083915233612 19299
1786277296513 0.4401412904262543 19349
1786277299139 0.4411987364292145 19399
1786277301748 0.32683444023132324 19449
1786277304466 0.3635201156139374 19499
1786277307109 0.31475386023521423 19549
1786277309737 0.41623058915138245 19599
1786277312367 0.36832666397094727 19649
1786277315030 0.2501465082168579 19699
1786277317647 0.44160106778144836 19749
1786277320340 0.6015315651893616 19799
1786277322998 0.4493788778781891 19849
1786277325637 0.336533784866333 19899
1786277328302 0.32430800795555115 19949
1786277330889 0.3442345857620239 19999
1786277333529 0.24480721354484558 20049
1786277336195 0.4860095977783203 20099
1786277338959 0.31070083379745483 20149
1786277341638 0.31747835874557495 20199
1786277344266 0.43991196155548096 20249
1786277346901 0.4383225440979004 20299
1786277349617 0.34466230869293213 20349
1786277352340 0.42698216438293457 20399
1786277355011 0.36772599816322327 20449
1786277357615 0.4138074517250061 20499
1786277360191 0.31059613823890686 20549
1786277362836 0.3854556381702423 20599
1786277365472 0.3657604157924652 20649
1786277368150 0.3587575852870941 20699
1786277371103 0.42774707078933716 20749
1786277373727 0.36520442366600037 20799
1786277376331 0.3985510468482971 20849
1786277378969 0.37947553396224976 20899
1786277381660 0.46650612354278564 20949
1786277384301 0.484295517206192 20999
1786277386939 0.37751761078834534 21049
1786277389564 0.26303723454475403 21099
1786277392176 0.3342674970626831 21149
1786277394816 0.4001920819282532 21199
1786277397496 0.29716506600379944 21249
1786277400187 0.3099438548088074 21299
1786277402859 0.5266567468643188 21349
1786277405501 0.33361655473709106 21399
1786277408132 0.3614223301410675 21449
1786277410720 0.33988016843795776 21499
1786277413351 0.3562549352645874 21549
1786277416003 0.36036762595176697 21599
1786277418659 0.2753278911113739 21649
1786277421297 0.4033704400062561 21699
1786277423952 0.35041868686676025 21749
1786277426577 0.3925987184047699 21799
1786277429181 0.5642399191856384 21849
1786277431820 0.5061618089675903 21899
1786277434507 0.30248382687568665 21949
1786277437120 0.2634395658969879 21999
1786277439723 0.41930994391441345 22049
1786277442320 0.24801768362522125 22099
1786277444965 0.3806442320346832 22149
1786277447636 0.5030508041381836 22199
1786277450275 0.4852423667907715 22249
1786277452893 0.38202229142189026 22299
1786277455813 0.3407542109489441 22349
1786277458434 0.38093113899230957 22399
1786277461063 0.28829678893089294 22449
1786277463709 0.5119655728340149 22499
1786277466338 0.37780332565307617 22549
1786277468972 0.3995341360569 22599
1786277471588 0.28478702902793884 22649
1786277474230 0.285568505525589 22699
1786277476822 0.7117664217948914 22749
1786277479432 0.33843883872032166 22799
1786277482061 0.3453412652015686 22849
1786277484674 0.3175216019153595 22899
1786277487303 0.3920520544052124 22949
1786277489927 0.4694332778453827 22999
1786277492625 0.28131046891212463 23049
1786277495301 0.49186190962791443 23099
1786277497939 0.3235699534416199 23149
1786277500595 0.36732760071754456 23199
1786277503199 0.4357847571372986 23249
1786277505805 0.3765028119087219 23299
1786277508438 0.34796324372291565 23349
1786277511092 0.5117876529693604 23399
1786277513719 0.3417237102985382 23449
1786277516363 0.3563317656517029 23499
1786277519048 0.5253005623817444 23549
1786277521665 0.5083752274513245 23599
1786277524308 0.4025663435459137 23649
1786277527001 0.5854526162147522 23699
1786277529600 0.41064515709877014 23749
1786277532212 0.46841323375701904 23799
1786277534831 0.38752293586730957 23849
1786277537528 0.3742915391921997 23899
1786277540527 0.23738479614257812 23949
1786277543185 0.34810468554496765 23999
1786277545789 0.3077750504016876 24049
1786277548443 0.36509203910827637 24099
1786277551067 0.41403934359550476 24149
1786277553707 0.27069979906082153 24199
1786277556355 0.3430388569831848 24249
1786277558995 0.39775514602661133 24299
1786277561631 0.23236393928527832 24349
1786277564250 0.3753897249698639 24399
1786277566903 0.4923223555088043 24449
1786277569565 0.5324238538742065 24499
1786277572256 0.4779829978942871 24549
1786277574910 0.5212652683258057 24599
1786277577539 0.39744994044303894 24649
1786277580191 0.5736246109008789 24699
1786277582851 0.3014027774333954 24749
1786277585504 0.3037581145763397 24799
1786277588134 0.30402469635009766 24849
1786277590796 0.39504721760749817 24899
1786277593442 0.5060005187988281 24949
1786277596076 0.3240271806716919 24999
1786277598787 0.37603217363357544 25049
1786277601434 0.24995067715644836 25099
1786277604106 0.48896417021751404 25149
1786277606714 0.2961752116680145 25199
1786277609329 0.4489586055278778 25249
1786277611992 0.3385496735572815 25299
1786277614712 0.23885425925254822 25349
1786277617362 0.4336812496185303 25399
1786277620011 0.4231725335121155 25449
1786277622686 0.5091409087181091 25499
1786277625665 0.4683752655982971 25549
1786277628308 0.4448239505290985 25599
1786277630958 0.38274818658828735 25649
1786277633605 0.40325111150741577 25699
1786277636269 0.4384717047214508 25749
1786277638952 0.384929358959198 25799
1786277641574 0.4134732484817505 25849
1786277644204 0.3498513996601105 25899
1786277646868 0.41567885875701904 25949
1786277649474 0.4573137164115906 25999
1786277652122 0.3034250736236572 26049
1786277654753 0.3588085472583771 26099
1786277657360 0.2371228188276291 26149
1786277660001 0.34934213757514954 26199
1786277662641 0.2867838144302368 26249
1786277665333 0.32137662172317505 26299
1786277667944 0.47814977169036865 26349
1786277670555 0.41927510499954224 26399
1786277673173 0.28130969405174255 26449
1786277675780 0.5009009838104248 26499
1786277678395 0.4613795280456543 26549
1786277681059 0.48311227560043335 26599
1786277683706 0.43905162811279297 26649
1786277686420 0.3197694420814514 26699
1786277689057 0.316631555557251 26749
1786277691689 0.4336071312427521 26799
1786277694318 0.42269641160964966 26849
1786277697011 0.3322811424732208 26899
1786277699659 0.48738351464271545 26949
1786277702262 0.41379114985466003 26999
1786277704898 0.3080064058303833 27049
1786277707526 0.38603565096855164 27099
1786277710476 0.5307067036628723 27149
1786277713099 0.30131101608276367 27199
1786277715702 0.2823297381401062 27249
1786277718344 0.5679214000701904 27299
1786277720984 0.3055858314037323 27349
1786277723647 0.43408912420272827 27399
1786277726398 0.5644129514694214 27449
1786277729118 0.38255253434181213 27499
1786277731830 0.40178945660591125 27549
1786277734493 0.31103986501693726 27599
1786277737161 0.2959631383419037 27649
1786277739807 0.4200691282749176 27699
1786277742480 0.37655267119407654 27749
1786277745167 0.49524596333503723 27799
1786277747893 0.3649002015590668 27849
1786277750559 0.32623904943466187 27899
1786277753225 0.4057011008262634 27949
1786277755947 0.2629227340221405 27999
1786277758666 0.27617233991622925 28049
1786277761394 0.28118735551834106 28099
1786277764078 0.4432210326194763 28149
1786277766744 0.3458847105503082 28199
1786277769460 0.44601261615753174 28249
1786277772096 0.5009129643440247 28299
1786277774768 0.3654419779777527 28349
1786277777462 0.24760369956493378 28399
1786277780141 0.3267222046852112 28449
1786277782884 0.3131263554096222 28499
1786277785591 0.5477985739707947 28549
1786277788270 0.3784823417663574 28599
1786277791001 0.3694629669189453 28649
1786277793645 0.43155214190483093 28699
