1786276191197 0.04642895609140396 1595
1786276299527 0.17453455924987793 3191
1786276399760 0.17949344217777252 4787
1786276493446 0.25998467206954956 6383
1786276577853 0.29292646050453186 7979
1786276719430 0.33331024646759033 9575
1786276805029 0.36638525128364563 11171
1786276890384 0.3756486177444458 12767
1786276975317 0.36119967699050903 14363
1786277059829 0.3619357645511627 15959
1786277144667 0.3739248216152191 17555
1786277285758 0.3781801462173462 19151
1786277370655 0.3781290352344513 20747
1786277455176 0.38430848717689514 22343
1786277539636 0.3955046832561493 23939
1786277624589 0.3949885964393616 25535
1786277709210 0.38987553119659424 27131
1786277847041 0.3950994908809662 28727
