1786276073843 1.1355900764465332 49
1786276077833 0.9177520275115967 99
1786276082249 0.9044026136398315 149
1786276086444 0.8620232939720154 199
1786276089913 0.8853287696838379 249
1786276093687 0.9247891902923584 299
1786276097893 0.8983834981918335 349
1786276102045 0.8544260859489441 399
1786276105623 0.8593446612358093 449
1786276109153 0.8958307504653931 499
1786276112803 0.9312281608581543 549
1786276116877 1.0251215696334839 599
1786276120837 1.099556803703308 649
1786276124617 1.1636050939559937 699
1786276128318 1.1291921138763428 749
1786276132186 1.1258549690246582 799
1786276136304 1.1192691326141357 849
1786276140267 1.0974563360214233 899
1786276143985 1.156770944595337 949
1786276147679 1.1408146619796753 999
1786276151539 1.1316463947296143 1049
1786276155677 1.1421163082122803 1099
1786276159437 1.1840718984603882 1149
1786276162910 1.2382335662841797 1199
1786276166264 1.2236111164093018 1249
1786276170274 1.2927870750427246 1299
1786276174149 1.3090782165527344 1349
1786276177687 1.3368752002716064 1399
1786276180896 1.4239147901535034 1449
1786276184159 1.364504337310791 1499
1786276187794 1.3941614627838135 1549
1786276191858 1.4521697759628296 1599
1786276195128 1.489890217781067 1649
1786276198153 1.4418020248413086 1699
1786276201235 1.4808967113494873 1749
1786276204623 1.5702590942382812 1799
1786276208109 1.5942389965057373 1849
1786276211463 1.4200305938720703 1899
1786276214718 1.610887050628662 1949
1786276217996 1.6121612787246704 1999
1786276221415 1.5352343320846558 2049
1786276225007 1.7929779291152954 2099
1786276228502 1.6291166543960571 2149
1786276231817 1.5811203718185425 2199
1786276235093 1.6231046915054321 2249
1786276238532 1.565540075302124 2299
1786276242195 1.5685197114944458 2349
1786276245779 1.7764843702316284 2399
1786276249212 1.6432669162750244 2449
1786276252508 1.6401920318603516 2499
1786276255700 1.607839584350586 2549
1786276259139 1.7683595418930054 2599
1786276262835 1.7620537281036377 2649
1786276266577 1.6013950109481812 2699
1786276270060 1.419063687324524 2749
1786276273159 1.603894591331482 2799
1786276276488 1.4859503507614136 2849
1786276280147 1.7272815704345703 2899
1786276283888 1.5390504598617554 2949
1786276287262 1.5993006229400635 2999
1786276290299 1.548111081123352 3049
1786276293463 1.6420618295669556 3099
1786276296762 1.5166842937469482 3149
1786276300441 1.7253676652908325 3199
1786276303711 1.573531150817871 3249
1786276307174 1.6087076663970947 3299
1786276310437 1.5621391534805298 3349
1786276313725 1.5921680927276611 3399
1786276317254 1.4991443157196045 3449
1786276321032 1.7151446342468262 3499
1786276324468 1.639650583267212 3549
1786276327824 1.621616244316101 3599
1786276331026 1.5003039836883545 3649
1786276334359 1.4997795820236206 3699
1786276337596 1.5877145528793335 3749
1786276340659 1.7050832509994507 3799
1786276343616 1.6604266166687012 3849
1786276346449 1.6399873495101929 3899
1786276349426 1.6561124324798584 3949
1786276352602 1.5139985084533691 3999
1786276355863 1.51448392868042 4049
1786276358889 1.7213664054870605 4099
1786276361738 1.5879098176956177 4149
1786276364634 1.6335779428482056 4199
1786276367801 1.6083952188491821 4249
1786276371097 1.6609792709350586 4299
1786276374155 1.6539676189422607 4349
1786276376948 1.6602174043655396 4399
1786276379781 1.6792809963226318 4449
1786276382648 1.5915640592575073 4499
1786276385645 1.6427466869354248 4549
1786276388772 1.6529253721237183 4599
1786276391727 1.7737284898757935 4649
1786276394622 1.710551142692566 4699
1786276397527 1.7788444757461548 4749
1786276400765 1.8761746883392334 4799
1786276403832 1.7764155864715576 4849
1786276406875 1.89154851436615 4899
1786276409798 1.7756370306015015 4949
1786276412795 1.6721848249435425 4999
1786276415788 1.7850077152252197 5049
1786276418958 1.8003315925598145 5099
1786276422047 1.8452882766723633 5149
1786276424955 1.7081433534622192 5199
1786276427782 1.873195767402649 5249
1786276430754 1.9451881647109985 5299
1786276433927 1.5668363571166992 5349
1786276437166 1.929760456085205 5399
1786276440267 1.746227502822876 5449
1786276443161 2.034679889678955 5499
1786276446056 1.8282197713851929 5549
1786276449179 1.880582571029663 5599
1786276452417 1.9951285123825073 5649
1786276455525 2.0022501945495605 5699
1786276458384 1.9278146028518677 5749
1786276461145 1.8983393907546997 5799
1786276464006 2.159731864929199 5849
1786276466848 2.2103590965270996 5899
1786276469672 1.9800647497177124 5949
1786276472460 1.9062484502792358 5999
1786276475258 1.988605260848999 6049
1786276478015 1.9338040351867676 6099
1786276480761 2.103846311569214 6149
1786276483556 1.763558268547058 6199
1786276486291 2.1099753379821777 6249
1786276488989 1.8965450525283813 6299
1786276491659 1.911965250968933 6349
1786276494610 2.0878450870513916 6399
1786276497261 2.1999142169952393 6449
1786276499900 1.9605811834335327 6499
1786276502516 1.7993155717849731 6549
1786276505144 2.0104496479034424 6599
1786276507778 2.00699782371521 6649
1786276510424 2.0654025077819824 6699
1786276513100 1.9010502099990845 6749
1786276515749 2.0274863243103027 6799
1786276518347 2.1435883045196533 6849
1786276521021 1.926507592201233 6899
1786276523619 1.8567373752593994 6949
1786276526249 1.8345539569854736 6999
1786276528897 2.0694186687469482 7049
1786276531594 1.8057440519332886 7099
1786276534233 2.344208002090454 7149
1786276536816 2.1098861694335938 7199
1786276539434 2.1213865280151367 7249
1786276542058 1.8385642766952515 7299
1786276544686 2.123004913330078 7349
1786276547298 1.9823447465896606 7399
1786276549896 2.050750255584717 7449
1786276552525 1.8289326429367065 7499
1786276555218 2.0597753524780273 7549
1786276557838 2.016300678253174 7599
1786276560502 1.944206953048706 7649
1786276563115 1.8542367219924927 7699
1786276565760 1.9634712934494019 7749
1786276568387 2.1051111221313477 7799
1786276571024 1.9386694431304932 7849
1786276573645 1.8865810632705688 7899
1786276576281 2.004669189453125 7949
1786276579211 2.0505211353302 7999
1786276581836 1.8234565258026123 8049
1786276584466 2.2129452228546143 8099
1786276587104 2.012791395187378 8149
1786276589713 2.0329864025115967 8199
1786276592358 1.8836928606033325 8249
1786276594966 2.0770328044891357 8299
1786276597588 2.0012612342834473 8349
1786276600246 1.8103158473968506 8399
1786276602864 2.087550401687622 8449
1786276605499 2.096256971359253 8499
1786276608112 1.8309849500656128 8549
1786276610775 2.0990591049194336 8599
1786276613353 2.0121233463287354 8649
1786276615971 1.7766063213348389 8699
1786276618586 2.2089602947235107 8749
1786276621192 2.023481845855713 8799
1786276623846 1.8571449518203735 8849
1786276626501 2.153932809829712 8899
1786276629126 1.8224904537200928 8949
1786276631729 1.9587899446487427 8999
1786276634392 2.1483888626098633 9049
1786276637006 2.0836074352264404 9099
1786276639621 1.981732726097107 9149
1786276642240 1.9750518798828125 9199
1786276644884 2.0144219398498535 9249
1786276647503 1.9238619804382324 9299
1786276650189 1.7407031059265137 9349
1786276652863 2.0504753589630127 9399
1786276655478 2.0261642932891846 9449
1786276658171 2.298898696899414 9499
1786276660799 1.763349175453186 9549
1786276721010 2.288978099822998 9599
1786276723647 1.9891477823257446 9649
1786276726307 1.9226683378219604 9699
1786276728977 1.9802125692367554 9749
1786276731720 2.173367500305176 9799
1786276734392 2.1400249004364014 9849
1786276737017 2.1321868896484375 9899
1786276739626 1.9695827960968018 9949
1786276742288 1.9123914241790771 9999
1786276744979 1.972874641418457 10049
1786276747635 2.070885181427002 10099
1786276750331 2.2266218662261963 10149
1786276753001 2.256786823272705 10199
1786276755624 1.9183218479156494 10249
1786276758263 2.067110300064087 10299
1786276761017 2.2656686305999756 10349
1786276763803 1.7469203472137451 10399
1786276766522 2.114532947540283 10449
1786276769227 2.0238795280456543 10499
1786276771878 2.0308446884155273 10549
1786276774534 2.268629550933838 10599
1786276777206 2.249253749847412 10649
1786276779908 2.288553237915039 10699
1786276782580 2.1210763454437256 10749
1786276785298 2.5162315368652344 10799
1786276787966 2.0382943153381348 10849
1786276790600 2.119899034500122 10899
1786276793294 1.836646318435669 10949
1786276795969 2.2485036849975586 10999
1786276798644 2.1468145847320557 11049
1786276801255 2.2895944118499756 11099
1786276803875 2.038681745529175 11149
1786276806837 1.8886330127716064 11199
1786276809574 1.9020135402679443 11249
1786276812271 2.113767147064209 11299
1786276814990 2.1737799644470215 11349
1786276817643 1.974279761314392 11399
1786276820278 2.0690817832946777 11449
1786276822922 2.1817519664764404 11499
1786276825570 2.42366361618042 11549
1786276828223 2.3529722690582275 11599
1786276830894 1.9651755094528198 11649
1786276833530 1.9232845306396484 11699
1786276836187 1.90868079662323 11749
1786276838850 2.1128664016723633 11799
1786276841514 2.223503828048706 11849
1786276844169 1.9169232845306396 11899
1786276846881 1.8998242616653442 11949
1786276849573 2.39142107963562 11999
1786276852200 1.980959177017212 12049
1786276854860 2.122110366821289 12099
1786276857507 2.115570068359375 12149
1786276860169 2.048506736755371 12199
1786276862823 2.2350385189056396 12249
1786276865538 2.260444402694702 12299
1786276868163 2.104487419128418 12349
1786276870801 2.035102605819702 12399
1786276873431 2.304401397705078 12449
1786276876091 2.2165565490722656 12499
1786276878745 2.0480892658233643 12549
1786276881421 2.185837984085083 12599
1786276884115 2.3518176078796387 12649
1786276886738 2.444498062133789 12699
1786276889379 2.1522538661956787 12749
1786276892475 2.2187957763671875 12799
1786276895283 2.1939949989318848 12849
1786276898009 2.1023519039154053 12899
1786276900654 2.072046995162964 12949
1786276903268 2.498103141784668 12999
1786276905896 2.1971237659454346 13049
1786276908583 2.3378453254699707 13099
1786276911258 1.8637117147445679 13149
1786276913908 2.141596555709839 13199
1786276916540 2.2509825229644775 13249
1786276919180 2.2730088233947754 13299
1786276921791 1.969457983970642 13349
1786276924401 2.1333253383636475 13399
1786276927038 2.2823197841644287 13449
1786276929701 1.9771504402160645 13499
1786276932324 2.1120004653930664 13549
1786276934916 1.9054100513458252 13599
1786276937565 2.1426985263824463 13649
1786276940197 2.2908105850219727 13699
1786276942835 2.1626241207122803 13749
1786276945459 2.289827585220337 13799
1786276948059 2.1957435607910156 13849
1786276950765 2.1467106342315674 13899
1786276953405 1.9906184673309326 13949
1786276956010 2.002237558364868 13999
1786276958680 1.9642069339752197 14049
1786276961322 2.238102674484253 14099
1786276963933 2.0573511123657227 14149
1786276966594 2.428666830062866 14199
1786276969259 2.0260560512542725 14249
1786276971903 2.075003147125244 14299
1786276974536 2.510190486907959 14349
1786276977465 2.3009469509124756 14399
1786276980120 2.2158725261688232 14449
1786276982790 2.047988176345825 14499
1786276985475 1.777501106262207 14549
1786276988099 2.0456697940826416 14599
1786276990711 2.026181697845459 14649
1786276993326 2.0248749256134033 14699
1786276995965 2.1298940181732178 14749
1786276998632 1.9162547588348389 14799
1786277001323 2.0128626823425293 14849
1786277003977 2.0915658473968506 14899
1786277006573 2.1291353702545166 14949
1786277009165 2.3039228916168213 14999
1786277011779 2.0631370544433594 15049
1786277014382 2.1934125423431396 15099
1786277017003 2.3297502994537354 15149
1786277019664 2.041693687438965 15199
1786277022353 2.287869691848755 15249
1786277024948 1.8044238090515137 15299
1786277027556 1.880120038986206 15349
1786277030228 2.1615962982177734 15399
1786277032852 2.32395339012146 15449
1786277035481 1.934309482574463 15499
1786277038150 2.2066237926483154 15549
1786277040764 1.8963590860366821 15599
1786277043419 2.1241443157196045 15649
1786277046054 2.2069499492645264 15699
1786277048769 2.400261163711548 15749
1786277051391 2.1216747760772705 15799
1786277053954 2.265587091445923 15849
1786277056620 2.158424139022827 15899
1786277059236 1.9808125495910645 15949
1786277062342 1.9540618658065796 15999
1786277064968 2.484872817993164 16049
1786277067614 2.1640830039978027 16099
1786277070236 2.1498618125915527 16149
1786277072886 2.006840944290161 16199
1786277075520 2.2326059341430664 16249
1786277078183 2.0313706398010254 16299
1786277080810 2.0540311336517334 16349
1786277083444 2.0263190269470215 16399
1786277086083 2.5082015991210938 16449
1786277088688 2.235159158706665 16499
1786277091310 2.2024123668670654 16549
1786277093982 2.284398078918457 16599
1786277096650 2.3933825492858887 16649
1786277099335 2.413933277130127 16699
1786277102013 2.322993516921997 16749
1786277104636 1.9853962659835815 16799
1786277107272 2.5115838050842285 16849
1786277109982 2.128131151199341 16899
1786277112636 2.1400136947631836 16949
1786277115279 2.2769839763641357 16999
1786277117913 2.5690884590148926 17049
1786277120549 2.154994249343872 17099
1786277123209 2.1085894107818604 17149
1786277125853 2.234074354171753 17199
1786277128477 2.057072877883911 17249
1786277131136 1.9807004928588867 17299
1786277133715 2.112743377685547 17349
1786277136356 2.2342255115509033 17399
1786277138966 1.9763416051864624 17449
1786277141628 2.1913576126098633 17499
1786277144316 2.195434093475342 17549
1786277147294 2.329054117202759 17599
1786277149912 2.1336824893951416 17649
1786277152537 1.885070562362671 17699
1786277155158 2.524927854537964 17749
1786277157824 2.3604636192321777 17799
1786277160431 2.4105894565582275 17849
1786277163082 2.2271780967712402 17899
1786277165777 2.3611044883728027 17949
1786277168367 2.270256519317627 17999
1786277170981 1.997552752494812 18049
1786277173632 2.0893192291259766 18099
1786277176330 2.3743715286254883 18149
1786277178973 2.2632522583007812 18199
1786277181613 2.1121180057525635 18249
1786277184202 2.146926164627075 18299
1786277186836 2.0894851684570312 18349
1786277189473 2.062657117843628 18399
1786277192075 2.3004069328308105 18449
1786277194703 2.41510009765625 18499
1786277197334 2.039597988128662 18549
1786277199975 2.3803212642669678 18599
1786277202635 2.0638275146484375 18649
1786277205315 2.0618093013763428 18699
1786277207952 2.3428938388824463 18749
1786277210623 2.3697750568389893 18799
1786277213316 2.1412346363067627 18849
1786277215970 1.9806976318359375 18899
1786277218607 2.075939655303955 18949
1786277221228 2.7438831329345703 18999
1786277223912 2.0623934268951416 19049
1786277226577 2.054938316345215 19099
1786277229224 2.263911008834839 19149
1786277288627 2.4000601768493652 19199
1786277291280 2.0588345527648926 19249
1786277293914 2.3376412391662598 19299
1786277296513 2.3211495876312256 19349
1786277299139 2.4755847454071045 19399
1786277301748 2.1521103382110596 19449
1786277304466 2.1965737342834473 19499
1786277307109 2.0693302154541016 19549
1786277309737 2.315349817276001 19599
1786277312367 2.1242661476135254 19649
1786277315030 1.8838367462158203 19699
1786277317647 2.30865740776062 19749
1786277320340 2.661783456802368 19799
1786277322998 2.4311676025390625 19849
1786277325637 2.180595874786377 19899
1786277328302 2.163705348968506 19949
1786277330889 2.1177759170532227 19999
1786277333529 1.8965518474578857 20049
1786277336195 2.3652076721191406 20099
1786277338959 2.0047755241394043 20149
1786277341638 2.0876684188842773 20199
1786277344266 2.3543193340301514 20249
1786277346901 2.2870140075683594 20299
1786277349617 2.117906332015991 20349
1786277352340 2.2199814319610596 20399
1786277355011 2.1188929080963135 20449
1786277357615 2.2748241424560547 20499
1786277360191 2.0926101207733154 20549
1786277362836 2.2701470851898193 20599
1786277365472 2.219060182571411 20649
1786277368150 2.160019636154175 20699
1786277371103 2.2612786293029785 20749
1786277373727 2.21171498298645 20799
1786277376331 2.1368536949157715 20849
1786277378969 2.2840170860290527 20899
1786277381660 2.3695855140686035 20949
1786277384301 2.5183701515197754 20999
1786277386939 2.24088191986084 21049
1786277389564 1.8732995986938477 21099
1786277392176 2.0482780933380127 21149
1786277394816 2.325883388519287 21199
1786277397496 1.9502835273742676 21249
1786277400187 1.9869794845581055 21299
1786277402859 2.6349539756774902 21349
1786277405501 2.0627312660217285 21399
1786277408132 2.217200756072998 21449
1786277410720 2.186537027359009 21499
1786277413351 2.1911120414733887 21549
1786277416003 2.1408350467681885 21599
1786277418659 1.9356420040130615 21649
1786277421297 2.310309886932373 21699
1786277423952 2.235583543777466 21749
1786277426577 2.2950892448425293 21799
1786277429181 2.594958543777466 21849
1786277431820 2.417496681213379 21899
1786277434507 1.999424934387207 21949
1786277437120 1.8088252544403076 21999
1786277439723 2.244921922683716 22049
1786277442320 1.8614208698272705 22099
1786277444965 2.2765116691589355 22149
1786277447636 2.387071132659912 22199
1786277450275 2.4198451042175293 22249
1786277452893 2.2878506183624268 22299
1786277455813 2.165510654449463 22349
1786277458434 2.216724395751953 22399
1786277461063 1.9301499128341675 22449
1786277463709 2.5469579696655273 22499
1786277466338 2.2306056022644043 22549
1786277468972 2.2556912899017334 22599
1786277471588 1.9840818643569946 22649
1786277474230 1.9692977666854858 22699
1786277476822 2.73637318611145 22749
1786277479432 2.1304261684417725 22799
1786277482061 2.09391713142395 22849
1786277484674 2.049798011779785 22899
1786277487303 2.3710978031158447 22949
1786277489927 2.499624490737915 22999
1786277492625 2.0510506629943848 23049
1786277495301 2.2219460010528564 23099
1786277497939 2.152717113494873 23149
1786277500595 2.2616868019104004 23199
1786277503199 2.480581283569336 23249
1786277505805 2.2141199111938477 23299
1786277508438 2.116920232772827 23349
1786277511092 2.5563812255859375 23399
1786277513719 2.066542148590088 23449
1786277516363 2.1449668407440186 23499
1786277519048 2.443995952606201 23549
1786277521665 2.5262558460235596 23599
1786277524308 2.2695152759552 23649
1786277527001 2.5530829429626465 23699
1786277529600 2.2621676921844482 23749
1786277532212 2.3879523277282715 23799
1786277534831 2.3254497051239014 23849
1786277537528 2.2061827182769775 23899
1786277540527 1.8842965364456177 23949
1786277543185 2.2212767601013184 23999
1786277545789 1.949453353881836 24049
1786277548443 2.1238327026367188 24099
1786277551067 2.3129723072052 24149
1786277553707 1.962841272354126 24199
1786277556355 2.1142611503601074 24249
1786277558995 2.1287841796875 24299
1786277561631 1.830199122428894 24349
1786277564250 2.143404245376587 24399
1786277566903 2.4700472354888916 24449
1786277569565 2.4294352531433105 24499
1786277572256 2.314406394958496 24549
1786277574910 2.408390998840332 24599
1786277577539 2.151803970336914 24649
1786277580191 2.7222089767456055 24699
1786277582851 2.0050785541534424 24749
1786277585504 2.049456834793091 24799
1786277588134 2.0009350776672363 24849
1786277590796 2.281393051147461 24899
1786277593442 2.5208840370178223 24949
1786277596076 2.0056397914886475 24999
1786277598787 2.253777503967285 25049
1786277601434 1.9039713144302368 25099
1786277604106 2.483525514602661 25149
1786277606714 1.9724174737930298 25199
1786277609329 2.234419107437134 25249
1786277611992 2.089026689529419 25299
1786277614712 1.8393096923828125 25349
1786277617362 2.278014659881592 25399
1786277620011 2.2538039684295654 25449
1786277622686 2.4467275142669678 25499
1786277625665 2.493746042251587 25549
1786277628308 2.271540403366089 25599
1786277630958 2.1834566593170166 25649
1786277633605 2.169388771057129 25699
1786277636269 2.4172983169555664 25749
1786277638952 2.2303872108459473 25799
1786277641574 2.320315361022949 25849
1786277644204 2.260918617248535 25899
1786277646868 2.319573163986206 25949
1786277649474 2.3838183879852295 25999
1786277652122 1.9692351818084717 26049
1786277654753 2.2816033363342285 26099
1786277657360 1.8035638332366943 26149
1786277660001 2.124793767929077 26199
1786277662641 2.010380744934082 26249
1786277665333 2.1121339797973633 26299
1786277667944 2.253995418548584 26349
1786277670555 2.3016936779022217 26399
1786277673173 1.9969419240951538 26449
1786277675780 2.507586717605591 26499
1786277678395 2.5290608406066895 26549
1786277681059 2.3522987365722656 26599
1786277683706 2.344092607498169 26649
1786277686420 2.1168689727783203 26699
1786277689057 2.088811159133911 26749
1786277691689 2.2017099857330322 26799
1786277694318 2.2662367820739746 26849
1786277697011 2.0494353771209717 26899
1786277699659 2.4418160915374756 26949
1786277702262 2.3146164417266846 26999
1786277704898 1.9587860107421875 27049
1786277707526 2.1657752990722656 27099
1786277710476 2.594899892807007 27149
1786277713099 2.0630717277526855 27199
1786277715702 2.025395631790161 27249
1786277718344 2.6650266647338867 27299
1786277720984 1.9828388690948486 27349
1786277723647 2.3024888038635254 27399
1786277726398 2.6624794006347656 27449
1786277729118 2.147749662399292 27499
1786277731830 2.3093645572662354 27549
1786277734493 2.0869693756103516 27599
1786277737161 1.9849473237991333 27649
1786277739807 2.2469444274902344 27699
1786277742480 2.1731154918670654 27749
1786277745167 2.3703439235687256 27799
1786277747893 2.1319048404693604 27849
1786277750559 2.051870107650757 27899
1786277753225 2.277277946472168 27949
1786277755947 1.8379346132278442 27999
1786277758666 1.9380511045455933 28049
1786277761394 1.874544620513916 28099
1786277764078 2.3010783195495605 28149
1786277766744 2.0350663661956787 28199
1786277769460 2.1841378211975098 28249
1786277772096 2.470024824142456 28299
1786277774768 2.160966634750366 28349
1786277777462 1.8896452188491821 28399
1786277780141 2.0331742763519287 28449
1786277782884 1.960023045539856 28499
1786277785591 2.570162296295166 28549
1786277788270 2.1636321544647217 28599
1786277791001 2.211064338684082 28649
1786277793645 2.2990126609802246 28699
