1786276191197 1.1237975358963013 1595
1786276299527 1.6241896152496338 3191
1786276399760 1.6587672233581543 4787
1786276493446 1.8839656114578247 6383
1786276577853 1.9553804397583008 7979
1786276719430 2.0103323459625244 9575
1786276805029 2.0959994792938232 11171
1786276890384 2.136617422103882 12767
1786276975317 2.1318588256835938 14363
1786277059829 2.1605682373046875 15959
1786277144667 2.1968820095062256 17555
1786277285758 2.210902214050293 19151
1786277370655 2.200303077697754 20747
1786277455176 2.211219310760498 22343
1786277539636 2.2353947162628174 23939
1786277624589 2.2259883880615234 25535
1786277709210 2.208796262741089 27131
1786277847041 2.2216970920562744 28727
