1786276073843 0.9967296719551086 49
1786276077833 0.9974563717842102 99
1786276082249 0.9930959343910217 149
1786276086444 0.9956395030021667 199
1786276089913 0.9930959343910217 249
1786276093687 0.9948868155479431 299
1786276097893 0.990805447101593 349
1786276102045 0.9945493936538696 399
1786276105623 0.9938226938247681 449
1786276109153 0.9938226938247681 499
1786276112803 0.9905523061752319 549
1786276116877 0.989098846912384 599
1786276120837 0.989098846912384 649
1786276124617 0.9821947813034058 699
1786276128318 0.9771075248718262 749
1786276132186 0.9742006063461304 799
1786276136304 0.9705668687820435 849
1786276140267 0.9756540656089783 899
1786276143985 0.9625726938247681 949
1786276147679 0.9694323539733887 999
1786276151539 0.9582121968269348 1049
1786276155677 0.9454941749572754 1099
1786276159437 0.9302325248718262 1149
1786276162910 0.9113371968269348 1199
1786276166264 0.914607584476471 1249
1786276170274 0.882267415523529 1299
1786276174149 0.901526153087616 1349
1786276177687 0.882267415523529 1399
1786276180896 0.8547383546829224 1449
1786276184159 0.8662790656089783 1499
1786276187794 0.8582966327667236 1549
1786276191858 0.8531976938247681 1599
1786276195128 0.8350290656089783 1649
1786276198153 0.8591703176498413 1699
1786276201235 0.8415697813034058 1749
1786276204623 0.7946947813034058 1799
1786276208109 0.7939680218696594 1849
1786276211463 0.8488371968269348 1899
1786276214718 0.7830668687820435 1949
1786276217996 0.772892415523529 1999
1786276221415 0.8110464811325073 2049
1786276225007 0.7198401093482971 2099
1786276228502 0.8179506063461304 2149
1786276231817 0.804142415523529 2199
1786276235093 0.7659883499145508 2249
1786276238532 0.8099563717842102 2299
1786276242195 0.7986918687820435 2349
1786276245779 0.7342143654823303 2399
1786276249212 0.7714389562606812 2449
1786276252508 0.78125 2499
1786276255700 0.8019621968269348 2549
1786276259139 0.7321947813034058 2599
1786276262835 0.7550871968269348 2649
1786276266577 0.8066860437393188 2699
1786276270060 0.8760901093482971 2749
1786276273159 0.7939680218696594 2799
1786276276488 0.8441133499145508 2849
1786276280147 0.7559259533882141 2899
1786276283888 0.8375726938247681 2949
1786276287262 0.7990552186965942 2999
1786276290299 0.8237645030021667 3049
1786276293463 0.7863371968269348 3099
1786276296762 0.8633720874786377 3149
1786276300441 0.7634447813034058 3199
1786276303711 0.7991266250610352 3249
1786276307174 0.8183139562606812 3299
1786276310437 0.8324854373931885 3349
1786276313725 0.8277778029441833 3399
1786276317254 0.848473846912384 3449
1786276321032 0.7692587375640869 3499
1786276324468 0.792151153087616 3549
1786276327824 0.7957848906517029 3599
1786276331026 0.8481104373931885 3649
1786276334359 0.8575581312179565 3699
1786276337596 0.8063226938247681 3749
1786276340659 0.7634643316268921 3799
1786276343616 0.7663517594337463 3849
1786276346449 0.789607584476471 3899
1786276349426 0.7681686282157898 3949
1786276352602 0.8426598906517029 3999
1786276355863 0.8339389562606812 4049
1786276358889 0.7557418942451477 4099
1786276361738 0.7906976938247681 4149
1786276364634 0.7841569781303406 4199
1786276367801 0.8114098906517029 4249
1786276371097 0.7873986959457397 4299
1786276374155 0.8026889562606812 4349
1786276376948 0.7856104373931885 4399
1786276379781 0.7667151093482971 4449
1786276382648 0.8030523061752319 4499
1786276385645 0.7823401093482971 4549
1786276388772 0.7641714811325073 4599
1786276391727 0.7245311141014099 4649
1786276394622 0.7506380081176758 4699
1786276397527 0.7307412624359131 4749
1786276400765 0.6805959343910217 4799
1786276403832 0.7318313717842102 4849
1786276406875 0.6620639562606812 4899
1786276409798 0.7107558250427246 4949
1786276412795 0.7634528875350952 4999
1786276415788 0.7276393175125122 5049
1786276418958 0.7013081312179565 5099
1786276422047 0.7002180218696594 5149
1786276424955 0.7361918687820435 5199
1786276427782 0.7049418687820435 5249
1786276430754 0.6900436282157898 5299
1786276433927 0.7856104373931885 5349
1786276437166 0.6929506063461304 5399
1786276440267 0.7481831312179565 5449
1786276443161 0.6420784592628479 5499
1786276446056 0.7067587375640869 5549
1786276449179 0.6892285346984863 5599
1786276452417 0.6329941749572754 5649
1786276455525 0.6315407156944275 5699
1786276458384 0.6736918687820435 5749
1786276461145 0.6904069781303406 5799
1786276464006 0.580058217048645 5849
1786276466848 0.6137354373931885 5899
1786276469672 0.6520779728889465 5949
1786276472460 0.675310492515564 5999
1786276475258 0.6835029125213623 6049
1786276478015 0.6660610437393188 6099
1786276480761 0.6039243936538696 6149
1786276483556 0.745276153087616 6199
1786276486291 0.6162790656089783 6249
1786276488989 0.6849563717842102 6299
1786276491659 0.6831395030021667 6349
1786276494610 0.6293604373931885 6399
1786276497261 0.5843023061752319 6449
1786276499900 0.640625 6499
1786276502516 0.7231104373931885 6549
1786276505144 0.632267415523529 6599
1786276507778 0.635901153087616 6649
1786276510424 0.6358296275138855 6699
1786276513100 0.6938325762748718 6749
1786276515749 0.6362645030021667 6799
1786276518347 0.5701308250427246 6849
1786276521021 0.6845930218696594 6899
1786276523619 0.7056686282157898 6949
1786276526249 0.6867732405662537 6999
1786276528897 0.5988371968269348 7049
1786276531594 0.6991279125213623 7099
1786276534233 0.5232558250427246 7149
1786276536816 0.601017415523529 7199
1786276539434 0.5904796719551086 7249
1786276542058 0.6925871968269348 7299
1786276544686 0.598473846912384 7349
1786276547298 0.6389812231063843 7399
1786276549896 0.6205259561538696 7449
1786276552525 0.6875 7499
1786276555218 0.6148256063461304 7549
1786276557838 0.6268168687820435 7599
1786276560502 0.6624273061752319 7649
1786276563115 0.6602470874786377 7699
1786276565760 0.6413517594337463 7749
1786276568387 0.5904796719551086 7799
1786276571024 0.6616843342781067 7849
1786276573645 0.6911337375640869 7899
1786276576281 0.6460756063461304 7949
1786276579211 0.6224563717842102 7999
1786276581836 0.7136628031730652 8049
1786276584466 0.5736919641494751 8099
1786276587104 0.6431686282157898 8149
1786276589713 0.6380813717842102 8199
1786276592358 0.6686046719551086 8249
1786276594966 0.5810319781303406 8299
1786276597588 0.6566133499145508 8349
1786276600246 0.710392415523529 8399
1786276602864 0.6235464811325073 8449
1786276605499 0.5917617082595825 8499
1786276608112 0.6831936240196228 8549
1786276610775 0.6388081312179565 8599
1786276613353 0.6420784592628479 8649
1786276615971 0.7100290656089783 8699
1786276618586 0.5635901093482971 8749
1786276621192 0.6075624227523804 8799
1786276623846 0.6707848906517029 8849
1786276626501 0.5912063717842102 8899
1786276629126 0.6860464811325073 8949
1786276631729 0.6286337375640869 8999
1786276634392 0.5948401093482971 9049
1786276637006 0.6417855620384216 9099
1786276639621 0.6111918687820435 9149
1786276642240 0.6369912624359131 9199
1786276644884 0.604651153087616 9249
1786276647503 0.6369310021400452 9299
1786276650189 0.7332848906517029 9349
1786276652863 0.6197131276130676 9399
1786276655478 0.6329941749572754 9449
1786276658171 0.5702663064002991 9499
1786276660799 0.710392415523529 9549
1786276721010 0.5751658082008362 9599
1786276723647 0.6213662624359131 9649
1786276726307 0.6596916317939758 9699
1786276728977 0.633357584476471 9749
1786276731720 0.6438953280448914 9799
1786276734392 0.6039243936538696 9849
1786276737017 0.614098846912384 9899
1786276739626 0.6522529125213623 9949
1786276742288 0.6792522072792053 9999
1786276744979 0.6577034592628479 10049
1786276747635 0.5872092843055725 10099
1786276750331 0.5694040656089783 10149
1786276753001 0.5581395626068115 10199
1786276755624 0.6573401093482971 10249
1786276758263 0.6162790656089783 10299
1786276761017 0.5034633874893188 10349
1786276763803 0.7169331312179565 10399
1786276766522 0.6008968353271484 10449
1786276769227 0.6170058250427246 10499
1786276771878 0.5977470874786377 10549
1786276774534 0.5643168687820435 10599
1786276777206 0.5752114653587341 10649
1786276779908 0.5501453280448914 10699
1786276782580 0.5995639562606812 10749
1786276785298 0.49309593439102173 10799
1786276787966 0.6071947813034058 10849
1786276790600 0.5843023061752319 10899
1786276793294 0.7128821015357971 10949
1786276795969 0.5641780495643616 10999
1786276798644 0.6116219162940979 11049
1786276801255 0.5588662624359131 11099
1786276803875 0.647892415523529 11149
1786276806837 0.6675145030021667 11199
1786276809574 0.6613371968269348 11249
1786276812271 0.5981104373931885 11299
1786276814990 0.5897529125213623 11349
1786276817643 0.6631540656089783 11399
1786276820278 0.5719529986381531 11449
1786276822922 0.5614098906517029 11499
1786276825570 0.5194281339645386 11549
1786276828223 0.5014534592628479 11599
1786276830894 0.6569767594337463 11649
1786276833530 0.6776889562606812 11699
1786276836187 0.6525424122810364 11749
1786276838850 0.5868459343910217 11799
1786276841514 0.554142415523529 11849
1786276844169 0.6544331312179565 11899
1786276846881 0.6744186282157898 11949
1786276849573 0.5622270703315735 11999
1786276852200 0.6471657156944275 12049
1786276854860 0.6366279125213623 12099
1786276857507 0.6309962868690491 12149
1786276860169 0.5861436724662781 12199
1786276862823 0.5952034592628479 12249
1786276865538 0.5432412624359131 12299
1786276868163 0.5821220874786377 12349
1786276870801 0.6348110437393188 12399
1786276873431 0.5377907156944275 12449
1786276876091 0.5970203280448914 12499
1786276878745 0.626686155796051 12549
1786276881421 0.6082848906517029 12599
1786276884115 0.5392441749572754 12649
1786276886738 0.5646802186965942 12699
1786276889379 0.570854663848877 12749
1786276892475 0.582848846912384 12799
1786276895283 0.5959302186965942 12849
1786276898009 0.5850986242294312 12899
1786276900654 0.6111918687820435 12949
1786276903268 0.5410610437393188 12999
1786276905896 0.5702329277992249 13049
1786276908583 0.5294331312179565 13099
1786276911258 0.6963179111480713 13149
1786276913908 0.5777616500854492 13199
1786276916540 0.5773982405662537 13249
1786276919180 0.523982584476471 13299
1786276921791 0.6715116500854492 13349
1786276924401 0.59375 13399
1786276927038 0.6050145030021667 13449
1786276929701 0.6518158316612244 13499
1786276932324 0.5970203280448914 13549
1786276934916 0.6377180218696594 13599
1786276937565 0.5941133499145508 13649
1786276940197 0.6002907156944275 13699
1786276942835 0.557706356048584 13749
1786276945459 0.5843108296394348 13799
1786276948059 0.5574128031730652 13849
1786276950765 0.6064729690551758 13899
1786276953405 0.6104651093482971 13949
1786276956010 0.6431686282157898 13999
1786276958680 0.6286337375640869 14049
1786276961322 0.5545058250427246 14099
1786276963933 0.629723846912384 14149
1786276966594 0.5185589790344238 14199
1786276969259 0.614098846912384 14249
1786276971903 0.598473846912384 14299
1786276974536 0.526526153087616 14349
1786276977465 0.5687204003334045 14399
1786276980120 0.5933866500854492 14449
1786276982790 0.6199128031730652 14499
1786276985475 0.6938325762748718 14549
1786276988099 0.6304506063461304 14599
1786276990711 0.6449854373931885 14649
1786276993326 0.6696947813034058 14699
1786276995965 0.6122819781303406 14749
1786276998632 0.676598846912384 14799
1786277001323 0.6420784592628479 14849
1786277003977 0.6348110437393188 14899
1786277006573 0.6326979398727417 14949
1786277009165 0.5595930218696594 14999
1786277011779 0.6108284592628479 15049
1786277014382 0.6053779125213623 15099
1786277017003 0.5657703280448914 15149
1786277019664 0.635901153087616 15199
1786277022353 0.5300849080085754 15249
1786277024948 0.6849563717842102 15299
1786277027556 0.6580668687820435 15349
1786277030228 0.5643168687820435 15399
1786277032852 0.5806686282157898 15449
1786277035481 0.6700581312179565 15499
1786277038150 0.5730378031730652 15549
1786277040764 0.6975806355476379 15599
1786277043419 0.6108284592628479 15649
1786277046054 0.6111918687820435 15699
1786277048769 0.5570493936538696 15749
1786277051391 0.589026153087616 15799
1786277053954 0.614098846912384 15849
1786277056620 0.6101017594337463 15899
1786277059236 0.6246366500854492 15949
1786277062342 0.6388081312179565 15999
1786277064968 0.5105378031730652 16049
1786277067614 0.5737645030021667 16099
1786277070236 0.5981104373931885 16149
1786277072886 0.6253633499145508 16199
1786277075520 0.5718474984169006 16249
1786277078183 0.6420784592628479 16299
1786277080810 0.6289970874786377 16349
1786277083444 0.660973846912384 16399
1786277086083 0.5348159074783325 16449
1786277088688 0.5904796719551086 16499
1786277091310 0.555232584476471 16549
1786277093982 0.5960555672645569 16599
1786277096650 0.5356104373931885 16649
1786277099335 0.5319767594337463 16699
1786277102013 0.6064680218696594 16749
1786277104636 0.6282703280448914 16799
1786277107272 0.5101743936538696 16849
1786277109982 0.616642415523529 16899
1786277112636 0.5948401093482971 16949
1786277115279 0.5759447813034058 16999
1786277117913 0.5119912624359131 17049
1786277120549 0.6119186282157898 17099
1786277123209 0.6282703280448914 17149
1786277125853 0.5719476938247681 17199
1786277128477 0.6204512715339661 17249
1786277131136 0.625545859336853 17299
1786277133715 0.6101017594337463 17349
1786277136356 0.6071947813034058 17399
1786277138966 0.651526153087616 17449
1786277141628 0.5766714811325073 17499
1786277144316 0.5504484176635742 17549
1786277147294 0.5334302186965942 17599
1786277149912 0.6355378031730652 17649
1786277152537 0.6522529125213623 17699
1786277155158 0.4970930218696594 17749
1786277157824 0.5879360437393188 17799
1786277160431 0.5752180218696594 17849
1786277163082 0.5825671553611755 17899
1786277165777 0.5446947813034058 17949
1786277168367 0.5719476938247681 17999
1786277170981 0.6246366500854492 18049
1786277173632 0.6348110437393188 18099
1786277176330 0.504723846912384 18149
1786277178973 0.5777616500854492 18199
1786277181613 0.5821220874786377 18249
1786277184202 0.5857558250427246 18299
1786277186836 0.6257267594337463 18349
1786277189473 0.5922964811325073 18399
1786277192075 0.6144621968269348 18449
1786277194703 0.5152616500854492 18499
1786277197334 0.6106842160224915 18549
1786277199975 0.4894621968269348 18599
1786277202635 0.6220930218696594 18649
1786277205315 0.6320960521697998 18699
1786277207952 0.5290697813034058 18749
1786277210623 0.5440089106559753 18799
1786277213316 0.5886628031730652 18849
1786277215970 0.626099705696106 18899
1786277218607 0.5930232405662537 18949
1786277221228 0.47480693459510803 18999
1786277223912 0.5893895030021667 19049
1786277226577 0.6086482405662537 19099
1786277229224 0.5784883499145508 19149
1786277288627 0.5188953280448914 19199
1786277291280 0.6126453280448914 19249
1786277293914 0.5367006063461304 19299
1786277296513 0.5879360437393188 19349
1786277299139 0.5003633499145508 19399
1786277301748 0.5843023061752319 19449
1786277304466 0.5806686282157898 19499
1786277307109 0.5818648934364319 19549
1786277309737 0.6108863949775696 19599
1786277312367 0.625 19649
1786277315030 0.667151153087616 19699
1786277317647 0.5476017594337463 19749
1786277320340 0.5031377077102661 19799
1786277322998 0.5181686282157898 19849
1786277325637 0.5574128031730652 19899
1786277328302 0.5726743936538696 19949
1786277330889 0.5988371968269348 19999
1786277333529 0.6231831312179565 20049
1786277336195 0.5580029487609863 20099
1786277338959 0.6649709343910217 20149
1786277341638 0.6097383499145508 20199
1786277344266 0.5377907156944275 20249
1786277346901 0.569767415523529 20299
1786277349617 0.5981104373931885 20349
1786277352340 0.5955668687820435 20399
1786277355011 0.5839389562606812 20449
1786277357615 0.5606831312179565 20499
1786277360191 0.5679506063461304 20549
1786277362836 0.5399709343910217 20599
1786277365472 0.5403342843055725 20649
1786277368150 0.59375 20699
1786277371103 0.5813953280448914 20749
1786277373727 0.5795784592628479 20799
1786277376331 0.602107584476471 20849
1786277378969 0.5163517594337463 20899
1786277381660 0.5454214811325073 20949
1786277384301 0.5174418687820435 20999
1786277386939 0.5399709343910217 21049
1786277389564 0.6836471557617188 21099
1786277392176 0.6053779125213623 21149
1786277394816 0.5446947813034058 21199
1786277397496 0.663517415523529 21249
1786277400187 0.6237151026725769 21299
1786277402859 0.4520348906517029 21349
1786277405501 0.6130087375640869 21399
1786277408132 0.5508720874786377 21449
1786277410720 0.5824854373931885 21499
1786277413351 0.5748546719551086 21549
1786277416003 0.582848846912384 21599
1786277418659 0.6409883499145508 21649
1786277421297 0.5392441749572754 21699
1786277423952 0.538517415523529 21749
1786277426577 0.557776153087616 21799
1786277429181 0.47093021869659424 21849
1786277431820 0.5497819781303406 21899
1786277434507 0.6449854373931885 21949
1786277437120 0.710392415523529 21999
1786277439723 0.5803506374359131 22049
1786277442320 0.6776889562606812 22099
1786277444965 0.5534157156944275 22149
1786277447636 0.5417878031730652 22199
1786277450275 0.508357584476471 22249
1786277452893 0.5628633499145508 22299
1786277455813 0.586482584476471 22349
1786277458434 0.5886628031730652 22399
1786277461063 0.6433770060539246 22449
1786277463709 0.5287063717842102 22499
1786277466338 0.6082848906517029 22549
1786277468972 0.5424788594245911 22599
1786277471588 0.5944767594337463 22649
1786277474230 0.6526162624359131 22699
1786277476822 0.508357584476471 22749
1786277479432 0.5922964811325073 22799
1786277482061 0.6152997612953186 22849
1786277484674 0.5910261273384094 22899
1786277487303 0.49672964215278625 22949
1786277489927 0.45748546719551086 22999
1786277492625 0.6017441749572754 23049
1786277495301 0.6286337375640869 23099
1786277497939 0.5892070531845093 23149
1786277500595 0.5508720874786377 23199
1786277503199 0.5094476938247681 23249
1786277505805 0.5719476938247681 23299
1786277508438 0.6170058250427246 23349
1786277511092 0.49818313121795654 23399
1786277513719 0.5832719206809998 23449
1786277516363 0.6099706888198853 23499
1786277519048 0.586482584476471 23549
1786277521665 0.5094476938247681 23599
1786277524308 0.5773982405662537 23649
1786277527001 0.5152616500854492 23699
1786277529600 0.5526889562606812 23749
1786277532212 0.5301598906517029 23799
1786277534831 0.5116279125213623 23849
1786277537528 0.5839389562606812 23899
1786277540527 0.6638808250427246 23949
1786277543185 0.5777616500854492 23999
1786277545789 0.6235464811325073 24049
1786277548443 0.5694040656089783 24099
1786277551067 0.5414243936538696 24149
1786277553707 0.6555232405662537 24199
1786277556355 0.6017441749572754 24249
1786277558995 0.617732584476471 24299
1786277561631 0.6595203280448914 24349
1786277564250 0.5926598906517029 24399
1786277566903 0.5210756063461304 24449
1786277569565 0.5465116500854492 24499
1786277572256 0.5581395626068115 24549
1786277574910 0.554142415523529 24599
1786277577539 0.5758797526359558 24649
1786277580191 0.4509447515010834 24699
1786277582851 0.6199128031730652 24749
1786277585504 0.609375 24799
1786277588134 0.6373546719551086 24849
1786277590796 0.5548691749572754 24899
1786277593442 0.5152616500854492 24949
1786277596076 0.6161431670188904 24999
1786277598787 0.5512354373931885 25049
1786277601434 0.6431686282157898 25099
1786277604106 0.5348240733146667 25149
1786277606714 0.614098846912384 25199
1786277609329 0.6024709343910217 25249
1786277611992 0.5824854373931885 25299
1786277614712 0.6798691749572754 25349
1786277617362 0.5557190179824829 25399
1786277620011 0.6111918687820435 25449
1786277622686 0.5059259533882141 25499
1786277625665 0.4749273359775543 25549
1786277628308 0.5843023061752319 25599
1786277630958 0.5632267594337463 25649
1786277633605 0.6151889562606812 25699
1786277636269 0.4963289201259613 25749
1786277638952 0.5548669695854187 25799
1786277641574 0.5406976938247681 25849
1786277644204 0.5410610437393188 25899
1786277646868 0.5505087375640869 25949
1786277649474 0.5392441749572754 25999
1786277652122 0.6480058431625366 26049
1786277654753 0.5257993936538696 26099
1786277657360 0.6573401093482971 26149
1786277660001 0.5910261273384094 26199
1786277662641 0.6242668628692627 26249
1786277665333 0.5546989440917969 26299
1786277667944 0.589026153087616 26349
1786277670555 0.5770348906517029 26399
1786277673173 0.6370670795440674 26449
1786277675780 0.49309593439102173 26499
1786277678395 0.4494912922382355 26549
1786277681059 0.551598846912384 26599
1786277683706 0.5471147298812866 26649
1786277686420 0.5654069781303406 26699
1786277689057 0.6293604373931885 26749
1786277691689 0.6292755007743835 26799
1786277694318 0.5559592843055725 26849
1786277697011 0.5922964811325073 26899
1786277699659 0.5076308250427246 26949
1786277702262 0.5271260738372803 26999
1786277704898 0.6031976938247681 27049
1786277707526 0.5723110437393188 27099
1786277710476 0.4990852475166321 27149
1786277713099 0.5912063717842102 27199
1786277715702 0.6228197813034058 27249
1786277718344 0.463299423456192 27299
1786277720984 0.625 27349
1786277723647 0.5635901093482971 27399
1786277726398 0.4377303123474121 27449
1786277729118 0.6199128031730652 27499
1786277731830 0.5152616500854492 27549
1786277734493 0.5977470874786377 27599
1786277737161 0.616642415523529 27649
1786277739807 0.5443313717842102 27699
1786277742480 0.5559592843055725 27749
1786277745167 0.5733726024627686 27799
1786277747893 0.6137354373931885 27849
1786277750559 0.617732584476471 27899
1786277753225 0.5880205035209656 27949
1786277755947 0.671875 27999
1786277758666 0.6326308250427246 28049
1786277761394 0.642070472240448 28099
1786277764078 0.5436046719551086 28149
1786277766744 0.6351743936538696 28199
1786277769460 0.569767415523529 28249
1786277772096 0.5810117125511169 28299
1786277774768 0.5843023061752319 28349
1786277777462 0.6464389562606812 28399
1786277780141 0.5926598906517029 28449
1786277782884 0.6402616500854492 28499
1786277785591 0.49563953280448914 28549
1786277788270 0.5799418687820435 28599
1786277791001 0.5621366500854492 28649
1786277793645 0.5490552186965942 28699
