1786276191197 0.9501649737358093 1595
1786276299527 0.7883812189102173 3191
1786276399760 0.7846634387969971 4787
1786276493446 0.6939082145690918 6383
1786276577853 0.6607873439788818 7979
1786276719430 0.6375623345375061 9575
1786276805029 0.6115748882293701 11171
1786276890384 0.5968427062034607 12767
1786276975317 0.5987950563430786 14363
1786277059829 0.5947232842445374 15959
1786277144667 0.5890154242515564 17555
1786277285758 0.5839551091194153 19151
1786277370655 0.5846254825592041 20747
1786277455176 0.5798237323760986 22343
1786277539636 0.5702588558197021 23939
1786277624589 0.5704759955406189 25535
1786277709210 0.575245201587677 27131
1786277847041 0.5719178915023804 28727
