1786276073843 0.0 49
1786276077833 0.0 99
1786276082249 0.0 149
1786276086444 0.0 199
1786276089913 0.0 249
1786276093687 0.0 299
1786276097893 0.0 349
1786276102045 0.0 399
1786276105623 0.0 449
1786276109153 0.0 499
1786276112803 0.0 549
1786276116877 0.0 599
1786276120837 0.0 649
1786276124617 0.0 699
1786276128318 0.0 749
1786276132186 0.0 799
1786276136304 0.0 849
1786276140267 0.0 899
1786276143985 0.0 949
1786276147679 5.434782724478282e-05 999
1786276151539 0.0 1049
1786276155677 0.00016276042151730508 1099
1786276159437 0.0 1149
1786276162910 0.00021701389050576836 1199
1786276166264 0.00021701389050576836 1249
1786276170274 0.0005425347480922937 1299
1786276174149 0.0020616319961845875 1349
1786276177687 0.00146484375 1399
1786276180896 0.0024038460105657578 1449
1786276184159 0.00678168423473835 1499
1786276187794 0.005866228137165308 1549
1786276191858 0.0059678819961845875 1599
1786276195128 0.0126953125 1649
1786276198153 0.012010869570076466 1699
1786276201235 0.00922309048473835 1749
1786276204623 0.0150282122194767 1799
1786276208109 0.014756944961845875 1849
1786276211463 0.0164930559694767 1899
1786276214718 0.01860894076526165 1949
1786276217996 0.01616753451526165 1999
1786276221415 0.01676432229578495 2049
1786276225007 0.011013454757630825 2099
1786276228502 0.0106336809694767 2149
1786276231817 0.014377170242369175 2199
1786276235093 0.01220703125 2249
1786276238532 0.015299479477107525 2299
1786276242195 0.0111219622194767 2349
1786276245779 0.010855263099074364 2399
1786276249212 0.00971137173473835 2449
1786276252508 0.008409288711845875 2499
1786276255700 0.00835503451526165 2549
1786276259139 0.0055338540114462376 2599
1786276262835 0.0072157117538154125 2649
1786276266577 0.00580512173473835 2699
1786276270060 0.00537109375 2749
1786276273159 0.007378472480922937 2799
1786276276488 0.004611545242369175 2849
1786276280147 0.005973451305180788 2899
1786276283888 0.0055338540114462376 2949
1786276287262 0.006401909980922937 2999
1786276290299 0.006401909980922937 3049
1786276293463 0.008138020522892475 3099
1786276296762 0.0048828125 3149
1786276300441 0.0037977430038154125 3199
1786276303711 0.00532608712092042 3249
1786276307174 0.0047200522385537624 3299
1786276310437 0.0033094617538154125 3349
1786276313725 0.004092920571565628 3399
1786276317254 0.002658420242369175 3449
1786276321032 0.0040690102614462376 3499
1786276324468 0.0028211805038154125 3549
1786276327824 0.0023871527519077063 3599
1786276331026 0.003146701492369175 3649
1786276334359 0.0033637152519077063 3699
1786276337596 0.0040147569961845875 3749
1786276340659 0.004293478559702635 3799
1786276343616 0.0028211805038154125 3849
1786276346449 0.0045572915114462376 3899
1786276349426 0.005425347480922937 3949
1786276352602 0.005154079757630825 3999
1786276355863 0.0062391492538154125 4049
1786276358889 0.006914198864251375 4099
1786276361738 0.0068359375 4149
1786276364634 0.005154079757630825 4199
1786276367801 0.006401909980922937 4249
1786276371097 0.004401408135890961 4299
1786276374155 0.005425347480922937 4349
1786276376948 0.004177517257630825 4399
1786276379781 0.005642361007630825 4449
1786276382648 0.007052951492369175 4499
1786276385645 0.006401909980922937 4549
1786276388772 0.01079644076526165 4599
1786276391727 0.007084798067808151 4649
1786276394622 0.007621951401233673 4699
1786276397527 0.006401909980922937 4749
1786276400765 0.01117621548473835 4799
1786276403832 0.009982638992369175 4849
1786276406875 0.00873480923473835 4899
1786276409798 0.00824652798473835 4949
1786276412795 0.0075892857275903225 4999
1786276415788 0.00837346725165844 5049
1786276418958 0.01079644076526165 5099
1786276422047 0.009928385727107525 5149
1786276424955 0.0106336809694767 5199
1786276427782 0.007921007461845875 5249
1786276430754 0.009765625 5299
1786276433927 0.011338976211845875 5349
1786276437166 0.009874132461845875 5399
1786276440267 0.010416666977107525 5449
1786276443161 0.010959201492369175 5499
1786276446056 0.01019965298473835 5549
1786276449179 0.013152174651622772 5599
1786276452417 0.0145399309694767 5649
1786276455525 0.012369791977107525 5699
1786276458384 0.013020833022892475 5749
1786276461145 0.0111219622194767 5799
1786276464006 0.010108696296811104 5849
1786276466848 0.01079644076526165 5899
1786276469672 0.015103251673281193 5949
1786276472460 0.01052574161440134 5999
1786276475258 0.008409288711845875 6049
1786276478015 0.0106336809694767 6099
1786276480761 0.00884331576526165 6149
1786276483556 0.0120985247194767 6199
1786276486291 0.011013454757630825 6249
1786276488989 0.0076497397385537624 6299
1786276491659 0.0120985247194767 6349
1786276494610 0.0166015625 6399
1786276497261 0.009440104477107525 6449
1786276499900 0.00971137173473835 6499
1786276502516 0.012966579757630825 6549
1786276505144 0.013346354477107525 6599
1786276507778 0.01117621548473835 6649
1786276510424 0.014418859966099262 6699
1786276513100 0.015350877307355404 6749
1786276515749 0.01708984375 6799
1786276518347 0.011338976211845875 6849
1786276521021 0.011935763992369175 6899
1786276523619 0.0135633684694767 6949
1786276526249 0.0158962681889534 6999
1786276528897 0.0201280377805233 7049
1786276531594 0.012912326492369175 7099
1786276534233 0.012315538711845875 7149
1786276536816 0.01741536520421505 7199
1786276539434 0.01264105923473835 7249
1786276542058 0.0178493931889534 7299
1786276544686 0.0184461809694767 7349
1786276547298 0.015321869403123856 7399
1786276549896 0.013797992840409279 7449
1786276552525 0.0145399309694767 7499
1786276555218 0.015625 7549
1786276557838 0.0183376744389534 7599
1786276560502 0.02571614645421505 7649
1786276563115 0.02408854104578495 7699
1786276565760 0.01578775979578495 7749
1786276568387 0.01633029617369175 7799
1786276571024 0.022648083046078682 7849
1786276573645 0.01806640625 7899
1786276576281 0.01459418423473835 7949
1786276579211 0.01839192770421505 7999
1786276581836 0.01633029617369175 8049
1786276584466 0.01843089796602726 8099
1786276587104 0.0168728306889534 8149
1786276589713 0.012369791977107525 8199
1786276592358 0.01909722201526165 8249
1786276594966 0.01730685867369175 8299
1786276597588 0.0155164934694767 8349
1786276600246 0.01557074673473835 8399
1786276602864 0.01860894076526165 8449
1786276605499 0.01982644945383072 8499
1786276608112 0.01589721255004406 8549
1786276610775 0.02072482742369175 8599
1786276613353 0.02115885354578495 8649
1786276615971 0.0212673619389534 8699
1786276618586 0.01681857742369175 8749
1786276621192 0.01628289557993412 8799
1786276623846 0.01616753451526165 8849
1786276626501 0.01839192770421505 8899
1786276629126 0.014322916977107525 8949
1786276631729 0.01801215298473835 8999
1786276634392 0.01421440951526165 9049
1786276637006 0.01529720239341259 9099
1786276639621 0.017578125 9149
1786276642240 0.01822916604578495 9199
1786276644884 0.01936849020421505 9249
1786276647503 0.014802631922066212 9299
1786276650189 0.01584201492369175 9349
1786276652863 0.013840069994330406 9399
1786276655478 0.01312934048473835 9449
1786276658171 0.016453180462121964 9499
1786276660799 0.02191840298473835 9549
1786276721010 0.014249559491872787 9599
1786276723647 0.01171875 9649
1786276726307 0.0204495619982481 9699
1786276728977 0.01763237826526165 9749
1786276731720 0.013997395522892475 9799
1786276734392 0.012966579757630825 9849
1786276737017 0.01578775979578495 9899
1786276739626 0.0162217877805233 9949
1786276742288 0.020687390118837357 9999
1786276744979 0.0145399309694767 10049
1786276747635 0.0201280377805233 10099
1786276750331 0.01779513992369175 10149
1786276753001 0.01633029617369175 10199
1786276755624 0.0086805559694767 10249
1786276758263 0.013888888992369175 10299
1786276761017 0.012848432175815105 10349
1786276763803 0.01752387173473835 10399
1786276766522 0.01651785708963871 10449
1786276769227 0.01519097201526165 10499
1786276771878 0.01627604104578495 10549
1786276774534 0.01611328125 10599
1786276777206 0.01147847156971693 10649
1786276779908 0.0185546875 10699
1786276782580 0.013943142257630825 10749
1786276785298 0.01519097201526165 10799
1786276787966 0.0150282122194767 10849
1786276790600 0.0164930559694767 10899
1786276793294 0.013858695514500141 10949
1786276795969 0.011807996779680252 10999
1786276798644 0.014499121345579624 11049
1786276801255 0.0164930559694767 11099
1786276803875 0.012478298507630825 11149
1786276806837 0.01871744729578495 11199
1786276809574 0.0162217877805233 11249
1786276812271 0.015245226211845875 11299
1786276814990 0.014811198227107525 11349
1786276817643 0.012858073227107525 11399
1786276820278 0.01348684262484312 11449
1786276822922 0.0048828125 11499
1786276825570 0.018279334530234337 11549
1786276828223 0.015353732742369175 11599
1786276830894 0.012858073227107525 11649
1786276833530 0.0076497397385537624 11699
1786276836187 0.016065141186118126 11749
1786276838850 0.01605902798473835 11799
1786276841514 0.014973958022892475 11849
1786276844169 0.01616753451526165 11899
1786276846881 0.013454861007630825 11949
1786276849573 0.010434783063828945 11999
1786276852200 0.0146484375 12049
1786276854860 0.0176866315305233 12099
1786276857507 0.014550263993442059 12149
1786276860169 0.021398860961198807 12199
1786276862823 0.0227322056889534 12249
1786276865538 0.013346354477107525 12299
1786276868163 0.01958550326526165 12349
1786276870801 0.01633029617369175 12399
1786276873431 0.01421440951526165 12449
1786276876091 0.0174696184694767 12499
1786276878745 0.01872822269797325 12549
1786276881421 0.010525173507630825 12599
1786276884115 0.0183376744389534 12649
1786276886738 0.015625 12699
1786276889379 0.010034903883934021 12749
1786276892475 0.02587890625 12799
1786276895283 0.01627604104578495 12849
1786276898009 0.019088132306933403 12899
1786276900654 0.02213541604578495 12949
1786276903268 0.0171983502805233 12999
1786276905896 0.012880435213446617 13049
1786276908583 0.0178493931889534 13099
1786276911258 0.02150479145348072 13149
1786276913908 0.01801215298473835 13199
1786276916540 0.01128472201526165 13249
1786276919180 0.0186631940305233 13299
1786276921791 0.014377170242369175 13349
1786276924401 0.02251519076526165 13399
1786276927038 0.03076171875 13449
1786276929701 0.01146019622683525 13499
1786276932324 0.0188259556889534 13549
1786276934916 0.02620442770421505 13599
1786276937565 0.01969400979578495 13649
1786276940197 0.013780382461845875 13699
1786276942835 0.02203315868973732 13749
1786276945459 0.017239492386579514 13799
1786276948059 0.01421440951526165 13849
1786276950765 0.01861819066107273 13899
1786276953405 0.0308702252805233 13949
1786276956010 0.0245225690305233 13999
1786276958680 0.0181749127805233 14049
1786276961322 0.0186631940305233 14099
1786276963933 0.02593315951526165 14149
1786276966594 0.019619565457105637 14199
1786276969259 0.0146484375 14249
1786276971903 0.0199110247194767 14299
1786276974536 0.02023654617369175 14349
1786276977465 0.025043554604053497 14399
1786276980120 0.0201280377805233 14449
1786276982790 0.0193142369389534 14499
1786276985475 0.028947368264198303 14549
1786276988099 0.0160047747194767 14599
1786276990711 0.0261501744389534 14649
1786276993326 0.02886284701526165 14699
1786276995965 0.0222439244389534 14749
1786276998632 0.0237087681889534 14799
1786277001323 0.015625 14849
1786277003977 0.0205078125 14899
1786277006573 0.014229421503841877 14949
1786277009165 0.01741536520421505 14999
1786277011779 0.011393229477107525 15049
1786277014382 0.02202690951526165 15099
1786277017003 0.02164713479578495 15149
1786277019664 0.02349175326526165 15199
1786277022353 0.019841268658638 15249
1786277024948 0.02229817770421505 15299
1786277027556 0.02056206576526165 15349
1786277030228 0.02121310867369175 15399
1786277032852 0.017578125 15449
1786277035481 0.0224609375 15499
1786277038150 0.01953125 15549
1786277040764 0.02369746007025242 15599
1786277043419 0.0205078125 15649
1786277046054 0.01372612826526165 15699
1786277048769 0.0215928815305233 15749
1786277051391 0.02804904617369175 15799
1786277053954 0.01470269076526165 15849
1786277056620 0.01763237826526165 15899
1786277059236 0.01714409701526165 15949
1786277062342 0.025390625 15999
1786277064968 0.014431423507630825 16049
1786277067614 0.0116102434694767 16099
1786277070236 0.0202907994389534 16149
1786277072886 0.0145399309694767 16199
1786277075520 0.019209720194339752 16249
1786277078183 0.01860894076526165 16299
1786277080810 0.01633029617369175 16349
1786277083444 0.01595052145421505 16399
1786277086083 0.028636759147047997 16449
1786277088688 0.02191840298473835 16499
1786277091310 0.0271267369389534 16549
1786277093982 0.022742146626114845 16599
1786277096650 0.013780382461845875 16649
1786277099335 0.0334201380610466 16699
1786277102013 0.02045355923473835 16749
1786277104636 0.01215277798473835 16799
1786277107272 0.02587890625 16849
1786277109982 0.0201280377805233 16899
1786277112636 0.015353732742369175 16949
1786277115279 0.014919704757630825 16999
1786277117913 0.0203993059694767 17049
1786277120549 0.02099609375 17099
1786277123209 0.02007378451526165 17149
1786277125853 0.01557074673473835 17199
1786277128477 0.013206521980464458 17249
1786277131136 0.02543478272855282 17299
1786277133715 0.0283203125 17349
1786277136356 0.0176866315305233 17399
1786277138966 0.0300564244389534 17449
1786277141628 0.02153862826526165 17499
1786277144316 0.01662946492433548 17549
1786277147294 0.0183376744389534 17599
1786277149912 0.0252821184694767 17649
1786277152537 0.02446831576526165 17699
1786277155158 0.01470269076526165 17749
1786277157824 0.0072157117538154125 17799
1786277160431 0.012369791977107525 17849
1786277163082 0.01971660740673542 17899
1786277165777 0.0234375 17949
1786277168367 0.01806640625 17999
1786277170981 0.02544487826526165 18049
1786277173632 0.01177300326526165 18099
1786277176330 0.01318359375 18149
1786277178973 0.0217556431889534 18199
1786277181613 0.01264105923473835 18249
1786277184202 0.0171983502805233 18299
1786277186836 0.0220811627805233 18349
1786277189473 0.02560763992369175 18399
1786277192075 0.02202690951526165 18449
1786277194703 0.02739800326526165 18499
1786277197334 0.01934003457427025 18549
1786277199975 0.0188259556889534 18599
1786277202635 0.02094184048473835 18649
1786277205315 0.019456522539258003 18699
1786277207952 0.01730685867369175 18749
1786277210623 0.02407243847846985 18799
1786277213316 0.02294921875 18849
1786277215970 0.02884194254875183 18899
1786277218607 0.02652994729578495 18949
1786277221228 0.014224517159163952 18999
1786277223912 0.011555989272892475 19049
1786277226577 0.0223524309694767 19099
1786277229224 0.02511935867369175 19149
1786277288627 0.01828342117369175 19199
1786277291280 0.0310329869389534 19249
1786277293914 0.013834635727107525 19299
1786277296513 0.02533637173473835 19349
1786277299139 0.014919704757630825 19399
1786277301748 0.015299479477107525 19449
1786277304466 0.0233289934694767 19499
1786277307109 0.018804825842380524 19549
1786277309737 0.02119947224855423 19599
1786277312367 0.02262369729578495 19649
1786277315030 0.01459418423473835 19699
1786277317647 0.01703559048473835 19749
1786277320340 0.026455026119947433 19799
1786277322998 0.02143012173473835 19849
1786277325637 0.0191514752805233 19899
1786277328302 0.02262369729578495 19949
1786277330889 0.02365451492369175 19999
1786277333529 0.0398220494389534 20049
1786277336195 0.038212720304727554 20099
1786277338959 0.01714409701526165 20149
1786277341638 0.0252821184694767 20199
1786277344266 0.01025390625 20249
1786277346901 0.02349175326526165 20299
1786277349617 0.0246853306889534 20349
1786277352340 0.02213541604578495 20399
1786277355011 0.0220811627805233 20449
1786277357615 0.011990017257630825 20499
1786277360191 0.0215928815305233 20549
1786277362836 0.0176866315305233 20599
1786277365472 0.01752387173473835 20649
1786277368150 0.0252821184694767 20699
1786277371103 0.02983940951526165 20749
1786277373727 0.02533637173473835 20799
1786277376331 0.02685546875 20849
1786277378969 0.0336371548473835 20899
1786277381660 0.01703559048473835 20949
1786277384301 0.0313042551279068 20999
1786277386939 0.01676432229578495 21049
1786277389564 0.023478835821151733 21099
1786277392176 0.02544487826526165 21149
1786277394816 0.0135633684694767 21199
1786277397496 0.02658420242369175 21249
1786277400187 0.01557017583400011 21299
1786277402859 0.014865451492369175 21349
1786277405501 0.02490234375 21399
1786277408132 0.02593315951526165 21449
1786277410720 0.01904296875 21499
1786277413351 0.011881510727107525 21549
1786277416003 0.01513671875 21599
1786277418659 0.02484809048473835 21649
1786277421297 0.0232204869389534 21699
1786277423952 0.02132161520421505 21749
1786277426577 0.01801215298473835 21799
1786277429181 0.0189344622194767 21849
1786277431820 0.01665581576526165 21899
1786277434507 0.02387152798473835 21949
1786277437120 0.02473958395421505 21999
1786277439723 0.03583115339279175 22049
1786277442320 0.02153862826526165 22099
1786277444965 0.0257703997194767 22149
1786277447636 0.02072482742369175 22199
1786277450275 0.0202907994389534 22249
1786277452893 0.01763237826526165 22299
1786277455813 0.0247938372194767 22349
1786277458434 0.02191840298473835 22399
1786277461063 0.020217392593622208 22449
1786277463709 0.0189344622194767 22499
1786277466338 0.01741536520421505 22549
1786277468972 0.027735061943531036 22599
1786277471588 0.0271267369389534 22649
1786277474230 0.02463107742369175 22699
1786277476822 0.02777777798473835 22749
1786277479432 0.01920572854578495 22799
1786277482061 0.026856327429413795 22849
1786277484674 0.026471881195902824 22899
1786277487303 0.01692708395421505 22949
1786277489927 0.01850043423473835 22999
1786277492625 0.02875434048473835 23049
1786277495301 0.0308702252805233 23099
1786277497939 0.015405702404677868 23149
1786277500595 0.01676432229578495 23199
1786277503199 0.0160047747194767 23249
1786277505805 0.0254991315305233 23299
1786277508438 0.0340169258415699 23349
1786277511092 0.03059895895421505 23399
1786277513719 0.022777289152145386 23449
1786277516363 0.030593257397413254 23499
1786277519048 0.0194227434694767 23549
1786277521665 0.0185546875 23599
1786277524308 0.0126953125 23649
1786277527001 0.0230577252805233 23699
1786277529600 0.01616753451526165 23749
1786277532212 0.02316623367369175 23799
1786277534831 0.02756076492369175 23849
1786277537528 0.02121310867369175 23899
1786277540527 0.0252821184694767 23949
1786277543185 0.0212673619389534 23999
1786277545789 0.0337999127805233 24049
1786277548443 0.014811198227107525 24099
1786277551067 0.0257703997194767 24149
1786277553707 0.01801215298473835 24199
1786277556355 0.02408854104578495 24249
1786277558995 0.01166449673473835 24299
1786277561631 0.0356987863779068 24349
1786277564250 0.0400933176279068 24399
1786277566903 0.02853732742369175 24449
1786277569565 0.01839192770421505 24499
1786277572256 0.02826605923473835 24549
1786277574910 0.0173611119389534 24599
1786277577539 0.02315017394721508 24649
1786277580191 0.0409613735973835 24699
1786277582851 0.0361870676279068 24749
1786277585504 0.0230577252805233 24799
1786277588134 0.0230577252805233 24849
1786277590796 0.02620442770421505 24899
1786277593442 0.0487738735973835 24949
1786277596076 0.022305846214294434 24999
1786277598787 0.02278645895421505 25049
1786277601434 0.01839192770421505 25099
1786277604106 0.012697022408246994 25149
1786277606714 0.0287000872194767 25199
1786277609329 0.02229817770421505 25249
1786277611992 0.02945963479578495 25299
1786277614712 0.02229817770421505 25349
1786277617362 0.018892794847488403 25399
1786277620011 0.0208875872194767 25449
1786277622686 0.02002212405204773 25499
1786277625665 0.02218967117369175 25549
1786277628308 0.02609592117369175 25599
1786277630958 0.02593315951526165 25649
1786277633605 0.02278645895421505 25699
1786277636269 0.012061404064297676 25749
1786277638952 0.020470382645726204 25799
1786277641574 0.02349175326526165 25849
1786277644204 0.01860894076526165 25899
1786277646868 0.01681857742369175 25949
1786277649474 0.03076171875 25999
1786277652122 0.026169143617153168 26049
1786277654753 0.0174696184694767 26099
1786277657360 0.0347222238779068 26149
1786277660001 0.02740553580224514 26199
1786277662641 0.03125 26249
1786277665333 0.018037281930446625 26299
1786277667944 0.0245225690305233 26349
1786277670555 0.0342881940305233 26399
1786277673173 0.021786971017718315 26449
1786277675780 0.02262369729578495 26499
1786277678395 0.01508246548473835 26549
1786277681059 0.0336371548473835 26599
1786277683706 0.016470331698656082 26649
1786277686420 0.017578125 26699
1786277689057 0.02338324673473835 26749
1786277691689 0.020540421828627586 26799
1786277694318 0.02316623367369175 26849
1786277697011 0.0230577252805233 26899
1786277699659 0.02365451492369175 26949
1786277702262 0.03081217035651207 26999
1786277704898 0.0330403633415699 27049
1786277707526 0.0285915806889534 27099
1786277710476 0.020596589893102646 27149
1786277713099 0.02533637173473835 27199
1786277715702 0.01513671875 27249
1786277718344 0.0215928815305233 27299
1786277720984 0.02962239645421505 27349
1786277723647 0.0228407122194767 27399
1786277726398 0.030204664915800095 27449
1786277729118 0.01947699673473835 27499
1786277731830 0.021484375 27549
1786277734493 0.01947699673473835 27599
1786277737161 0.0421549491584301 27649
1786277739807 0.0327690988779068 27699
1786277742480 0.01974826492369175 27749
1786277745167 0.03075571171939373 27799
1786277747893 0.02229817770421505 27849
1786277750559 0.0374348945915699 27899
1786277753225 0.01805192045867443 27949
1786277755947 0.0322808176279068 27999
1786277758666 0.01730685867369175 28049
1786277761394 0.02889254502952099 28099
1786277764078 0.0438368059694767 28149
1786277766744 0.0311414934694767 28199
1786277769460 0.0272352434694767 28249
1786277772096 0.026379158720374107 28299
1786277774768 0.02463107742369175 28349
1786277777462 0.02153862826526165 28399
1786277780141 0.017578125 28449
1786277782884 0.0178493931889534 28499
1786277785591 0.02875434048473835 28549
1786277788270 0.0368381068110466 28599
1786277791001 0.0301649309694767 28649
1786277793645 0.01871744729578495 28699
