1786276073843 4.012653827667236 49
1786276077833 4.439307689666748 99
1786276082249 4.90059757232666 149
1786276086444 5.162283897399902 199
1786276089913 5.444311141967773 249
1786276093687 5.71217679977417 299
1786276097893 5.932126522064209 349
1786276102045 6.088154315948486 399
1786276105623 6.234933853149414 449
1786276109153 6.453375816345215 499
1786276112803 6.636592388153076 549
1786276116877 7.043837070465088 599
1786276120837 7.305129528045654 649
1786276124617 7.533844470977783 699
1786276128318 7.797338485717773 749
1786276132186 7.990312576293945 799
1786276136304 8.301484107971191 849
1786276140267 8.406804084777832 899
1786276143985 8.504045486450195 949
1786276147679 8.82209587097168 999
1786276151539 8.886993408203125 1049
1786276155677 8.958619117736816 1099
1786276159437 8.977300643920898 1149
1786276162910 9.06639575958252 1199
1786276166264 9.222914695739746 1249
1786276170274 9.322425842285156 1299
1786276174149 9.314377784729004 1349
1786276177687 9.38737678527832 1399
1786276180896 9.457551956176758 1449
1786276184159 9.523043632507324 1499
1786276187794 9.520231246948242 1549
1786276191858 9.589776039123535 1599
1786276195128 9.429180145263672 1649
1786276198153 9.559000968933105 1699
1786276201235 9.569828033447266 1749
1786276204623 9.526927947998047 1799
1786276208109 9.609848022460938 1849
1786276211463 9.565152168273926 1899
1786276214718 9.572623252868652 1949
1786276217996 9.5883150100708 1999
1786276221415 9.557544708251953 2049
1786276225007 9.56320571899414 2099
1786276228502 9.499595642089844 2149
1786276231817 9.317899703979492 2199
1786276235093 9.450395584106445 2249
1786276238532 9.564092636108398 2299
1786276242195 9.534404754638672 2349
1786276245779 9.542694091796875 2399
1786276249212 9.45728874206543 2449
1786276252508 9.541942596435547 2499
1786276255700 9.653328895568848 2549
1786276259139 9.572811126708984 2599
1786276262835 9.583650588989258 2649
1786276266577 9.46450138092041 2699
1786276270060 9.576801300048828 2749
1786276273159 9.58527946472168 2799
1786276276488 9.461775779724121 2849
1786276280147 9.534554481506348 2899
1786276283888 9.512056350708008 2949
1786276287262 9.533092498779297 2999
1786276290299 9.551008224487305 3049
1786276293463 9.588269233703613 3099
1786276296762 9.579032897949219 3149
1786276300441 9.57684326171875 3199
1786276303711 9.606473922729492 3249
1786276307174 9.554661750793457 3299
1786276310437 9.608468055725098 3349
1786276313725 9.625985145568848 3399
1786276317254 9.510845184326172 3449
1786276321032 9.572270393371582 3499
1786276324468 9.56160831451416 3549
1786276327824 9.654036521911621 3599
1786276331026 9.57783317565918 3649
1786276334359 9.633302688598633 3699
1786276337596 9.584318161010742 3749
1786276340659 9.566635131835938 3799
1786276343616 9.630965232849121 3849
1786276346449 9.579633712768555 3899
1786276349426 9.570073127746582 3949
1786276352602 9.636202812194824 3999
1786276355863 9.632588386535645 4049
1786276358889 9.570792198181152 4099
1786276361738 9.706231117248535 4149
1786276364634 9.655986785888672 4199
1786276367801 9.673714637756348 4249
1786276371097 9.569374084472656 4299
1786276374155 9.603734016418457 4349
1786276376948 9.653681755065918 4399
1786276379781 9.67176628112793 4449
1786276382648 9.649826049804688 4499
1786276385645 9.693055152893066 4549
1786276388772 9.682212829589844 4599
1786276391727 9.695943832397461 4649
1786276394622 9.695764541625977 4699
1786276397527 9.70396900177002 4749
1786276400765 9.717933654785156 4799
1786276403832 9.493464469909668 4849
1786276406875 9.662507057189941 4899
1786276409798 9.638448715209961 4949
1786276412795 9.69404411315918 4999
1786276415788 9.500652313232422 5049
1786276418958 9.6836576461792 5099
1786276422047 9.710058212280273 5149
1786276424955 9.739498138427734 5199
1786276427782 9.707307815551758 5249
1786276430754 9.720806121826172 5299
1786276433927 9.465834617614746 5349
1786276437166 9.631898880004883 5399
1786276440267 9.755516052246094 5449
1786276443161 9.529138565063477 5499
1786276446056 9.702544212341309 5549
1786276449179 9.691967964172363 5599
1786276452417 9.72167682647705 5649
1786276455525 9.640917778015137 5699
1786276458384 9.680553436279297 5749
1786276461145 9.709643363952637 5799
1786276464006 9.7152099609375 5849
1786276466848 9.733946800231934 5899
1786276469672 9.753731727600098 5949
1786276472460 9.728377342224121 5999
1786276475258 9.720307350158691 6049
1786276478015 9.717103958129883 6099
1786276480761 9.614614486694336 6149
1786276483556 9.727911949157715 6199
1786276486291 9.731321334838867 6249
1786276488989 9.689690589904785 6299
1786276491659 9.652368545532227 6349
1786276494610 9.76809024810791 6399
1786276497261 9.646463394165039 6449
1786276499900 9.648947715759277 6499
1786276502516 9.720349311828613 6549
1786276505144 9.698708534240723 6599
1786276507778 9.713052749633789 6649
1786276510424 9.677382469177246 6699
1786276513100 9.706961631774902 6749
1786276515749 9.606606483459473 6799
1786276518347 9.654428482055664 6849
1786276521021 9.76406478881836 6899
1786276523619 9.749751091003418 6949
1786276526249 9.611425399780273 6999
1786276528897 9.69467830657959 7049
1786276531594 9.699699401855469 7099
1786276534233 9.642904281616211 7149
1786276536816 9.690591812133789 7199
1786276539434 9.588109970092773 7249
1786276542058 9.665488243103027 7299
1786276544686 9.629839897155762 7349
1786276547298 9.718439102172852 7399
1786276549896 9.674554824829102 7449
1786276552525 9.709748268127441 7499
1786276555218 9.597132682800293 7549
1786276557838 9.672107696533203 7599
1786276560502 9.661481857299805 7649
1786276563115 9.691703796386719 7699
1786276565760 9.677973747253418 7749
1786276568387 9.6987943649292 7799
1786276571024 9.696697235107422 7849
1786276573645 9.73635196685791 7899
1786276576281 9.726279258728027 7949
1786276579211 9.720087051391602 7999
1786276581836 9.704375267028809 8049
1786276584466 9.660567283630371 8099
1786276587104 9.763768196105957 8149
1786276589713 9.658201217651367 8199
1786276592358 9.688177108764648 8249
1786276594966 9.697755813598633 8299
1786276597588 9.674171447753906 8349
1786276600246 9.731338500976562 8399
1786276602864 9.710097312927246 8449
1786276605499 9.57994556427002 8499
1786276608112 9.750181198120117 8549
1786276610775 9.712556838989258 8599
1786276613353 9.689471244812012 8649
1786276615971 9.706686019897461 8699
1786276618586 9.724943161010742 8749
1786276621192 9.674186706542969 8799
1786276623846 9.746051788330078 8849
1786276626501 9.702571868896484 8899
1786276629126 9.652345657348633 8949
1786276631729 9.725909233093262 8999
1786276634392 9.686796188354492 9049
1786276637006 9.715313911437988 9099
1786276639621 9.678360939025879 9149
1786276642240 9.755295753479004 9199
1786276644884 9.652167320251465 9249
1786276647503 9.708356857299805 9299
1786276650189 9.763866424560547 9349
1786276652863 9.690827369689941 9399
1786276655478 9.661806106567383 9449
1786276658171 9.704179763793945 9499
1786276660799 9.67081356048584 9549
1786276721010 9.64900016784668 9599
1786276723647 9.674777030944824 9649
1786276726307 9.694382667541504 9699
1786276728977 9.772558212280273 9749
1786276731720 9.732416152954102 9799
1786276734392 9.73256778717041 9849
1786276737017 9.717769622802734 9899
1786276739626 9.721972465515137 9949
1786276742288 9.728948593139648 9999
1786276744979 9.711183547973633 10049
1786276747635 9.667411804199219 10099
1786276750331 9.675894737243652 10149
1786276753001 9.704729080200195 10199
1786276755624 9.661892890930176 10249
1786276758263 9.741418838500977 10299
1786276761017 9.61948013305664 10349
1786276763803 9.684587478637695 10399
1786276766522 9.694912910461426 10449
1786276769227 9.656603813171387 10499
1786276771878 9.645928382873535 10549
1786276774534 9.649906158447266 10599
1786276777206 9.612492561340332 10649
1786276779908 9.668102264404297 10699
1786276782580 9.624797821044922 10749
1786276785298 9.653643608093262 10799
1786276787966 9.686858177185059 10849
1786276790600 9.629715919494629 10899
1786276793294 9.637250900268555 10949
1786276795969 9.644274711608887 10999
1786276798644 9.699655532836914 11049
1786276801255 9.711657524108887 11099
1786276803875 9.679779052734375 11149
1786276806837 9.723435401916504 11199
1786276809574 9.661623001098633 11249
1786276812271 9.64670181274414 11299
1786276814990 9.696443557739258 11349
1786276817643 9.569499015808105 11399
1786276820278 9.680405616760254 11449
1786276822922 9.531778335571289 11499
1786276825570 9.533994674682617 11549
1786276828223 9.628519058227539 11599
1786276830894 9.575079917907715 11649
1786276833530 9.601667404174805 11699
1786276836187 9.529306411743164 11749
1786276838850 9.573912620544434 11799
1786276841514 9.576964378356934 11849
1786276844169 9.613849639892578 11899
1786276846881 9.59688663482666 11949
1786276849573 9.586677551269531 11999
1786276852200 9.633526802062988 12049
1786276854860 9.597413063049316 12099
1786276857507 9.624470710754395 12149
1786276860169 9.56054973602295 12199
1786276862823 9.594560623168945 12249
1786276865538 9.617683410644531 12299
1786276868163 9.630173683166504 12349
1786276870801 9.602149963378906 12399
1786276873431 9.642356872558594 12449
1786276876091 9.710115432739258 12499
1786276878745 9.56959342956543 12549
1786276881421 9.633806228637695 12599
1786276884115 9.616395950317383 12649
1786276886738 9.516703605651855 12699
1786276889379 9.508030891418457 12749
1786276892475 9.509344100952148 12799
1786276895283 9.603056907653809 12849
1786276898009 9.650254249572754 12899
1786276900654 9.5695161819458 12949
1786276903268 9.660950660705566 12999
1786276905896 9.594366073608398 13049
1786276908583 9.586281776428223 13099
1786276911258 9.591440200805664 13149
1786276913908 9.642617225646973 13199
1786276916540 9.626641273498535 13249
1786276919180 9.654078483581543 13299
1786276921791 9.572223663330078 13349
1786276924401 9.644763946533203 13399
1786276927038 9.610102653503418 13449
1786276929701 9.594266891479492 13499
1786276932324 9.576970100402832 13549
1786276934916 9.617071151733398 13599
1786276937565 9.660639762878418 13649
1786276940197 9.580992698669434 13699
1786276942835 9.57357406616211 13749
1786276945459 9.658526420593262 13799
1786276948059 9.58397102355957 13849
1786276950765 9.667315483093262 13899
1786276953405 9.527735710144043 13949
1786276956010 9.619562149047852 13999
1786276958680 9.6369047164917 14049
1786276961322 9.640890121459961 14099
1786276963933 9.586088180541992 14149
1786276966594 9.603693962097168 14199
1786276969259 9.594961166381836 14249
1786276971903 9.652908325195312 14299
1786276974536 9.613496780395508 14349
1786276977465 9.574252128601074 14399
1786276980120 9.504777908325195 14449
1786276982790 9.586776733398438 14499
1786276985475 9.558623313903809 14549
1786276988099 9.614116668701172 14599
1786276990711 9.569551467895508 14649
1786276993326 9.549661636352539 14699
1786276995965 9.613743782043457 14749
1786276998632 9.531635284423828 14799
1786277001323 9.604188919067383 14849
1786277003977 9.565276145935059 14899
1786277006573 9.623973846435547 14949
1786277009165 9.703386306762695 14999
1786277011779 9.661810874938965 15049
1786277014382 9.53315544128418 15099
1786277017003 9.613265037536621 15149
1786277019664 9.504480361938477 15199
1786277022353 9.577987670898438 15249
1786277024948 9.596266746520996 15299
1786277027556 9.60467529296875 15349
1786277030228 9.715649604797363 15399
1786277032852 9.684035301208496 15449
1786277035481 9.59439754486084 15499
1786277038150 9.606795310974121 15549
1786277040764 9.554097175598145 15599
1786277043419 9.61572265625 15649
1786277046054 9.589335441589355 15699
1786277048769 9.635954856872559 15749
1786277051391 9.442221641540527 15799
1786277053954 9.678202629089355 15849
1786277056620 9.57231330871582 15899
1786277059236 9.558314323425293 15949
1786277062342 9.635011672973633 15999
1786277064968 9.653157234191895 16049
1786277067614 9.61517333984375 16099
1786277070236 9.546314239501953 16149
1786277072886 9.68482780456543 16199
1786277075520 9.657201766967773 16249
1786277078183 9.600483894348145 16299
1786277080810 9.601297378540039 16349
1786277083444 9.616150856018066 16399
1786277086083 9.512931823730469 16449
1786277088688 9.651376724243164 16499
1786277091310 9.68387508392334 16549
1786277093982 9.61007022857666 16599
1786277096650 9.67436408996582 16649
1786277099335 9.555074691772461 16699
1786277102013 9.62574577331543 16749
1786277104636 9.61503791809082 16799
1786277107272 9.593083381652832 16849
1786277109982 9.574450492858887 16899
1786277112636 9.651070594787598 16949
1786277115279 9.636650085449219 16999
1786277117913 9.576269149780273 17049
1786277120549 9.589489936828613 17099
1786277123209 9.592135429382324 17149
1786277125853 9.5985107421875 17199
1786277128477 9.680716514587402 17249
1786277131136 9.528950691223145 17299
1786277133715 9.582098007202148 17349
1786277136356 9.64960765838623 17399
1786277138966 9.633917808532715 17449
1786277141628 9.622978210449219 17499
1786277144316 9.567461967468262 17549
1786277147294 9.561030387878418 17599
1786277149912 9.556867599487305 17649
1786277152537 9.647503852844238 17699
1786277155158 9.638364791870117 17749
1786277157824 9.554762840270996 17799
1786277160431 9.626046180725098 17849
1786277163082 9.642532348632812 17899
1786277165777 9.6184720993042 17949
1786277168367 9.629112243652344 17999
1786277170981 9.589927673339844 18049
1786277173632 9.617197036743164 18099
1786277176330 9.615422248840332 18149
1786277178973 9.55271053314209 18199
1786277181613 9.491049766540527 18249
1786277184202 9.69887638092041 18299
1786277186836 9.611886978149414 18349
1786277189473 9.657355308532715 18399
1786277192075 9.532405853271484 18449
1786277194703 9.59838581085205 18499
1786277197334 9.587550163269043 18549
1786277199975 9.661161422729492 18599
1786277202635 9.576064109802246 18649
1786277205315 9.612160682678223 18699
1786277207952 9.652955055236816 18749
1786277210623 9.623353958129883 18799
1786277213316 9.666841506958008 18849
1786277215970 9.57077693939209 18899
1786277218607 9.616358757019043 18949
1786277221228 9.631485939025879 18999
1786277223912 9.57828426361084 19049
1786277226577 9.674017906188965 19099
1786277229224 9.656356811523438 19149
1786277288627 9.624512672424316 19199
1786277291280 9.594687461853027 19249
1786277293914 9.488194465637207 19299
1786277296513 9.62767219543457 19349
1786277299139 9.623799324035645 19399
1786277301748 9.596634864807129 19449
1786277304466 9.524554252624512 19499
1786277307109 9.54301643371582 19549
1786277309737 9.553757667541504 19599
1786277312367 9.599128723144531 19649
1786277315030 9.587693214416504 19699
1786277317647 9.610818862915039 19749
1786277320340 9.636490821838379 19799
1786277322998 9.589364051818848 19849
1786277325637 9.622549057006836 19899
1786277328302 9.716313362121582 19949
1786277330889 9.663528442382812 19999
1786277333529 9.532358169555664 20049
1786277336195 9.591655731201172 20099
1786277338959 9.554649353027344 20149
1786277341638 9.64669132232666 20199
1786277344266 9.610909461975098 20249
1786277346901 9.606258392333984 20299
1786277349617 9.632278442382812 20349
1786277352340 9.62644100189209 20399
1786277355011 9.701289176940918 20449
1786277357615 9.525679588317871 20499
1786277360191 9.461625099182129 20549
1786277362836 9.614662170410156 20599
1786277365472 9.644946098327637 20649
1786277368150 9.58265495300293 20699
1786277371103 9.635140419006348 20749
1786277373727 9.627684593200684 20799
1786277376331 9.62232780456543 20849
1786277378969 9.588492393493652 20899
1786277381660 9.523233413696289 20949
1786277384301 9.560203552246094 20999
1786277386939 9.563912391662598 21049
1786277389564 9.602944374084473 21099
1786277392176 9.63512134552002 21149
1786277394816 9.624252319335938 21199
1786277397496 9.645665168762207 21249
1786277400187 9.56673812866211 21299
1786277402859 9.65302848815918 21349
1786277405501 9.616128921508789 21399
1786277408132 9.534936904907227 21449
1786277410720 9.622803688049316 21499
1786277413351 9.655489921569824 21549
1786277416003 9.573720932006836 21599
1786277418659 9.6326904296875 21649
1786277421297 9.560158729553223 21699
1786277423952 9.697678565979004 21749
1786277426577 9.645951271057129 21799
1786277429181 9.670167922973633 21849
1786277431820 9.652470588684082 21899
1786277434507 9.645242691040039 21949
1786277437120 9.394204139709473 21999
1786277439723 9.556133270263672 22049
1786277442320 9.648053169250488 22099
1786277444965 9.628728866577148 22149
1786277447636 9.586638450622559 22199
1786277450275 9.659567832946777 22249
1786277452893 9.650136947631836 22299
1786277455813 9.70072078704834 22349
1786277458434 9.507662773132324 22399
1786277461063 9.696468353271484 22449
1786277463709 9.578978538513184 22499
1786277466338 9.662049293518066 22549
1786277468972 9.526241302490234 22599
1786277471588 9.651935577392578 22649
1786277474230 9.619597434997559 22699
1786277476822 9.639058113098145 22749
1786277479432 9.616950035095215 22799
1786277482061 9.575980186462402 22849
1786277484674 9.660957336425781 22899
1786277487303 9.631103515625 22949
1786277489927 9.657308578491211 22999
1786277492625 9.68316650390625 23049
1786277495301 9.601606369018555 23099
1786277497939 9.663278579711914 23149
1786277500595 9.653783798217773 23199
1786277503199 9.600261688232422 23249
1786277505805 9.474319458007812 23299
1786277508438 9.531599998474121 23349
1786277511092 9.682376861572266 23399
1786277513719 9.64503002166748 23449
1786277516363 9.565102577209473 23499
1786277519048 9.647149085998535 23549
1786277521665 9.558466911315918 23599
1786277524308 9.593019485473633 23649
1786277527001 9.596616744995117 23699
1786277529600 9.687759399414062 23749
1786277532212 9.655879020690918 23799
1786277534831 9.587167739868164 23849
1786277537528 9.634334564208984 23899
1786277540527 9.586895942687988 23949
1786277543185 9.480182647705078 23999
1786277545789 9.592655181884766 24049
1786277548443 9.408358573913574 24099
1786277551067 9.515620231628418 24149
1786277553707 9.570056915283203 24199
1786277556355 9.611098289489746 24249
1786277558995 9.380793571472168 24299
1786277561631 9.541277885437012 24349
1786277564250 9.608467102050781 24399
1786277566903 9.684343338012695 24449
1786277569565 9.67580795288086 24499
1786277572256 9.62399673461914 24549
1786277574910 9.582037925720215 24599
1786277577539 9.62092113494873 24649
1786277580191 9.527904510498047 24699
1786277582851 9.513198852539062 24749
1786277585504 9.650318145751953 24799
1786277588134 9.643828392028809 24849
1786277590796 9.676457405090332 24899
1786277593442 9.438199043273926 24949
1786277596076 9.60331916809082 24999
1786277598787 9.677045822143555 25049
1786277601434 9.6217622756958 25099
1786277604106 9.535888671875 25149
1786277606714 9.538890838623047 25199
1786277609329 9.624116897583008 25249
1786277611992 9.585453033447266 25299
1786277614712 9.588462829589844 25349
1786277617362 9.673280715942383 25399
1786277620011 9.64625358581543 25449
1786277622686 9.580817222595215 25499
1786277625665 9.679834365844727 25549
1786277628308 9.585382461547852 25599
1786277630958 9.634598731994629 25649
1786277633605 9.705652236938477 25699
1786277636269 9.561151504516602 25749
1786277638952 9.67423152923584 25799
1786277641574 9.640535354614258 25849
1786277644204 9.623711585998535 25899
1786277646868 9.744585990905762 25949
1786277649474 9.526474952697754 25999
1786277652122 9.622675895690918 26049
1786277654753 9.648262977600098 26099
1786277657360 9.509965896606445 26149
1786277660001 9.59295654296875 26199
1786277662641 9.582859992980957 26249
1786277665333 9.666064262390137 26299
1786277667944 9.528861999511719 26349
1786277670555 9.604385375976562 26399
1786277673173 9.596399307250977 26449
1786277675780 9.689898490905762 26499
1786277678395 9.561805725097656 26549
1786277681059 9.658392906188965 26599
1786277683706 9.638998031616211 26649
1786277686420 9.632183074951172 26699
1786277689057 9.662946701049805 26749
1786277691689 9.583198547363281 26799
1786277694318 9.592906951904297 26849
1786277697011 9.588268280029297 26899
1786277699659 9.573619842529297 26949
1786277702262 9.636286735534668 26999
1786277704898 9.566368103027344 27049
1786277707526 9.613133430480957 27099
1786277710476 9.601859092712402 27149
1786277713099 9.566130638122559 27199
1786277715702 9.593302726745605 27249
1786277718344 9.632963180541992 27299
1786277720984 9.649843215942383 27349
1786277723647 9.64372730255127 27399
1786277726398 9.566634178161621 27449
1786277729118 9.595990180969238 27499
1786277731830 9.666186332702637 27549
1786277734493 9.683859825134277 27599
1786277737161 9.622020721435547 27649
1786277739807 9.45180892944336 27699
1786277742480 9.622082710266113 27749
1786277745167 9.494943618774414 27799
1786277747893 9.583703994750977 27849
1786277750559 9.597066879272461 27899
1786277753225 9.648923873901367 27949
1786277755947 9.510499954223633 27999
1786277758666 9.636456489562988 28049
1786277761394 9.432302474975586 28099
1786277764078 9.694451332092285 28149
1786277766744 9.563283920288086 28199
1786277769460 9.643081665039062 28249
1786277772096 9.54867935180664 28299
1786277774768 9.614076614379883 28349
1786277777462 9.459626197814941 28399
1786277780141 9.656177520751953 28449
1786277782884 9.552451133728027 28499
1786277785591 9.62452220916748 28549
1786277788270 9.589157104492188 28599
1786277791001 9.644329071044922 28649
1786277793645 9.578644752502441 28699
