1786276191197 6.931581497192383 1595
1786276299527 9.549921989440918 3191
1786276399760 9.633567810058594 4787
1786276493446 9.76744556427002 6383
1786276577853 9.79905891418457 7979
1786276719430 9.794755935668945 9575
1786276805029 9.781730651855469 11171
1786276890384 9.716196060180664 12767
1786276975317 9.668758392333984 14363
1786277059829 9.652877807617188 15959
1786277144667 9.653553009033203 17555
1786277285758 9.6482515335083 19151
1786277370655 9.637311935424805 20747
1786277455176 9.634625434875488 22343
1786277539636 9.633869171142578 23939
1786277624589 9.63090991973877 25535
1786277709210 9.623897552490234 27131
1786277847041 9.620832443237305 28727
