1786276073843 3.0130791664123535 49
1786276077833 2.803328037261963 99
1786276082249 2.896994113922119 149
1786276086444 2.958305835723877 199
1786276089913 3.174941062927246 249
1786276093687 3.3815746307373047 299
1786276097893 3.4024178981781006 349
1786276102045 3.473723888397217 399
1786276105623 3.7161312103271484 449
1786276109153 3.973634719848633 499
1786276112803 4.227177619934082 549
1786276116877 4.639923572540283 599
1786276120837 5.173086643218994 649
1786276124617 5.39305305480957 699
1786276128318 5.709804534912109 749
1786276132186 5.902386665344238 799
1786276136304 6.057293891906738 849
1786276140267 6.225781440734863 899
1786276143985 6.467222690582275 949
1786276147679 6.803722381591797 999
1786276151539 6.870337009429932 1049
1786276155677 7.146614074707031 1099
1786276159437 7.2613630294799805 1149
1786276162910 7.427415370941162 1199
1786276166264 7.71048641204834 1249
1786276170274 7.949201583862305 1299
1786276174149 8.05820083618164 1349
1786276177687 8.294780731201172 1399
1786276180896 8.490776062011719 1449
1786276184159 8.502801895141602 1499
1786276187794 8.67067813873291 1549
1786276191858 8.732755661010742 1599
1786276195128 8.681234359741211 1649
1786276198153 8.878080368041992 1699
1786276201235 8.887301445007324 1749
1786276204623 8.951611518859863 1799
1786276208109 8.958767890930176 1849
1786276211463 9.047567367553711 1899
1786276214718 9.069653511047363 1949
1786276217996 9.061586380004883 1999
1786276221415 9.147302627563477 2049
1786276225007 9.134451866149902 2099
1786276228502 9.051603317260742 2149
1786276231817 8.870997428894043 2199
1786276235093 9.03234577178955 2249
1786276238532 9.038320541381836 2299
1786276242195 8.917851448059082 2349
1786276245779 9.024060249328613 2399
1786276249212 9.093292236328125 2449
1786276252508 9.120294570922852 2499
1786276255700 8.99714469909668 2549
1786276259139 9.033912658691406 2599
1786276262835 9.091651916503906 2649
1786276266577 8.89735221862793 2699
1786276270060 8.981966018676758 2749
1786276273159 9.112319946289062 2799
1786276276488 9.042862892150879 2849
1786276280147 9.102861404418945 2899
1786276283888 8.962478637695312 2949
1786276287262 9.024160385131836 2999
1786276290299 9.154638290405273 3049
1786276293463 9.111797332763672 3099
1786276296762 9.179831504821777 3149
1786276300441 9.222450256347656 3199
1786276303711 9.224302291870117 3249
1786276307174 9.242108345031738 3299
1786276310437 9.187408447265625 3349
1786276313725 9.190924644470215 3399
1786276317254 9.10297966003418 3449
1786276321032 9.306180953979492 3499
1786276324468 9.188909530639648 3549
1786276327824 9.242888450622559 3599
1786276331026 9.232133865356445 3649
1786276334359 9.212088584899902 3699
1786276337596 9.039863586425781 3749
1786276340659 9.224987030029297 3799
1786276343616 9.274068832397461 3849
1786276346449 9.229288101196289 3899
1786276349426 9.264252662658691 3949
1786276352602 9.190793991088867 3999
1786276355863 9.194095611572266 4049
1786276358889 9.369359970092773 4099
1786276361738 9.321584701538086 4149
1786276364634 9.403059005737305 4199
1786276367801 9.238335609436035 4249
1786276371097 9.364062309265137 4299
1786276374155 9.294580459594727 4349
1786276376948 9.353002548217773 4399
1786276379781 9.397552490234375 4449
1786276382648 9.420392990112305 4499
1786276385645 9.389156341552734 4549
1786276388772 9.421453475952148 4599
1786276391727 9.42460823059082 4649
1786276394622 9.388303756713867 4699
1786276397527 9.35700798034668 4749
1786276400765 9.410846710205078 4799
1786276403832 9.33069896697998 4849
1786276406875 9.426396369934082 4899
1786276409798 9.462305068969727 4949
1786276412795 9.413978576660156 4999
1786276415788 9.25688362121582 5049
1786276418958 9.394947052001953 5099
1786276422047 9.443211555480957 5149
1786276424955 9.380023956298828 5199
1786276427782 9.465802192687988 5249
1786276430754 9.460538864135742 5299
1786276433927 9.22884464263916 5349
1786276437166 9.41309928894043 5399
1786276440267 9.434477806091309 5449
1786276443161 9.311055183410645 5499
1786276446056 9.473054885864258 5549
1786276449179 9.50140380859375 5599
1786276452417 9.43661880493164 5649
1786276455525 9.398368835449219 5699
1786276458384 9.530693054199219 5749
1786276461145 9.406249046325684 5799
1786276464006 9.403100967407227 5849
1786276466848 9.420608520507812 5899
1786276469672 9.475971221923828 5949
1786276472460 9.4564208984375 5999
1786276475258 9.470487594604492 6049
1786276478015 9.440057754516602 6099
1786276480761 9.467716217041016 6149
1786276483556 9.448060989379883 6199
1786276486291 9.4834566116333 6249
1786276488989 9.399028778076172 6299
1786276491659 9.403157234191895 6349
1786276494610 9.478087425231934 6399
1786276497261 9.457881927490234 6449
1786276499900 9.394850730895996 6499
1786276502516 9.469287872314453 6549
1786276505144 9.402230262756348 6599
1786276507778 9.434175491333008 6649
1786276510424 9.464302062988281 6699
1786276513100 9.459985733032227 6749
1786276515749 9.397441864013672 6799
1786276518347 9.460977554321289 6849
1786276521021 9.452512741088867 6899
1786276523619 9.458414077758789 6949
1786276526249 9.189895629882812 6999
1786276528897 9.437833786010742 7049
1786276531594 9.489494323730469 7099
1786276534233 9.47782039642334 7149
1786276536816 9.42536449432373 7199
1786276539434 9.437531471252441 7249
1786276542058 9.423320770263672 7299
1786276544686 9.413179397583008 7349
1786276547298 9.514041900634766 7399
1786276549896 9.438653945922852 7449
1786276552525 9.487993240356445 7499
1786276555218 9.402078628540039 7549
1786276557838 9.330336570739746 7599
1786276560502 9.386736869812012 7649
1786276563115 9.401155471801758 7699
1786276565760 9.491888046264648 7749
1786276568387 9.49490737915039 7799
1786276571024 9.502760887145996 7849
1786276573645 9.360660552978516 7899
1786276576281 9.512802124023438 7949
1786276579211 9.472991943359375 7999
1786276581836 9.284915924072266 8049
1786276584466 9.470367431640625 8099
1786276587104 9.495292663574219 8149
1786276589713 9.472994804382324 8199
1786276592358 9.44382381439209 8249
1786276594966 9.51728630065918 8299
1786276597588 9.499594688415527 8349
1786276600246 9.442902565002441 8399
1786276602864 9.370534896850586 8449
1786276605499 9.391815185546875 8499
1786276608112 9.532608985900879 8549
1786276610775 9.365739822387695 8599
1786276613353 9.347403526306152 8649
1786276615971 9.424427032470703 8699
1786276618586 9.448287963867188 8749
1786276621192 9.44108772277832 8799
1786276623846 9.469970703125 8849
1786276626501 9.520895004272461 8899
1786276629126 9.435205459594727 8949
1786276631729 9.427318572998047 8999
1786276634392 9.431788444519043 9049
1786276637006 9.382627487182617 9099
1786276639621 9.342817306518555 9149
1786276642240 9.477594375610352 9199
1786276644884 9.387330055236816 9249
1786276647503 9.441119194030762 9299
1786276650189 9.491233825683594 9349
1786276652863 9.48403549194336 9399
1786276655478 9.378019332885742 9449
1786276658171 9.422861099243164 9499
1786276660799 9.235916137695312 9549
1786276721010 9.44611930847168 9599
1786276723647 9.505192756652832 9649
1786276726307 9.381041526794434 9699
1786276728977 9.447502136230469 9749
1786276731720 9.46190071105957 9799
1786276734392 9.343456268310547 9849
1786276737017 9.51021671295166 9899
1786276739626 9.463031768798828 9949
1786276742288 9.439779281616211 9999
1786276744979 9.470571517944336 10049
1786276747635 9.410968780517578 10099
1786276750331 9.214548110961914 10149
1786276753001 9.428661346435547 10199
1786276755624 9.455673217773438 10249
1786276758263 9.460037231445312 10299
1786276761017 9.355223655700684 10349
1786276763803 9.393668174743652 10399
1786276766522 9.344853401184082 10449
1786276769227 9.413461685180664 10499
1786276771878 9.327638626098633 10549
1786276774534 9.383626937866211 10599
1786276777206 9.303653717041016 10649
1786276779908 9.278945922851562 10699
1786276782580 9.327701568603516 10749
1786276785298 9.412212371826172 10799
1786276787966 9.39731216430664 10849
1786276790600 9.36863899230957 10899
1786276793294 9.350715637207031 10949
1786276795969 9.421579360961914 10999
1786276798644 9.4443359375 11049
1786276801255 9.411301612854004 11099
1786276803875 9.3821382522583 11149
1786276806837 9.476107597351074 11199
1786276809574 9.302364349365234 11249
1786276812271 9.22591781616211 11299
1786276814990 9.361045837402344 11349
1786276817643 9.398578643798828 11399
1786276820278 9.360475540161133 11449
1786276822922 9.404338836669922 11499
1786276825570 9.395612716674805 11549
1786276828223 9.366415023803711 11599
1786276830894 9.204012870788574 11649
1786276833530 9.328500747680664 11699
1786276836187 9.185789108276367 11749
1786276838850 9.286234855651855 11799
1786276841514 9.29311752319336 11849
1786276844169 9.142097473144531 11899
1786276846881 9.28523063659668 11949
1786276849573 9.289079666137695 11999
1786276852200 9.35841178894043 12049
1786276854860 9.327018737792969 12099
1786276857507 9.231771469116211 12149
1786276860169 9.160879135131836 12199
1786276862823 9.16187572479248 12249
1786276865538 9.378039360046387 12299
1786276868163 9.21023941040039 12349
1786276870801 9.283550262451172 12399
1786276873431 9.358864784240723 12449
1786276876091 9.177371978759766 12499
1786276878745 9.353475570678711 12549
1786276881421 9.283211708068848 12599
1786276884115 9.105266571044922 12649
1786276886738 9.050469398498535 12699
1786276889379 9.221029281616211 12749
1786276892475 8.958840370178223 12799
1786276895283 9.265666007995605 12849
1786276898009 9.407773971557617 12899
1786276900654 9.224065780639648 12949
1786276903268 9.153539657592773 12999
1786276905896 9.311433792114258 13049
1786276908583 9.235328674316406 13099
1786276911258 9.314249992370605 13149
1786276913908 9.364276885986328 13199
1786276916540 9.35914421081543 13249
1786276919180 9.349576950073242 13299
1786276921791 9.190921783447266 13349
1786276924401 9.344383239746094 13399
1786276927038 8.99013900756836 13449
1786276929701 9.273381233215332 13499
1786276932324 9.207825660705566 13549
1786276934916 9.307544708251953 13599
1786276937565 9.202489852905273 13649
1786276940197 9.287918090820312 13699
1786276942835 9.153099060058594 13749
1786276945459 9.259347915649414 13799
1786276948059 9.32815933227539 13849
1786276950765 9.156636238098145 13899
1786276953405 9.212432861328125 13949
1786276956010 9.052608489990234 13999
1786276958680 9.224735260009766 14049
1786276961322 9.39670467376709 14099
1786276963933 9.172859191894531 14149
1786276966594 9.16334342956543 14199
1786276969259 9.337684631347656 14249
1786276971903 9.23072338104248 14299
1786276974536 9.098984718322754 14349
1786276977465 9.102181434631348 14399
1786276980120 8.979050636291504 14449
1786276982790 9.176495552062988 14499
1786276985475 9.20854377746582 14549
1786276988099 9.273301124572754 14599
1786276990711 9.157293319702148 14649
1786276993326 9.154195785522461 14699
1786276995965 9.28677749633789 14749
1786276998632 9.082294464111328 14799
1786277001323 9.384398460388184 14849
1786277003977 9.136678695678711 14899
1786277006573 9.317148208618164 14949
1786277009165 9.160265922546387 14999
1786277011779 9.290943145751953 15049
1786277014382 9.19606876373291 15099
1786277017003 9.24169921875 15149
1786277019664 9.034936904907227 15199
1786277022353 9.36932373046875 15249
1786277024948 9.274980545043945 15299
1786277027556 9.306835174560547 15349
1786277030228 9.37826156616211 15399
1786277032852 9.444282531738281 15449
1786277035481 9.23702335357666 15499
1786277038150 9.338662147521973 15549
1786277040764 9.163084983825684 15599
1786277043419 9.103099822998047 15649
1786277046054 9.138189315795898 15699
1786277048769 9.355134963989258 15749
1786277051391 9.15870475769043 15799
1786277053954 9.321352005004883 15849
1786277056620 9.153593063354492 15899
1786277059236 9.197765350341797 15949
1786277062342 9.273468017578125 15999
1786277064968 9.321090698242188 16049
1786277067614 9.316722869873047 16099
1786277070236 9.265012741088867 16149
1786277072886 9.299955368041992 16199
1786277075520 9.369937896728516 16249
1786277078183 9.186225891113281 16299
1786277080810 9.27481460571289 16349
1786277083444 9.207605361938477 16399
1786277086083 9.124397277832031 16449
1786277088688 9.383398056030273 16499
1786277091310 9.301122665405273 16549
1786277093982 9.161373138427734 16599
1786277096650 9.434743881225586 16649
1786277099335 9.227309226989746 16699
1786277102013 9.167350769042969 16749
1786277104636 9.188612937927246 16799
1786277107272 9.251813888549805 16849
1786277109982 9.167428016662598 16899
1786277112636 9.269004821777344 16949
1786277115279 9.248095512390137 16999
1786277117913 9.213265419006348 17049
1786277120549 9.28857421875 17099
1786277123209 9.237449645996094 17149
1786277125853 9.358329772949219 17199
1786277128477 9.324607849121094 17249
1786277131136 9.292989730834961 17299
1786277133715 9.274511337280273 17349
1786277136356 9.258966445922852 17399
1786277138966 9.335245132446289 17449
1786277141628 9.35441780090332 17499
1786277144316 9.22286605834961 17549
1786277147294 9.184028625488281 17599
1786277149912 9.231949806213379 17649
1786277152537 9.271868705749512 17699
1786277155158 9.374247550964355 17749
1786277157824 9.187040328979492 17799
1786277160431 9.391199111938477 17849
1786277163082 9.361716270446777 17899
1786277165777 9.13624382019043 17949
1786277168367 9.376852989196777 17999
1786277170981 9.26411247253418 18049
1786277173632 9.203216552734375 18099
1786277176330 9.14637279510498 18149
1786277178973 9.230240821838379 18199
1786277181613 9.16826343536377 18249
1786277184202 9.326863288879395 18299
1786277186836 9.228004455566406 18349
1786277189473 9.217533111572266 18399
1786277192075 9.103446960449219 18449
1786277194703 9.063652992248535 18499
1786277197334 9.169160842895508 18549
1786277199975 9.168001174926758 18599
1786277202635 9.201345443725586 18649
1786277205315 9.218535423278809 18699
1786277207952 9.360427856445312 18749
1786277210623 9.145074844360352 18799
1786277213316 9.242225646972656 18849
1786277215970 9.196174621582031 18899
1786277218607 9.275618553161621 18949
1786277221228 9.258380889892578 18999
1786277223912 9.269939422607422 19049
1786277226577 9.371148109436035 19099
1786277229224 9.297414779663086 19149
1786277288627 9.192740440368652 19199
1786277291280 9.253260612487793 19249
1786277293914 9.209757804870605 19299
1786277296513 9.263248443603516 19349
1786277299139 9.369950294494629 19399
1786277301748 9.234918594360352 19449
1786277304466 9.287948608398438 19499
1786277307109 9.255329132080078 19549
1786277309737 9.030338287353516 19599
1786277312367 9.227157592773438 19649
1786277315030 9.213067054748535 19699
1786277317647 9.310660362243652 19749
1786277320340 9.224344253540039 19799
1786277322998 9.182193756103516 19849
1786277325637 9.234378814697266 19899
1786277328302 9.335258483886719 19949
1786277330889 9.284890174865723 19999
1786277333529 9.249772071838379 20049
1786277336195 9.176197052001953 20099
1786277338959 9.177130699157715 20149
1786277341638 9.304973602294922 20199
1786277344266 9.347780227661133 20249
1786277346901 9.301412582397461 20299
1786277349617 9.350231170654297 20349
1786277352340 9.174243927001953 20399
1786277355011 9.355766296386719 20449
1786277357615 9.063966751098633 20499
1786277360191 9.181722640991211 20549
1786277362836 9.251276016235352 20599
1786277365472 9.336947441101074 20649
1786277368150 9.292781829833984 20699
1786277371103 9.330804824829102 20749
1786277373727 9.271865844726562 20799
1786277376331 9.216806411743164 20849
1786277378969 9.140668869018555 20899
1786277381660 9.165922164916992 20949
1786277384301 9.062804222106934 20999
1786277386939 9.339365005493164 21049
1786277389564 9.246026039123535 21099
1786277392176 9.236798286437988 21149
1786277394816 9.150477409362793 21199
1786277397496 9.245128631591797 21249
1786277400187 9.214801788330078 21299
1786277402859 9.39883804321289 21349
1786277405501 9.246973037719727 21399
1786277408132 9.132245063781738 21449
1786277410720 9.189022064208984 21499
1786277413351 9.336331367492676 21549
1786277416003 9.284299850463867 21599
1786277418659 9.324695587158203 21649
1786277421297 9.072221755981445 21699
1786277423952 9.382742881774902 21749
1786277426577 9.184371948242188 21799
1786277429181 9.22875690460205 21849
1786277431820 9.191426277160645 21899
1786277434507 9.231164932250977 21949
1786277437120 9.084648132324219 21999
1786277439723 8.979937553405762 22049
1786277442320 9.272591590881348 22099
1786277444965 9.251052856445312 22149
1786277447636 9.173288345336914 22199
1786277450275 9.370828628540039 22249
1786277452893 9.328540802001953 22299
1786277455813 9.375921249389648 22349
1786277458434 9.152473449707031 22399
1786277461063 9.362344741821289 22449
1786277463709 9.136674880981445 22499
1786277466338 9.286919593811035 22549
1786277468972 9.20570182800293 22599
1786277471588 9.399435043334961 22649
1786277474230 9.169927597045898 22699
1786277476822 9.216257095336914 22749
1786277479432 9.284056663513184 22799
1786277482061 9.315006256103516 22849
1786277484674 9.272947311401367 22899
1786277487303 9.285863876342773 22949
1786277489927 9.291125297546387 22999
1786277492625 9.27548599243164 23049
1786277495301 9.175738334655762 23099
1786277497939 9.286774635314941 23149
1786277500595 9.231807708740234 23199
1786277503199 9.348335266113281 23249
1786277505805 9.05295467376709 23299
1786277508438 9.183395385742188 23349
1786277511092 9.220727920532227 23399
1786277513719 9.280351638793945 23449
1786277516363 9.166013717651367 23499
1786277519048 9.34592056274414 23549
1786277521665 9.297262191772461 23599
1786277524308 9.391435623168945 23649
1786277527001 9.055932998657227 23699
1786277529600 9.347432136535645 23749
1786277532212 9.228530883789062 23799
1786277534831 9.211973190307617 23849
1786277537528 9.376821517944336 23899
1786277540527 9.27736759185791 23949
1786277543185 9.166719436645508 23999
1786277545789 9.2169828414917 24049
1786277548443 8.816596984863281 24099
1786277551067 9.258005142211914 24149
1786277553707 9.248416900634766 24199
1786277556355 9.258929252624512 24249
1786277558995 9.08863639831543 24299
1786277561631 9.122406005859375 24349
1786277564250 9.18355655670166 24399
1786277566903 9.271882057189941 24449
1786277569565 9.379098892211914 24499
1786277572256 9.205326080322266 24549
1786277574910 9.284782409667969 24599
1786277577539 9.264530181884766 24649
1786277580191 9.013313293457031 24699
1786277582851 9.06198501586914 24749
1786277585504 9.314958572387695 24799
1786277588134 9.267184257507324 24849
1786277590796 9.314811706542969 24899
1786277593442 9.155732154846191 24949
1786277596076 9.212100982666016 24999
1786277598787 9.311534881591797 25049
1786277601434 9.160572052001953 25099
1786277604106 9.171777725219727 25149
1786277606714 9.13705062866211 25199
1786277609329 9.184419631958008 25249
1786277611992 9.188071250915527 25299
1786277614712 9.228323936462402 25349
1786277617362 9.405843734741211 25399
1786277620011 9.175600051879883 25449
1786277622686 9.064220428466797 25499
1786277625665 9.36373519897461 25549
1786277628308 9.155043601989746 25599
1786277630958 9.206613540649414 25649
1786277633605 9.324292182922363 25699
1786277636269 9.23588752746582 25749
1786277638952 9.335663795471191 25799
1786277641574 9.335943222045898 25849
1786277644204 9.38347053527832 25899
1786277646868 9.360884666442871 25949
1786277649474 9.2162446975708 25999
1786277652122 9.296370506286621 26049
1786277654753 9.336690902709961 26099
1786277657360 9.252056121826172 26149
1786277660001 9.238285064697266 26199
1786277662641 9.169029235839844 26249
1786277665333 9.34624195098877 26299
1786277667944 9.172700881958008 26349
1786277670555 9.074665069580078 26399
1786277673173 9.273813247680664 26449
1786277675780 9.17885684967041 26499
1786277678395 9.277557373046875 26549
1786277681059 9.166864395141602 26599
1786277683706 9.424488067626953 26649
1786277686420 9.347692489624023 26699
1786277689057 9.369638442993164 26749
1786277691689 9.215311050415039 26799
1786277694318 9.247966766357422 26849
1786277697011 9.200335502624512 26899
1786277699659 9.224859237670898 26949
1786277702262 9.222352981567383 26999
1786277704898 9.154834747314453 27049
1786277707526 9.178245544433594 27099
1786277710476 9.277508735656738 27149
1786277713099 9.097187042236328 27199
1786277715702 9.249541282653809 27249
1786277718344 8.986948013305664 27299
1786277720984 9.325981140136719 27349
1786277723647 9.191064834594727 27399
1786277726398 9.139045715332031 27449
1786277729118 9.31368350982666 27499
1786277731830 9.34925651550293 27549
1786277734493 9.235963821411133 27599
1786277737161 9.223498344421387 27649
1786277739807 9.119096755981445 27699
1786277742480 9.252765655517578 27749
1786277745167 9.17005729675293 27799
1786277747893 9.229509353637695 27849
1786277750559 9.22658920288086 27899
1786277753225 9.182547569274902 27949
1786277755947 9.052202224731445 27999
1786277758666 9.209637641906738 28049
1786277761394 9.058059692382812 28099
1786277764078 9.204460144042969 28149
1786277766744 9.171018600463867 28199
1786277769460 9.235787391662598 28249
1786277772096 9.06419563293457 28299
1786277774768 9.321231842041016 28349
1786277777462 9.227903366088867 28399
1786277780141 9.259082794189453 28449
1786277782884 9.11280632019043 28499
1786277785591 9.173635482788086 28549
1786277788270 9.189966201782227 28599
1786277791001 9.27181339263916 28649
1786277793645 9.199588775634766 28699
