1786276191197 0.6955379843711853 1595
1786276299527 0.9582709670066833 3191
1786276399760 0.9666643142700195 4787
1786276493446 0.9800980091094971 6383
1786276577853 0.9832702279090881 7979
1786276719430 0.9828384518623352 9575
1786276805029 0.9815314412117004 11171
1786276890384 0.9749554991722107 12767
1786276975317 0.9701954126358032 14363
1786277059829 0.9686019420623779 15959
1786277144667 0.9686696529388428 17555
1786277285758 0.9681376814842224 19151
1786277370655 0.9670400023460388 20747
1786277455176 0.9667704105377197 22343
1786277539636 0.9666945338249207 23939
1786277624589 0.9663975834846497 25535
1786277709210 0.9656939506530762 27131
1786277847041 0.9653863906860352 28727
