1786276191197 0.3782876431941986 1595
1786276299527 0.03701024875044823 3191
1786276399760 0.03817404806613922 4787
1786276493446 0.020953262224793434 6383
1786276577853 0.01926875300705433 7979
1786276719430 0.011830111965537071 9575
1786276805029 0.008434171788394451 11171
1786276890384 0.0070427535101771355 12767
1786276975317 0.005907101556658745 14363
1786277059829 0.006676236633211374 15959
1786277144667 0.01036771573126316 17555
1786277285758 0.009299371391534805 19151
1786277370655 0.005456757266074419 20747
1786277455176 0.0033885985612869263 22343
1786277539636 0.0037202381063252687 23939
1786277624589 0.003190348856151104 25535
1786277709210 0.002493416192010045 27131
1786277847041 0.002449360676109791 28727
