1786276073843 0.00026757316663861275 49
1786276077833 0.0004540467634797096 99
1786276082249 0.001411045086570084 149
1786276086444 0.005396129563450813 199
1786276089913 0.004009708762168884 249
1786276093687 0.0028356388211250305 299
1786276097893 0.0016486607491970062 349
1786276102045 0.003154650330543518 399
1786276105623 0.006418830715119839 449
1786276109153 0.010043789632618427 499
1786276112803 0.01625140942633152 549
1786276116877 0.013306237757205963 599
1786276120837 0.015437518246471882 649
1786276124617 0.009666627272963524 699
1786276128318 0.012740584090352058 749
1786276132186 0.005244832951575518 799
1786276136304 0.007302842102944851 849
1786276140267 0.009230615571141243 899
1786276143985 0.012235969305038452 949
1786276147679 0.008388444781303406 999
1786276151539 0.007076956331729889 1049
1786276155677 0.0076822200790047646 1099
1786276159437 0.0026696925051510334 1149
1786276162910 0.0031458884477615356 1199
1786276166264 0.011736452579498291 1249
1786276170274 0.010369084775447845 1299
1786276174149 0.008070804178714752 1349
1786276177687 0.005736884195357561 1399
1786276180896 0.00573170930147171 1449
1786276184159 0.007608570158481598 1499
1786276187794 0.01665504463016987 1549
1786276191858 0.012666255235671997 1599
1786276195128 0.030062146484851837 1649
1786276198153 0.028228074312210083 1699
1786276201235 0.03745754808187485 1749
1786276204623 0.03275683522224426 1799
1786276208109 0.015894360840320587 1849
1786276211463 0.03066183626651764 1899
1786276214718 0.0296417698264122 1949
1786276217996 0.032555848360061646 1999
1786276221415 0.027864962816238403 2049
1786276225007 0.014339596033096313 2099
1786276228502 0.02448127418756485 2149
1786276231817 0.019958551973104477 2199
1786276235093 0.031496502459049225 2249
1786276238532 0.023071058094501495 2299
1786276242195 0.010632671415805817 2349
1786276245779 0.01579083502292633 2399
1786276249212 0.044929277151823044 2449
1786276252508 0.020901717245578766 2499
1786276255700 0.0364857017993927 2549
1786276259139 0.04152924194931984 2599
1786276262835 0.02618291974067688 2649
1786276266577 0.03384927660226822 2699
1786276270060 0.03189042955636978 2749
1786276273159 0.031179912388324738 2799
1786276276488 0.05129879713058472 2849
1786276280147 0.0022829496301710606 2899
1786276283888 0.011431112885475159 2949
1786276287262 0.013467647135257721 2999
1786276290299 0.05168873071670532 3049
1786276293463 0.017282359302043915 3099
1786276296762 0.02620789408683777 3149
1786276300441 0.010705890133976936 3199
1786276303711 0.035555072128772736 3249
1786276307174 0.015739955008029938 3299
1786276310437 0.009934226050972939 3349
1786276313725 0.013595148921012878 3399
1786276317254 0.013777988031506538 3449
1786276321032 0.02090413123369217 3499
1786276324468 0.018651055172085762 3549
1786276327824 0.027596741914749146 3599
1786276331026 0.04299839586019516 3649
1786276334359 0.009492941200733185 3699
1786276337596 0.06761592626571655 3749
1786276340659 0.03747470676898956 3799
1786276343616 0.026096845045685768 3849
1786276346449 0.037589043378829956 3899
1786276349426 0.027752585709095 3949
1786276352602 0.06772757321596146 3999
1786276355863 0.022383714094758034 4049
1786276358889 0.025730043649673462 4099
1786276361738 0.009015724062919617 4149
1786276364634 0.025198280811309814 4199
1786276367801 0.03822660446166992 4249
1786276371097 0.016234014183282852 4299
1786276374155 0.00898522324860096 4349
1786276376948 0.013300741091370583 4399
1786276379781 0.014702536165714264 4449
1786276382648 0.013454120606184006 4499
1786276385645 0.023129144683480263 4549
1786276388772 0.014807403087615967 4599
1786276391727 0.010393107309937477 4649
1786276394622 0.010449685156345367 4699
1786276397527 0.013884251937270164 4749
1786276400765 0.006559969857335091 4799
1786276403832 0.02045607566833496 4849
1786276406875 0.014210104942321777 4899
1786276409798 0.011920996010303497 4949
1786276412795 0.010279353708028793 4999
1786276415788 0.01514417678117752 5049
1786276418958 0.027718424797058105 5099
1786276422047 0.010927028022706509 5149
1786276424955 0.014778412878513336 5199
1786276427782 0.013166846707463264 5249
1786276430754 0.01207704097032547 5299
1786276433927 0.019132137298583984 5349
1786276437166 0.025574833154678345 5399
1786276440267 0.013044878840446472 5449
1786276443161 0.02688385732471943 5499
1786276446056 0.010537547990679741 5549
1786276449179 0.014714717864990234 5599
1786276452417 0.010255930945277214 5649
1786276455525 0.016721226274967194 5699
1786276458384 0.0042035458609461784 5749
1786276461145 0.013227608054876328 5799
1786276464006 0.015077071264386177 5849
1786276466848 0.010571986436843872 5899
1786276469672 0.008544564247131348 5949
1786276472460 0.019908638671040535 5999
1786276475258 0.007897237315773964 6049
1786276478015 0.009466595947742462 6099
1786276480761 0.013034410774707794 6149
1786276483556 0.027733780443668365 6199
1786276486291 0.008709702640771866 6249
1786276488989 0.027163609862327576 6299
1786276491659 0.03914514183998108 6349
1786276494610 0.02101314067840576 6399
1786276497261 0.0266769677400589 6449
1786276499900 0.042086340487003326 6499
1786276502516 0.006826937198638916 6549
1786276505144 0.004497947171330452 6599
1786276507778 0.012500600889325142 6649
1786276510424 0.025585804134607315 6699
1786276513100 0.005169836804270744 6749
1786276515749 0.029317952692508698 6799
1786276518347 0.019605815410614014 6849
1786276521021 0.004290019627660513 6899
1786276523619 0.012328524142503738 6949
1786276526249 0.006993487942963839 6999
1786276528897 0.047622859477996826 7049
1786276531594 0.021678268909454346 7099
1786276534233 0.01063376571983099 7149
1786276536816 0.009134756401181221 7199
1786276539434 0.012601474300026894 7249
1786276542058 0.02233419567346573 7299
1786276544686 0.0161830335855484 7349
1786276547298 0.010060526430606842 7399
1786276549896 0.01709790714085102 7449
1786276552525 0.006179498042911291 7499
1786276555218 0.03993452340364456 7549
1786276557838 0.007102323696017265 7599
1786276560502 0.029343873262405396 7649
1786276563115 0.021577395498752594 7699
1786276565760 0.02454114705324173 7749
1786276568387 0.011772013269364834 7799
1786276571024 0.031184913590550423 7849
1786276573645 0.020742543041706085 7899
1786276576281 0.003956376109272242 7949
1786276579211 0.025950461626052856 7999
1786276581836 0.031670957803726196 8049
1786276584466 0.019135326147079468 8099
1786276587104 0.013475276529788971 8149
1786276589713 0.03598732501268387 8199
1786276592358 0.019741393625736237 8249
1786276594966 0.017414383590221405 8299
1786276597588 0.005394810810685158 8349
1786276600246 0.02445906400680542 8399
1786276602864 0.009466620162129402 8449
1786276605499 0.02901279926300049 8499
1786276608112 0.015131354331970215 8549
1786276610775 0.019800113514065742 8599
1786276613353 0.02433818392455578 8649
1786276615971 0.025896459817886353 8699
1786276618586 0.01769191026687622 8749
1786276621192 0.006230686791241169 8799
1786276623846 0.008936511352658272 8849
1786276626501 0.029820717871189117 8899
1786276629126 0.05131259560585022 8949
1786276631729 0.002362668514251709 8999
1786276634392 0.025875583291053772 9049
1786276637006 0.023380497470498085 9099
1786276639621 0.031834676861763 9149
1786276642240 0.022121088579297066 9199
1786276644884 0.024518191814422607 9249
1786276647503 0.03468960523605347 9299
1786276650189 0.03722041845321655 9349
1786276652863 0.033701688051223755 9399
1786276655478 0.0580068901181221 9449
1786276658171 0.005495615303516388 9499
1786276660799 0.07596872001886368 9549
1786276721010 0.023115046322345734 9599
1786276723647 0.015185758471488953 9649
1786276726307 0.0726555660367012 9699
1786276728977 0.008423486724495888 9749
1786276731720 0.011813627555966377 9799
1786276734392 0.00685342401266098 9849
1786276737017 0.002413541078567505 9899
1786276739626 0.015062788501381874 9949
1786276742288 0.03726004809141159 9999
1786276744979 0.011653538793325424 10049
1786276747635 0.048368215560913086 10099
1786276750331 0.03848034143447876 10149
1786276753001 0.01656663417816162 10199
1786276755624 0.03059735894203186 10249
1786276758263 0.02536277286708355 10299
1786276761017 0.017252810299396515 10349
1786276763803 0.014454096555709839 10399
1786276766522 0.04086703807115555 10449
1786276769227 0.014895841479301453 10499
1786276771878 0.09001961350440979 10549
1786276774534 0.014450713992118835 10599
1786276777206 0.020670250058174133 10649
1786276779908 0.01296330988407135 10699
1786276782580 0.05836787819862366 10749
1786276785298 0.02610650844871998 10799
1786276787966 0.01596832275390625 10849
1786276790600 0.015593426302075386 10899
1786276793294 0.03299716114997864 10949
1786276795969 0.006549566984176636 10999
1786276798644 0.026731163263320923 11049
1786276801255 0.011694335378706455 11099
1786276803875 0.017778098583221436 11149
1786276806837 0.02330305054783821 11199
1786276809574 0.06227174401283264 11249
1786276812271 0.044107913970947266 11299
1786276814990 0.034687697887420654 11349
1786276817643 0.05815783143043518 11399
1786276820278 0.03805181384086609 11449
1786276822922 0.0815577507019043 11499
1786276825570 0.019880950450897217 11549
1786276828223 0.008692264556884766 11599
1786276830894 0.05855324864387512 11649
1786276833530 0.07639113068580627 11699
1786276836187 0.08676064014434814 11749
1786276838850 0.025071799755096436 11799
1786276841514 0.049598224461078644 11849
1786276844169 0.05825212597846985 11899
1786276846881 0.0858314037322998 11949
1786276849573 0.0840429738163948 11999
1786276852200 0.023713648319244385 12049
1786276854860 0.01427837647497654 12099
1786276857507 0.060771144926548004 12149
1786276860169 0.0370262935757637 12199
1786276862823 0.031987264752388 12249
1786276865538 0.04915347695350647 12299
1786276868163 0.06571776419878006 12349
1786276870801 0.05288656800985336 12399
1786276873431 0.021691203117370605 12449
1786276876091 0.06096731126308441 12499
1786276878745 0.06979331374168396 12549
1786276881421 0.055251121520996094 12599
1786276884115 0.026459064334630966 12649
1786276886738 0.054020315408706665 12699
1786276889379 0.16956579685211182 12749
1786276892475 0.0187339186668396 12799
1786276895283 0.07453310489654541 12849
1786276898009 0.05364086478948593 12899
1786276900654 0.17906194925308228 12949
1786276903268 0.07389944791793823 12999
1786276905896 0.08678573369979858 13049
1786276908583 0.026417627930641174 13099
1786276911258 0.07873073220252991 13149
1786276913908 0.03932392597198486 13199
1786276916540 0.1319112628698349 13249
1786276919180 0.011849632486701012 13299
1786276921791 0.07705250382423401 13349
1786276924401 0.11534470319747925 13399
1786276927038 0.11002865433692932 13449
1786276929701 0.04159880429506302 13499
1786276932324 0.09928739070892334 13549
1786276934916 0.08108848333358765 13599
1786276937565 0.032820768654346466 13649
1786276940197 0.061223506927490234 13699
1786276942835 0.03593987226486206 13749
1786276945459 0.04572609066963196 13799
1786276948059 0.03637814521789551 13849
1786276950765 0.03555646538734436 13899
1786276953405 0.04842957481741905 13949
1786276956010 0.02737027406692505 13999
1786276958680 0.024684632197022438 14049
1786276961322 0.10530436038970947 14099
1786276963933 0.11759252101182938 14149
1786276966594 0.04800478368997574 14199
1786276969259 0.04287577420473099 14249
1786276971903 0.05447065830230713 14299
1786276974536 0.013096079230308533 14349
1786276977465 0.054905593395233154 14399
1786276980120 0.10193753242492676 14449
1786276982790 0.012740075588226318 14499
1786276985475 0.07096266746520996 14549
1786276988099 0.03950342535972595 14599
1786276990711 0.05429777503013611 14649
1786276993326 0.11698567867279053 14699
1786276995965 0.04138171300292015 14749
1786276998632 0.041308291256427765 14799
1786277001323 0.09763815999031067 14849
1786277003977 0.06836235523223877 14899
1786277006573 0.0697743371129036 14949
1786277009165 0.03574560582637787 14999
1786277011779 0.017102045938372612 15049
1786277014382 0.035239703953266144 15099
1786277017003 0.035431742668151855 15149
1786277019664 0.034891277551651 15199
1786277022353 0.049128301441669464 15249
1786277024948 0.048255324363708496 15299
1786277027556 0.051342278718948364 15349
1786277030228 0.031119439750909805 15399
1786277032852 0.018473628908395767 15449
1786277035481 0.05076432228088379 15499
1786277038150 0.041602782905101776 15549
1786277040764 0.11188359558582306 15599
1786277043419 0.03226247429847717 15649
1786277046054 0.06667688488960266 15699
1786277048769 0.04439438134431839 15749
1786277051391 0.08150074630975723 15799
1786277053954 0.057776108384132385 15849
1786277056620 0.06653977930545807 15899
1786277059236 0.08654928207397461 15949
1786277062342 0.015283018350601196 15999
1786277064968 0.08751416206359863 16049
1786277067614 0.04417505860328674 16099
1786277070236 0.18303756415843964 16149
1786277072886 0.04738253355026245 16199
1786277075520 0.019075065851211548 16249
1786277078183 0.04780979081988335 16299
1786277080810 0.07194878160953522 16349
1786277083444 0.02112899348139763 16399
1786277086083 0.3460007905960083 16449
1786277088688 0.03729439526796341 16499
1786277091310 0.09246110916137695 16549
1786277093982 0.0505550354719162 16599
1786277096650 0.03642860800027847 16649
1786277099335 0.09983694553375244 16699
1786277102013 0.04605725407600403 16749
1786277104636 0.07435467839241028 16799
1786277107272 0.10373169928789139 16849
1786277109982 0.06283712387084961 16899
1786277112636 0.02148164063692093 16949
1786277115279 0.022357016801834106 16999
1786277117913 0.06467977166175842 17049
1786277120549 0.11797066032886505 17099
1786277123209 0.1981745958328247 17149
1786277125853 0.035967230796813965 17199
1786277128477 0.03822491317987442 17249
1786277131136 0.08594849705696106 17299
1786277133715 0.1903611719608307 17349
1786277136356 0.05586989223957062 17399
1786277138966 0.10511211305856705 17449
1786277141628 0.1893932819366455 17499
1786277144316 0.04263579845428467 17549
1786277147294 0.10899083316326141 17599
1786277149912 0.13924701511859894 17649
1786277152537 0.09116039425134659 17699
1786277155158 0.025780215859413147 17749
1786277157824 0.022219307720661163 17799
1786277160431 0.03360086679458618 17849
1786277163082 0.10030186921358109 17899
1786277165777 0.08348953723907471 17949
1786277168367 0.0627838671207428 17999
1786277170981 0.057789649814367294 18049
1786277173632 0.07296974956989288 18099
1786277176330 0.010100660845637321 18149
1786277178973 0.1545506715774536 18199
1786277181613 0.14234760403633118 18249
1786277184202 0.04380623996257782 18299
1786277186836 0.03271380066871643 18349
1786277189473 0.09463539719581604 18399
1786277192075 0.29461827874183655 18449
1786277194703 0.2195325493812561 18499
1786277197334 0.08020598441362381 18549
1786277199975 0.050498515367507935 18599
1786277202635 0.06378889083862305 18649
1786277205315 0.10166037082672119 18699
1786277207952 0.06824410706758499 18749
1786277210623 0.15534688532352448 18799
1786277213316 0.06399336457252502 18849
1786277215970 0.3566552698612213 18899
1786277218607 0.15046444535255432 18949
1786277221228 0.023665964603424072 18999
1786277223912 0.029773540794849396 19049
1786277226577 0.014047421514987946 19099
1786277229224 0.04661816358566284 19149
1786277288627 0.09478101134300232 19199
1786277291280 0.09592005610466003 19249
1786277293914 0.06592606008052826 19299
1786277296513 0.07456719875335693 19349
1786277299139 0.08386196941137314 19399
1786277301748 0.08168921619653702 19449
1786277304466 0.01885363459587097 19499
1786277307109 0.026435360312461853 19549
1786277309737 0.17743352055549622 19599
1786277312367 0.13441692292690277 19649
1786277315030 0.02845171093940735 19699
1786277317647 0.06154388189315796 19749
1786277320340 0.012518946081399918 19799
1786277322998 0.08131232857704163 19849
1786277325637 0.08240821957588196 19899
1786277328302 0.04314170777797699 19949
1786277330889 0.020831137895584106 19999
1786277333529 0.1863131821155548 20049
1786277336195 0.20402351021766663 20099
1786277338959 0.030078891664743423 20149
1786277341638 0.09666217118501663 20199
1786277344266 0.08615291118621826 20249
1786277346901 0.08731914311647415 20299
1786277349617 0.04312065243721008 20349
1786277352340 0.06800463795661926 20399
1786277355011 0.08597370982170105 20449
1786277357615 0.061351925134658813 20499
1786277360191 0.050437211990356445 20549
1786277362836 0.0525335967540741 20599
1786277365472 0.1018470749258995 20649
1786277368150 0.09134465456008911 20699
1786277371103 0.14349043369293213 20749
1786277373727 0.20297425985336304 20799
1786277376331 0.07994278520345688 20849
1786277378969 0.06688476353883743 20899
1786277381660 0.1382681131362915 20949
1786277384301 0.1273587942123413 20999
1786277386939 0.024870164692401886 21049
1786277389564 0.04111588001251221 21099
1786277392176 0.057309262454509735 21149
1786277394816 0.02262347936630249 21199
1786277397496 0.04910699278116226 21249
1786277400187 0.043204255402088165 21299
1786277402859 0.034820348024368286 21349
1786277405501 0.07145905494689941 21399
1786277408132 0.13041627407073975 21449
1786277410720 0.09323012828826904 21499
1786277413351 0.023150820285081863 21549
1786277416003 0.06890053302049637 21599
1786277418659 0.12438979744911194 21649
1786277421297 0.23757150769233704 21699
1786277423952 0.03582821786403656 21749
1786277426577 0.05411773547530174 21799
1786277429181 0.10963323712348938 21849
1786277431820 0.07784175872802734 21899
1786277434507 0.03172377496957779 21949
1786277437120 0.10584158450365067 21999
1786277439723 0.15276193618774414 22049
1786277442320 0.06168510019779205 22099
1786277444965 0.03391623497009277 22149
1786277447636 0.08533799648284912 22199
1786277450275 0.06091111898422241 22249
1786277452893 0.09210816770792007 22299
1786277455813 0.03568131476640701 22349
1786277458434 0.0860845223069191 22399
1786277461063 0.058897506445646286 22449
1786277463709 0.04073965549468994 22499
1786277466338 0.07580141723155975 22549
1786277468972 0.13133403658866882 22599
1786277471588 0.14155924320220947 22649
1786277474230 0.17107005417346954 22699
1786277476822 0.037455469369888306 22749
1786277479432 0.057949721813201904 22799
1786277482061 0.12677907943725586 22849
1786277484674 0.1273561716079712 22899
1786277487303 0.020551325753331184 22949
1786277489927 0.04623439908027649 22999
1786277492625 0.07452404499053955 23049
1786277495301 0.1926434338092804 23099
1786277497939 0.06547785550355911 23149
1786277500595 0.022059708833694458 23199
1786277503199 0.0655519962310791 23249
1786277505805 0.1621629297733307 23299
1786277508438 0.10697129368782043 23349
1786277511092 0.07553929090499878 23399
1786277513719 0.06881806999444962 23449
1786277516363 0.14481127262115479 23499
1786277519048 0.03873038291931152 23549
1786277521665 0.06373900920152664 23599
1786277524308 0.047324419021606445 23649
1786277527001 0.06917084753513336 23699
1786277529600 0.09087768197059631 23749
1786277532212 0.3038512170314789 23799
1786277534831 0.03300727903842926 23849
1786277537528 0.023958876729011536 23899
1786277540527 0.04631713032722473 23949
1786277543185 0.015151118859648705 23999
1786277545789 0.15858235955238342 24049
1786277548443 0.05907726287841797 24099
1786277551067 0.19916832447052002 24149
1786277553707 0.039974942803382874 24199
1786277556355 0.04904744774103165 24249
1786277558995 0.06776751577854156 24299
1786277561631 0.09662964940071106 24349
1786277564250 0.03500072658061981 24399
1786277566903 0.10881996154785156 24449
1786277569565 0.003454163670539856 24499
1786277572256 0.13223087787628174 24549
1786277574910 0.03381595388054848 24599
1786277577539 0.07879319787025452 24649
1786277580191 0.3564129173755646 24699
1786277582851 0.1483321189880371 24749
1786277585504 0.03807687759399414 24799
1786277588134 0.05499139428138733 24849
1786277590796 0.028457075357437134 24899
1786277593442 0.20508933067321777 24949
1786277596076 0.10704147815704346 24999
1786277598787 0.056914083659648895 25049
1786277601434 0.07376301288604736 25099
1786277604106 0.023495420813560486 25149
1786277606714 0.14509084820747375 25199
1786277609329 0.08794510364532471 25249
1786277611992 0.27055495977401733 25299
1786277614712 0.06387066841125488 25349
1786277617362 0.06283480674028397 25399
1786277620011 0.12663882970809937 25449
1786277622686 0.08015108108520508 25499
1786277625665 0.07196915149688721 25549
1786277628308 0.17680561542510986 25599
1786277630958 0.14113739132881165 25649
1786277633605 0.03685140609741211 25699
1786277636269 0.0293265450745821 25749
1786277638952 0.0335044264793396 25799
1786277641574 0.1582241654396057 25849
1786277644204 0.07706916332244873 25899
1786277646868 0.07368066906929016 25949
1786277649474 0.09126181900501251 25999
1786277652122 0.025848302990198135 26049
1786277654753 0.04405568540096283 26099
1786277657360 0.0780264139175415 26149
1786277660001 0.07782569527626038 26199
1786277662641 0.14298057556152344 26249
1786277665333 0.044785961508750916 26299
1786277667944 0.13661110401153564 26349
1786277670555 0.06408199667930603 26399
1786277673173 0.05931270867586136 26449
1786277675780 0.05695541203022003 26499
1786277678395 0.0777832493185997 26549
1786277681059 0.09361917525529861 26599
1786277683706 0.020112650468945503 26649
1786277686420 0.0848473608493805 26699
1786277689057 0.051840171217918396 26749
1786277691689 0.048421092331409454 26799
1786277694318 0.07363754510879517 26849
1786277697011 0.08200052380561829 26899
1786277699659 0.23263195157051086 26949
1786277702262 0.17835283279418945 26999
1786277704898 0.0840989425778389 27049
1786277707526 0.11607939749956131 27099
1786277710476 0.0803067684173584 27149
1786277713099 0.12890863418579102 27199
1786277715702 0.02988910861313343 27249
1786277718344 0.07195115089416504 27299
1786277720984 0.042180657386779785 27349
1786277723647 0.06834816187620163 27399
1786277726398 0.19191789627075195 27449
1786277729118 0.08981314301490784 27499
1786277731830 0.03973565250635147 27549
1786277734493 0.06411895155906677 27599
1786277737161 0.18178284168243408 27649
1786277739807 0.477946400642395 27699
1786277742480 0.08309328556060791 27749
1786277745167 0.2766764163970947 27799
1786277747893 0.11706081032752991 27849
1786277750559 0.08764815330505371 27899
1786277753225 0.058399736881256104 27949
1786277755947 0.09407675266265869 27999
1786277758666 0.037584882229566574 28049
1786277761394 0.18395021557807922 28099
1786277764078 0.07357469201087952 28149
1786277766744 0.04738311469554901 28199
1786277769460 0.1530349850654602 28249
1786277772096 0.2337694764137268 28299
1786277774768 0.01785803586244583 28349
1786277777462 0.20616590976715088 28399
1786277780141 0.029212618246674538 28449
1786277782884 0.07897591590881348 28499
1786277785591 0.12135918438434601 28549
1786277788270 0.18209683895111084 28599
1786277791001 0.04261124134063721 28649
1786277793645 0.14558270573616028 28699
