1786276191197 0.008283997885882854 1595
1786276299527 0.028778111562132835 3191
1786276399760 0.021555563434958458 4787
1786276493446 0.018258804455399513 6383
1786276577853 0.01970805786550045 7979
1786276719430 0.024518560618162155 9575
1786276805029 0.028867313638329506 11171
1786276890384 0.04701321944594383 12767
1786276975317 0.06433749198913574 14363
1786277059829 0.06447181105613708 15959
1786277144667 0.0743805319070816 17555
1786277285758 0.08487329632043839 19151
1786277370655 0.09453144669532776 20747
1786277455176 0.0955827534198761 22343
1786277539636 0.09600511938333511 23939
1786277624589 0.10194309800863266 25535
1786277709210 0.11059734970331192 27131
1786277847041 0.10786683112382889 28727
