1786276073843 0.8671875 49
1786276077833 0.828125 99
1786276082249 0.78125 149
1786276086444 0.72265625 199
1786276089913 0.6796875 249
1786276093687 0.6484375 299
1786276097893 0.62890625 349
1786276102045 0.6171875 399
1786276105623 0.59375 449
1786276109153 0.5625 499
1786276112803 0.52734375 549
1786276116877 0.48828125 599
1786276120837 0.46875 649
1786276124617 0.43359375 699
1786276128318 0.37890625 749
1786276132186 0.353515625 799
1786276136304 0.3046875 849
1786276140267 0.265625 899
1786276143985 0.255859375 949
1786276147679 0.2158203125 999
1786276151539 0.2060546875 1049
1786276155677 0.1748046875 1099
1786276159437 0.1943359375 1149
1786276162910 0.1484375 1199
1786276166264 0.109375 1249
1786276170274 0.0908203125 1299
1786276174149 0.02734375 1349
1786276177687 0.0390625 1399
1786276180896 0.0263671875 1449
1786276184159 0.0 1499
1786276187794 0.01171875 1549
1786276191858 0.01953125 1599
1786276195128 0.037109375 1649
1786276198153 0.0283203125 1699
1786276201235 0.0 1749
1786276204623 0.0078125 1799
1786276208109 0.001953125 1849
1786276211463 0.0068359375 1899
1786276214718 0.0283203125 1949
1786276217996 0.025390625 1999
1786276221415 0.02734375 2049
1786276225007 0.0224609375 2099
1786276228502 0.076171875 2149
1786276231817 0.0693359375 2199
1786276235093 0.0166015625 2249
1786276238532 0.0390625 2299
1786276242195 0.037109375 2349
1786276245779 0.05859375 2399
1786276249212 0.044921875 2449
1786276252508 0.05859375 2499
1786276255700 0.0146484375 2549
1786276259139 0.046875 2599
1786276262835 0.0390625 2649
1786276266577 0.0419921875 2699
1786276270060 0.0419921875 2749
1786276273159 0.029296875 2799
1786276276488 0.068359375 2849
1786276280147 0.0654296875 2899
1786276283888 0.0625 2949
1786276287262 0.0673828125 2999
1786276290299 0.0458984375 3049
1786276293463 0.0400390625 3099
1786276296762 0.0732421875 3149
1786276300441 0.0810546875 3199
1786276303711 0.0302734375 3249
1786276307174 0.0712890625 3299
1786276310437 0.0654296875 3349
1786276313725 0.056640625 3399
1786276317254 0.091796875 3449
1786276321032 0.0673828125 3499
1786276324468 0.0615234375 3549
1786276327824 0.0439453125 3599
1786276331026 0.048828125 3649
1786276334359 0.0419921875 3699
1786276337596 0.013671875 3749
1786276340659 0.0322265625 3799
1786276343616 0.0302734375 3849
1786276346449 0.0400390625 3899
1786276349426 0.0380859375 3949
1786276352602 0.0 3999
1786276355863 0.0263671875 4049
1786276358889 0.0224609375 4099
1786276361738 0.0048828125 4149
1786276364634 0.01171875 4199
1786276367801 0.0068359375 4249
1786276371097 0.06640625 4299
1786276374155 0.0673828125 4349
1786276376948 0.0478515625 4399
1786276379781 0.0419921875 4449
1786276382648 0.0 4499
1786276385645 0.0185546875 4549
1786276388772 0.00390625 4599
1786276391727 0.0 4649
1786276394622 0.02734375 4699
1786276397527 0.0302734375 4749
1786276400765 0.0068359375 4799
1786276403832 0.0400390625 4849
1786276406875 0.0078125 4899
1786276409798 0.0205078125 4949
1786276412795 0.02734375 4999
1786276415788 0.0361328125 5049
1786276418958 0.0234375 5099
1786276422047 0.0029296875 5149
1786276424955 0.0048828125 5199
1786276427782 0.02734375 5249
1786276430754 0.0224609375 5299
1786276433927 0.0126953125 5349
1786276437166 0.015625 5399
1786276440267 0.0048828125 5449
1786276443161 0.0400390625 5499
1786276446056 0.02734375 5549
1786276449179 0.0419921875 5599
1786276452417 0.0 5649
1786276455525 0.03125 5699
1786276458384 0.041015625 5749
1786276461145 0.0322265625 5799
1786276464006 0.03515625 5849
1786276466848 0.0107421875 5899
1786276469672 0.0 5949
1786276472460 0.0 5999
1786276475258 0.021484375 6049
1786276478015 0.0390625 6099
1786276480761 0.0458984375 6149
1786276483556 0.005859375 6199
1786276486291 0.0146484375 6249
1786276488989 0.0166015625 6299
1786276491659 0.0 6349
1786276494610 0.0029296875 6399
1786276497261 0.03125 6449
1786276499900 0.037109375 6499
1786276502516 0.021484375 6549
1786276505144 0.021484375 6599
1786276507778 0.0126953125 6649
1786276510424 0.0322265625 6699
1786276513100 0.005859375 6749
1786276515749 0.0009765625 6799
1786276518347 0.0576171875 6849
1786276521021 0.0244140625 6899
1786276523619 0.015625 6949
1786276526249 0.01171875 6999
1786276528897 0.0 7049
1786276531594 0.0283203125 7099
1786276534233 0.029296875 7149
1786276536816 0.013671875 7199
1786276539434 0.0361328125 7249
1786276542058 0.0439453125 7299
1786276544686 0.052734375 7349
1786276547298 0.017578125 7399
1786276549896 0.029296875 7449
1786276552525 0.001953125 7499
1786276555218 0.0517578125 7549
1786276557838 0.0 7599
1786276560502 0.001953125 7649
1786276563115 0.0263671875 7699
1786276565760 0.025390625 7749
1786276568387 0.037109375 7799
1786276571024 0.017578125 7849
1786276573645 0.0 7899
1786276576281 0.0224609375 7949
1786276579211 0.0 7999
1786276581836 0.0 8049
1786276584466 0.0419921875 8099
1786276587104 0.0068359375 8149
1786276589713 0.033203125 8199
1786276592358 0.0302734375 8249
1786276594966 0.0419921875 8299
1786276597588 0.03515625 8349
1786276600246 0.0009765625 8399
1786276602864 0.0361328125 8449
1786276605499 0.037109375 8499
1786276608112 0.0068359375 8549
1786276610775 0.0 8599
1786276613353 0.0107421875 8649
1786276615971 0.0107421875 8699
1786276618586 0.0166015625 8749
1786276621192 0.048828125 8799
1786276623846 0.0068359375 8849
1786276626501 0.01171875 8899
1786276629126 0.0 8949
1786276631729 0.00390625 8999
1786276634392 0.0234375 9049
1786276637006 0.00390625 9099
1786276639621 0.0 9149
1786276642240 0.005859375 9199
1786276644884 0.0087890625 9249
1786276647503 0.0234375 9299
1786276650189 0.0 9349
1786276652863 0.0 9399
1786276655478 0.0107421875 9449
1786276658171 0.0 9499
1786276660799 0.0 9549
1786276721010 0.0 9599
1786276723647 0.017578125 9649
1786276726307 0.0 9699
1786276728977 0.0 9749
1786276731720 0.017578125 9799
1786276734392 0.017578125 9849
1786276737017 0.0 9899
1786276739626 0.0078125 9949
1786276742288 0.0 9999
1786276744979 0.0126953125 10049
1786276747635 0.0 10099
1786276750331 0.0 10149
1786276753001 0.01953125 10199
1786276755624 0.0 10249
1786276758263 0.013671875 10299
1786276761017 0.0126953125 10349
1786276763803 0.0 10399
1786276766522 0.0 10449
1786276769227 0.0126953125 10499
1786276771878 0.0 10549
1786276774534 0.0234375 10599
1786276777206 0.017578125 10649
1786276779908 0.0048828125 10699
1786276782580 0.009765625 10749
1786276785298 0.021484375 10799
1786276787966 0.0078125 10849
1786276790600 0.0 10899
1786276793294 0.0 10949
1786276795969 0.0078125 10999
1786276798644 0.0 11049
1786276801255 0.0 11099
1786276803875 0.0029296875 11149
1786276806837 0.0 11199
1786276809574 0.0 11249
1786276812271 0.0 11299
1786276814990 0.0 11349
1786276817643 0.033203125 11399
1786276820278 0.0 11449
1786276822922 0.0068359375 11499
1786276825570 0.0615234375 11549
1786276828223 0.0068359375 11599
1786276830894 0.0 11649
1786276833530 0.0185546875 11699
1786276836187 0.0 11749
1786276838850 0.0234375 11799
1786276841514 0.0 11849
1786276844169 0.0 11899
1786276846881 0.0068359375 11949
1786276849573 0.0146484375 11999
1786276852200 0.0 12049
1786276854860 0.0087890625 12099
1786276857507 0.0 12149
1786276860169 0.0 12199
1786276862823 0.0 12249
1786276865538 0.0263671875 12299
1786276868163 0.0 12349
1786276870801 0.0 12399
1786276873431 0.0 12449
1786276876091 0.0 12499
1786276878745 0.0 12549
1786276881421 0.00390625 12599
1786276884115 0.0 12649
1786276886738 0.0 12699
1786276889379 0.0009765625 12749
1786276892475 0.0 12799
1786276895283 0.0 12849
1786276898009 0.0029296875 12899
1786276900654 0.0 12949
1786276903268 0.01171875 12999
1786276905896 0.0068359375 13049
1786276908583 0.0341796875 13099
1786276911258 0.0 13149
1786276913908 0.0166015625 13199
1786276916540 0.00390625 13249
1786276919180 0.0 13299
1786276921791 0.0 13349
1786276924401 0.0068359375 13399
1786276927038 0.0 13449
1786276929701 0.0 13499
1786276932324 0.0224609375 13549
1786276934916 0.0 13599
1786276937565 0.0 13649
1786276940197 0.0126953125 13699
1786276942835 0.0 13749
1786276945459 0.0 13799
1786276948059 0.005859375 13849
1786276950765 0.0126953125 13899
1786276953405 0.0029296875 13949
1786276956010 0.0 13999
1786276958680 0.0 14049
1786276961322 0.015625 14099
1786276963933 0.0 14149
1786276966594 0.0009765625 14199
1786276969259 0.015625 14249
1786276971903 0.0 14299
1786276974536 0.0009765625 14349
1786276977465 0.0 14399
1786276980120 0.0 14449
1786276982790 0.0 14499
1786276985475 0.0 14549
1786276988099 0.0 14599
1786276990711 0.0 14649
1786276993326 0.001953125 14699
1786276995965 0.0 14749
1786276998632 0.0 14799
1786277001323 0.0068359375 14849
1786277003977 0.0009765625 14899
1786277006573 0.0 14949
1786277009165 0.0078125 14999
1786277011779 0.0 15049
1786277014382 0.0 15099
1786277017003 0.00390625 15149
1786277019664 0.0 15199
1786277022353 0.029296875 15249
1786277024948 0.0029296875 15299
1786277027556 0.0 15349
1786277030228 0.0126953125 15399
1786277032852 0.0 15449
1786277035481 0.0 15499
1786277038150 0.009765625 15549
1786277040764 0.0029296875 15599
1786277043419 0.0244140625 15649
1786277046054 0.0078125 15699
1786277048769 0.009765625 15749
1786277051391 0.0 15799
1786277053954 0.01171875 15849
1786277056620 0.0009765625 15899
1786277059236 0.03515625 15949
1786277062342 0.0 15999
1786277064968 0.0234375 16049
1786277067614 0.009765625 16099
1786277070236 0.00390625 16149
1786277072886 0.005859375 16199
1786277075520 0.0 16249
1786277078183 0.0029296875 16299
1786277080810 0.009765625 16349
1786277083444 0.0 16399
1786277086083 0.03125 16449
1786277088688 0.0 16499
1786277091310 0.0 16549
1786277093982 0.01171875 16599
1786277096650 0.0107421875 16649
1786277099335 0.0068359375 16699
1786277102013 0.0244140625 16749
1786277104636 0.0 16799
1786277107272 0.0048828125 16849
1786277109982 0.0 16899
1786277112636 0.029296875 16949
1786277115279 0.013671875 16999
1786277117913 0.009765625 17049
1786277120549 0.009765625 17099
1786277123209 0.0029296875 17149
1786277125853 0.0146484375 17199
1786277128477 0.01171875 17249
1786277131136 0.0166015625 17299
1786277133715 0.0087890625 17349
1786277136356 0.0078125 17399
1786277138966 0.0 17449
1786277141628 0.0126953125 17499
1786277144316 0.0185546875 17549
1786277147294 0.0 17599
1786277149912 0.0 17649
1786277152537 0.0 17699
1786277155158 0.0263671875 17749
1786277157824 0.021484375 17799
1786277160431 0.0107421875 17849
1786277163082 0.01953125 17899
1786277165777 0.009765625 17949
1786277168367 0.0078125 17999
1786277170981 0.0 18049
1786277173632 0.015625 18099
1786277176330 0.0390625 18149
1786277178973 0.0068359375 18199
1786277181613 0.0 18249
1786277184202 0.005859375 18299
1786277186836 0.0078125 18349
1786277189473 0.0 18399
1786277192075 0.0 18449
1786277194703 0.0 18499
1786277197334 0.0380859375 18549
1786277199975 0.00390625 18599
1786277202635 0.0029296875 18649
1786277205315 0.0 18699
1786277207952 0.015625 18749
1786277210623 0.0166015625 18799
1786277213316 0.0 18849
1786277215970 0.0 18899
1786277218607 0.0 18949
1786277221228 0.025390625 18999
1786277223912 0.00390625 19049
1786277226577 0.013671875 19099
1786277229224 0.001953125 19149
1786277288627 0.0126953125 19199
1786277291280 0.0 19249
1786277293914 0.0283203125 19299
1786277296513 0.0009765625 19349
1786277299139 0.0078125 19399
1786277301748 0.0078125 19449
1786277304466 0.017578125 19499
1786277307109 0.03515625 19549
1786277309737 0.0185546875 19599
1786277312367 0.0 19649
1786277315030 0.009765625 19699
1786277317647 0.0 19749
1786277320340 0.0 19799
1786277322998 0.0244140625 19849
1786277325637 0.0185546875 19899
1786277328302 0.0 19949
1786277330889 0.0048828125 19999
1786277333529 0.0 20049
1786277336195 0.0 20099
1786277338959 0.0 20149
1786277341638 0.0 20199
1786277344266 0.0126953125 20249
1786277346901 0.001953125 20299
1786277349617 0.0 20349
1786277352340 0.0 20399
1786277355011 0.0 20449
1786277357615 0.021484375 20499
1786277360191 0.0107421875 20549
1786277362836 0.0029296875 20599
1786277365472 0.0 20649
1786277368150 0.001953125 20699
1786277371103 0.009765625 20749
1786277373727 0.0 20799
1786277376331 0.0 20849
1786277378969 0.0 20899
1786277381660 0.0 20949
1786277384301 0.0107421875 20999
1786277386939 0.01171875 21049
1786277389564 0.0 21099
1786277392176 0.0 21149
1786277394816 0.0 21199
1786277397496 0.0 21249
1786277400187 0.021484375 21299
1786277402859 0.01171875 21349
1786277405501 0.0078125 21399
1786277408132 0.0 21449
1786277410720 0.0 21499
1786277413351 0.0 21549
1786277416003 0.0 21599
1786277418659 0.0 21649
1786277421297 0.001953125 21699
1786277423952 0.0009765625 21749
1786277426577 0.0 21799
1786277429181 0.0 21849
1786277431820 0.0 21899
1786277434507 0.0 21949
1786277437120 0.0 21999
1786277439723 0.0 22049
1786277442320 0.0 22099
1786277444965 0.0048828125 22149
1786277447636 0.0107421875 22199
1786277450275 0.0 22249
1786277452893 0.0 22299
1786277455813 0.0 22349
1786277458434 0.005859375 22399
1786277461063 0.0029296875 22449
1786277463709 0.01171875 22499
1786277466338 0.001953125 22549
1786277468972 0.00390625 22599
1786277471588 0.0 22649
1786277474230 0.0 22699
1786277476822 0.0 22749
1786277479432 0.0 22799
1786277482061 0.0 22849
1786277484674 0.0 22899
1786277487303 0.0009765625 22949
1786277489927 0.0 22999
1786277492625 0.0 23049
1786277495301 0.0 23099
1786277497939 0.0 23149
1786277500595 0.0 23199
1786277503199 0.025390625 23249
1786277505805 0.0078125 23299
1786277508438 0.0 23349
1786277511092 0.0 23399
1786277513719 0.0 23449
1786277516363 0.0 23499
1786277519048 0.0009765625 23549
1786277521665 0.009765625 23599
1786277524308 0.0068359375 23649
1786277527001 0.0 23699
1786277529600 0.0 23749
1786277532212 0.0 23799
1786277534831 0.0 23849
1786277537528 0.009765625 23899
1786277540527 0.0048828125 23949
1786277543185 0.00390625 23999
1786277545789 0.0 24049
1786277548443 0.00390625 24099
1786277551067 0.0 24149
1786277553707 0.0087890625 24199
1786277556355 0.0 24249
1786277558995 0.0146484375 24299
1786277561631 0.0 24349
1786277564250 0.0 24399
1786277566903 0.0 24449
1786277569565 0.0 24499
1786277572256 0.0 24549
1786277574910 0.01171875 24599
1786277577539 0.0 24649
1786277580191 0.0 24699
1786277582851 0.0 24749
1786277585504 0.0 24799
1786277588134 0.0 24849
1786277590796 0.0048828125 24899
1786277593442 0.0068359375 24949
1786277596076 0.0 24999
1786277598787 0.017578125 25049
1786277601434 0.0 25099
1786277604106 0.0234375 25149
1786277606714 0.0029296875 25199
1786277609329 0.0 25249
1786277611992 0.0 25299
1786277614712 0.0 25349
1786277617362 0.0 25399
1786277620011 0.0 25449
1786277622686 0.0048828125 25499
1786277625665 0.0068359375 25549
1786277628308 0.0 25599
1786277630958 0.0 25649
1786277633605 0.0 25699
1786277636269 0.01171875 25749
1786277638952 0.0 25799
1786277641574 0.0 25849
1786277644204 0.009765625 25899
1786277646868 0.0 25949
1786277649474 0.0 25999
1786277652122 0.0 26049
1786277654753 0.0244140625 26099
1786277657360 0.0 26149
1786277660001 0.0 26199
1786277662641 0.0 26249
1786277665333 0.0 26299
1786277667944 0.0 26349
1786277670555 0.0 26399
1786277673173 0.001953125 26449
1786277675780 0.0 26499
1786277678395 0.0361328125 26549
1786277681059 0.0 26599
1786277683706 0.0107421875 26649
1786277686420 0.0009765625 26699
1786277689057 0.0009765625 26749
1786277691689 0.0 26799
1786277694318 0.0 26849
1786277697011 0.0 26899
1786277699659 0.0 26949
1786277702262 0.0 26999
1786277704898 0.0 27049
1786277707526 0.0 27099
1786277710476 0.0185546875 27149
1786277713099 0.0 27199
1786277715702 0.0 27249
1786277718344 0.0166015625 27299
1786277720984 0.0 27349
1786277723647 0.0087890625 27399
1786277726398 0.0029296875 27449
1786277729118 0.0 27499
1786277731830 0.0107421875 27549
1786277734493 0.0 27599
1786277737161 0.0 27649
1786277739807 0.0 27699
1786277742480 0.017578125 27749
1786277745167 0.0 27799
1786277747893 0.0 27849
1786277750559 0.0 27899
1786277753225 0.0 27949
1786277755947 0.0 27999
1786277758666 0.0 28049
1786277761394 0.0 28099
1786277764078 0.0 28149
1786277766744 0.0 28199
1786277769460 0.0 28249
1786277772096 0.0 28299
1786277774768 0.0 28349
1786277777462 0.0 28399
1786277780141 0.0 28449
1786277782884 0.0 28499
1786277785591 0.0 28549
1786277788270 0.0 28599
1786277791001 0.0 28649
1786277793645 0.0 28699
