1786136259517 0.0 49
1786136262230 0.0 99
1786136264746 0.0 149
1786136267300 0.0 199
1786136269809 0.0 249
1786136272670 0.0 299
1786136275235 0.0 349
1786136277802 0.0 399
1786136280367 0.0 449
1786136282947 0.0 499
1786136285451 0.0 549
1786136287980 0.0 599
1786136290515 0.0 649
1786136293144 0.0 699
1786136295646 0.0 749
1786136298185 0.0 799
1786136300706 0.0 849
1786136303196 0.0 899
1786136305758 0.0 949
1786136308276 0.0 999
1786136310790 0.0 1049
1786136313293 0.0 1099
1786136315912 0.0 1149
1786136318434 0.0 1199
1786136321060 0.0 1249
1786136323633 0.0 1299
1786136326215 0.0 1349
1786136328747 0.0 1399
1786136331268 0.0 1449
1786136333786 0.0 1499
1786136336329 0.0 1549
1786136338641 0.0 1595
1786136339242 1.0 1599
1786136341801 1.0 1649
1786136344540 1.0 1699
1786136347301 1.0 1749
1786136349867 1.0 1799
1786136352405 1.0 1849
1786136355103 1.0 1899
1786136357746 1.0 1949
1786136360288 1.0 1999
1786136362915 1.0 2049
1786136365567 1.0 2099
1786136368154 1.0 2149
1786136370776 1.0 2199
1786136373283 1.0 2249
1786136375900 1.0 2299
1786136378458 1.0 2349
1786136381056 1.0 2399
1786136383654 1.0 2449
1786136386469 1.0 2499
1786136389065 1.0 2549
1786136391606 1.0 2599
1786136394176 1.0 2649
1786136396767 1.0 2699
1786136399383 1.0 2749
1786136402046 1.0 2799
1786136404670 1.0 2849
1786136407313 1.0 2899
1786136409916 1.0 2949
1786136412555 1.0 2999
1786136415114 1.0 3049
1786136417820 1.0 3099
1786136420471 1.0 3149
1786136422641 1.0 3191
1786136423416 2.0 3199
1786136426008 2.0 3249
1786136428675 2.0 3299
1786136431222 2.0 3349
1786136433801 2.0 3399
1786136436470 2.0 3449
1786136439254 2.0 3499
1786136441873 2.0 3549
1786136444496 2.0 3599
1786136447127 2.0 3649
1786136449944 2.0 3699
1786136452536 2.0 3749
1786136455149 2.0 3799
1786136457722 2.0 3849
1786136460473 2.0 3899
1786136463133 2.0 3949
1786136465692 2.0 3999
1786136468305 2.0 4049
1786136470916 2.0 4099
1786136473594 2.0 4149
1786136476304 2.0 4199
1786136478971 2.0 4249
1786136481577 2.0 4299
1786136484161 2.0 4349
1786136486765 2.0 4399
1786136489335 2.0 4449
1786136491944 2.0 4499
1786136494476 2.0 4549
1786136497063 2.0 4599
1786136499666 2.0 4649
1786136502310 2.0 4699
1786136505208 2.0 4749
1786136507178 2.0 4787
1786136508156 3.0 4799
1786136510681 3.0 4849
1786136513386 3.0 4899
1786136516036 3.0 4949
1786136518626 3.0 4999
1786136521215 3.0 5049
1786136523818 3.0 5099
1786136526471 3.0 5149
1786136529042 3.0 5199
1786136531690 3.0 5249
1786136534287 3.0 5299
1786136536877 3.0 5349
1786136539448 3.0 5399
1786136542086 3.0 5449
1786136544732 3.0 5499
1786136547367 3.0 5549
1786136550046 3.0 5599
1786136552704 3.0 5649
1786136555354 3.0 5699
1786136557946 3.0 5749
1786136560570 3.0 5799
1786136563360 3.0 5849
1786136565978 3.0 5899
1786136568564 3.0 5949
1786136571204 3.0 5999
1786136573831 3.0 6049
1786136576549 3.0 6099
1786136579237 3.0 6149
1786136581842 3.0 6199
1786136584514 3.0 6249
1786136587216 3.0 6299
1786136589841 3.0 6349
1786136591635 3.0 6383
1786136592889 4.0 6399
1786136595690 4.0 6449
1786136598340 4.0 6499
1786136600925 4.0 6549
1786136603440 4.0 6599
1786136606293 4.0 6649
1786136608864 4.0 6699
1786136611406 4.0 6749
1786136614053 4.0 6799
1786136616600 4.0 6849
1786136619211 4.0 6899
1786136621762 4.0 6949
1786136624265 4.0 6999
1786136626938 4.0 7049
1786136629596 4.0 7099
1786136632287 4.0 7149
1786136634896 4.0 7199
1786136637515 4.0 7249
1786136640183 4.0 7299
1786136642830 4.0 7349
1786136645526 4.0 7399
1786136648088 4.0 7449
1786136650646 4.0 7499
1786136653221 4.0 7549
1786136655753 4.0 7599
1786136658299 4.0 7649
1786136660962 4.0 7699
1786136663584 4.0 7749
1786136666126 4.0 7799
1786136668654 4.0 7849
1786136671220 4.0 7899
1786136673772 4.0 7949
1786136675353 4.0 7979
1786136676689 5.0 7999
1786136679215 5.0 8049
1786136681839 5.0 8099
1786136684417 5.0 8149
1786136687018 5.0 8199
1786136689578 5.0 8249
1786136692191 5.0 8299
1786136694701 5.0 8349
1786136697307 5.0 8399
1786136699841 5.0 8449
1786136702362 5.0 8499
1786136704942 5.0 8549
1786136707487 5.0 8599
1786136709990 5.0 8649
1786136712527 5.0 8699
1786136715062 5.0 8749
1786136717588 5.0 8799
1786136720154 5.0 8849
1786136722755 5.0 8899
1786136725333 5.0 8949
1786136727846 5.0 8999
1786136730505 5.0 9049
1786136733108 5.0 9099
1786136735720 5.0 9149
1786136738271 5.0 9199
1786136740817 5.0 9249
1786136743351 5.0 9299
1786136745933 5.0 9349
1786136748414 5.0 9399
1786136751001 5.0 9449
1786136753545 5.0 9499
1786136756044 5.0 9549
1786136788727 5.0 9575
1786136795988 5.0 9575
1786136797467 6.0 9599
1786136799977 6.0 9649
1786136802619 6.0 9699
1786136805165 6.0 9749
1786136807756 6.0 9799
1786136810376 6.0 9849
1786136812864 6.0 9899
1786136815398 6.0 9949
1786136817935 6.0 9999
1786136820442 6.0 10049
1786136823005 6.0 10099
1786136825510 6.0 10149
1786136828042 6.0 10199
1786136830597 6.0 10249
1786136833094 6.0 10299
1786136835654 6.0 10349
1786136838191 6.0 10399
1786136840748 6.0 10449
1786136843292 6.0 10499
1786136846035 6.0 10549
1786136848587 6.0 10599
1786136851127 6.0 10649
1786136853683 6.0 10699
1786136856326 6.0 10749
1786136858954 6.0 10799
1786136861484 6.0 10849
1786136864034 6.0 10899
1786136866548 6.0 10949
1786136869173 6.0 10999
1786136871767 6.0 11049
1786136874393 6.0 11099
1786136876945 6.0 11149
1786136878170 6.0 11171
1786136879881 7.0 11199
1786136882410 7.0 11249
1786136884964 7.0 11299
1786136887559 7.0 11349
1786136890154 7.0 11399
1786136892713 7.0 11449
1786136895296 7.0 11499
1786136897833 7.0 11549
1786136900443 7.0 11599
1786136903035 7.0 11649
1786136905598 7.0 11699
1786136908258 7.0 11749
1786136910819 7.0 11799
1786136913366 7.0 11849
1786136915922 7.0 11899
1786136918550 7.0 11949
1786136921131 7.0 11999
1786136923747 7.0 12049
1786136926279 7.0 12099
1786136928906 7.0 12149
1786136931455 7.0 12199
1786136933990 7.0 12249
1786136936521 7.0 12299
1786136938992 7.0 12349
1786136941521 7.0 12399
1786136944107 7.0 12449
1786136946705 7.0 12499
1786136949267 7.0 12549
1786136951872 7.0 12599
1786136954407 7.0 12649
1786136956994 7.0 12699
1786136959560 7.0 12749
1786136960485 7.0 12767
1786136962373 8.0 12799
1786136964887 8.0 12849
1786136967487 8.0 12899
1786136970022 8.0 12949
1786136972572 8.0 12999
1786136975117 8.0 13049
1786136977653 8.0 13099
1786136980161 8.0 13149
1786136982754 8.0 13199
1786136985321 8.0 13249
1786136987889 8.0 13299
1786136990742 8.0 13349
1786136993348 8.0 13399
1786136995873 8.0 13449
1786136998395 8.0 13499
1786137000933 8.0 13549
1786137003451 8.0 13599
1786137006074 8.0 13649
1786137008638 8.0 13699
1786137011209 8.0 13749
1786137013758 8.0 13799
1786137016360 8.0 13849
1786137018953 8.0 13899
1786137021455 8.0 13949
1786137024016 8.0 13999
1786137026605 8.0 14049
1786137029151 8.0 14099
1786137031721 8.0 14149
1786137034234 8.0 14199
1786137036862 8.0 14249
1786137039462 8.0 14299
1786137042045 8.0 14349
1786137042799 8.0 14363
1786137044864 9.0 14399
1786137047349 9.0 14449
1786137049889 9.0 14499
1786137052436 9.0 14549
1786137055001 9.0 14599
1786137057590 9.0 14649
1786137060127 9.0 14699
1786137062662 9.0 14749
1786137065282 9.0 14799
1786137067854 9.0 14849
1786137070420 9.0 14899
1786137073143 9.0 14949
1786137075729 9.0 14999
1786137078446 9.0 15049
1786137080994 9.0 15099
1786137083630 9.0 15149
1786137086233 9.0 15199
1786137088812 9.0 15249
1786137091340 9.0 15299
1786137093954 9.0 15349
1786137096557 9.0 15399
1786137099132 9.0 15449
1786137101748 9.0 15499
1786137104316 9.0 15549
1786137106869 9.0 15599
1786137109407 9.0 15649
1786137112022 9.0 15699
1786137114574 9.0 15749
1786137117180 9.0 15799
1786137119768 9.0 15849
1786137122325 9.0 15899
1786137124965 9.0 15949
1786137125649 9.0 15959
1786137127931 10.0 15999
1786137130507 10.0 16049
1786137133050 10.0 16099
1786137135660 10.0 16149
1786137138217 10.0 16199
1786137140778 10.0 16249
1786137143421 10.0 16299
1786137146047 10.0 16349
1786137148640 10.0 16399
1786137151252 10.0 16449
1786137153850 10.0 16499
1786137156385 10.0 16549
1786137158945 10.0 16599
1786137161511 10.0 16649
1786137164030 10.0 16699
1786137166576 10.0 16749
1786137169136 10.0 16799
1786137171714 10.0 16849
1786137174268 10.0 16899
1786137176824 10.0 16949
1786137179314 10.0 16999
1786137181835 10.0 17049
1786137184388 10.0 17099
1786137186933 10.0 17149
1786137189513 10.0 17199
1786137192100 10.0 17249
1786137194676 10.0 17299
1786137197175 10.0 17349
1786137199765 10.0 17399
1786137202390 10.0 17449
1786137205012 10.0 17499
1786137207613 10.0 17549
1786137207976 10.0 17555
1786137210459 11.0 17599
1786137213028 11.0 17649
1786137215583 11.0 17699
1786137218136 11.0 17749
1786137220702 11.0 17799
1786137223286 11.0 17849
1786137225925 11.0 17899
1786137228606 11.0 17949
1786137231231 11.0 17999
1786137233863 11.0 18049
1786137236498 11.0 18099
1786137239067 11.0 18149
1786137241678 11.0 18199
1786137244347 11.0 18249
1786137246949 11.0 18299
1786137249515 11.0 18349
1786137252108 11.0 18399
1786137254733 11.0 18449
1786137257326 11.0 18499
1786137259907 11.0 18549
1786137262515 11.0 18599
1786137265066 11.0 18649
1786137267639 11.0 18699
1786137270275 11.0 18749
1786137272944 11.0 18799
1786137275537 11.0 18849
1786137278107 11.0 18899
1786137280759 11.0 18949
1786137283324 11.0 18999
1786137285946 11.0 19049
1786137288578 11.0 19099
1786137291133 11.0 19149
1786137323865 11.0 19151
1786137331245 11.0 19151
1786137333930 12.0 19199
1786137336588 12.0 19249
1786137339190 12.0 19299
1786137341760 12.0 19349
1786137344350 12.0 19399
1786137347046 12.0 19449
1786137349608 12.0 19499
1786137352216 12.0 19549
1786137354818 12.0 19599
1786137357379 12.0 19649
1786137360006 12.0 19699
1786137362620 12.0 19749
1786137365269 12.0 19799
1786137367940 12.0 19849
1786137370504 12.0 19899
1786137373072 12.0 19949
1786137375601 12.0 19999
1786137378193 12.0 20049
1786137380773 12.0 20099
1786137383359 12.0 20149
1786137385874 12.0 20199
1786137388589 12.0 20249
1786137391159 12.0 20299
1786137393692 12.0 20349
1786137396289 12.0 20399
1786137398877 12.0 20449
1786137401414 12.0 20499
1786137403967 12.0 20549
1786137406532 12.0 20599
1786137409109 12.0 20649
1786137411678 12.0 20699
1786137414142 12.0 20747
1786137414675 13.0 20749
1786137417227 13.0 20799
1786137419849 13.0 20849
1786137422484 13.0 20899
1786137425100 13.0 20949
1786137427678 13.0 20999
1786137430196 13.0 21049
1786137432756 13.0 21099
1786137435318 13.0 21149
1786137437884 13.0 21199
1786137440487 13.0 21249
1786137443076 13.0 21299
1786137445680 13.0 21349
1786137448277 13.0 21399
1786137450946 13.0 21449
1786137453553 13.0 21499
1786137456208 13.0 21549
1786137458904 13.0 21599
1786137461495 13.0 21649
1786137464060 13.0 21699
1786137466618 13.0 21749
1786137469163 13.0 21799
1786137471696 13.0 21849
1786137474311 13.0 21899
1786137476826 13.0 21949
1786137479459 13.0 21999
1786137482022 13.0 22049
1786137484711 13.0 22099
1786137487315 13.0 22149
1786137489904 13.0 22199
1786137492493 13.0 22249
1786137495141 13.0 22299
1786137497373 13.0 22343
1786137498045 14.0 22349
1786137500606 14.0 22399
1786137503197 14.0 22449
1786137505732 14.0 22499
1786137508282 14.0 22549
1786137510790 14.0 22599
1786137513342 14.0 22649
1786137515887 14.0 22699
1786137518436 14.0 22749
1786137520970 14.0 22799
1786137523524 14.0 22849
1786137526117 14.0 22899
1786137528739 14.0 22949
1786137531374 14.0 22999
1786137533974 14.0 23049
1786137536491 14.0 23099
1786137539088 14.0 23149
1786137541667 14.0 23199
1786137544223 14.0 23249
1786137546777 14.0 23299
1786137549436 14.0 23349
1786137552000 14.0 23399
1786137554601 14.0 23449
1786137557199 14.0 23499
1786137559744 14.0 23549
1786137562318 14.0 23599
1786137564945 14.0 23649
1786137567566 14.0 23699
1786137570206 14.0 23749
1786137572850 14.0 23799
1786137575425 14.0 23849
1786137578013 14.0 23899
1786137580153 14.0 23939
1786137581078 15.0 23949
1786137583700 15.0 23999
1786137586243 15.0 24049
1786137588884 15.0 24099
1786137591464 15.0 24149
1786137594015 15.0 24199
1786137596531 15.0 24249
1786137599068 15.0 24299
1786137601632 15.0 24349
1786137604314 15.0 24399
1786137606840 15.0 24449
1786137609386 15.0 24499
1786137611865 15.0 24549
1786137614351 15.0 24599
1786137616870 15.0 24649
1786137619347 15.0 24699
1786137621891 15.0 24749
1786137624441 15.0 24799
1786137627008 15.0 24849
1786137629532 15.0 24899
1786137632091 15.0 24949
1786137634720 15.0 24999
1786137637237 15.0 25049
1786137639827 15.0 25099
1786137642442 15.0 25149
1786137644910 15.0 25199
1786137647489 15.0 25249
1786137650025 15.0 25299
1786137652610 15.0 25349
1786137655270 15.0 25399
1786137657811 15.0 25449
1786137660285 15.0 25499
1786137662158 15.0 25535
1786137663163 16.0 25549
1786137665649 16.0 25599
1786137668263 16.0 25649
1786137670870 16.0 25699
1786137673482 16.0 25749
1786137676046 16.0 25799
1786137678744 16.0 25849
1786137681353 16.0 25899
1786137683938 16.0 25949
1786137686555 16.0 25999
1786137689129 16.0 26049
1786137691655 16.0 26099
1786137694152 16.0 26149
1786137696826 16.0 26199
1786137699355 16.0 26249
1786137701874 16.0 26299
1786137704437 16.0 26349
1786137707034 16.0 26399
1786137709544 16.0 26449
1786137712088 16.0 26499
1786137714628 16.0 26549
1786137717161 16.0 26599
1786137719810 16.0 26649
1786137722387 16.0 26699
1786137724989 16.0 26749
1786137727580 16.0 26799
1786137730166 16.0 26849
1786137732693 16.0 26899
1786137735255 16.0 26949
1786137737870 16.0 26999
1786137740498 16.0 27049
1786137743029 16.0 27099
1786137744666 16.0 27131
1786137746067 17.0 27149
1786137748612 17.0 27199
1786137751180 17.0 27249
1786137753728 17.0 27299
1786137756294 17.0 27349
1786137758936 17.0 27399
1786137761500 17.0 27449
1786137764041 17.0 27499
1786137766608 17.0 27549
1786137769144 17.0 27599
1786137771751 17.0 27649
1786137774328 17.0 27699
1786137776907 17.0 27749
1786137779521 17.0 27799
1786137782047 17.0 27849
1786137784573 17.0 27899
1786137787190 17.0 27949
1786137789700 17.0 27999
1786137792264 17.0 28049
1786137794860 17.0 28099
1786137797460 17.0 28149
1786137799955 17.0 28199
1786137802539 17.0 28249
1786137805105 17.0 28299
1786137807680 17.0 28349
1786137810240 17.0 28399
1786137813033 17.0 28449
1786137815627 17.0 28499
1786137818278 17.0 28549
1786137820878 17.0 28599
1786137823411 17.0 28649
1786137825996 17.0 28699
1786137859526 17.0 28727
1786137867278 17.0 28727
