1786136259452 2.5457507782723806e-06 49
1786136262172 5.143455654060525e-06 99
1786136264687 7.741160529848669e-06 149
1786136267236 1.0338865405636812e-05 199
1786136269747 1.2936570281424956e-05 249
1786136272612 1.55342751572131e-05 299
1786136275169 1.813198003300124e-05 349
1786136277742 2.072968490878939e-05 399
1786136280302 2.332738978457753e-05 449
1786136282885 2.5925094660365673e-05 499
1786136285388 2.852279953615382e-05 549
1786136287913 3.1120504411941964e-05 599
1786136290454 3.37182092877301e-05 649
1786136293084 3.631591416351825e-05 699
1786136295591 3.891361903930639e-05 749
1786136298119 4.151132391509453e-05 799
1786136300649 4.4109028790882676e-05 849
1786136303131 4.670673366667083e-05 899
1786136305702 4.930443854245897e-05 949
1786136308219 5.190214341824711e-05 999
1786136310733 5.449984829403526e-05 1049
1786136313230 5.70975531698234e-05 1099
1786136315853 5.969525804561154e-05 1149
1786136318374 6.229296292139969e-05 1199
1786136320999 6.489066779718784e-05 1249
1786136323577 6.748837267297598e-05 1299
1786136326152 7.008607754876413e-05 1349
1786136328688 7.268378242455225e-05 1399
1786136331208 7.52814873003404e-05 1449
1786136333726 7.787919217612854e-05 1499
1786136336268 8.04768970519167e-05 1549
1786136339182 8.307460192770483e-05 1599
1786136341732 8.567230680349299e-05 1649
1786136344475 8.827001167928111e-05 1699
1786136347236 9.086771655506926e-05 1749
1786136349805 9.34654214308574e-05 1799
1786136352337 9.606312630664555e-05 1849
1786136355002 9.86608311824337e-05 1899
1786136357657 9.999980047730569e-05 1949
1786136360225 9.999812678835861e-05 1999
1786136362851 9.99947530826511e-05 2049
1786136365510 9.998967947605331e-05 2099
1786136368095 9.998290614281864e-05 2149
1786136370720 9.997443331557769e-05 2199
1786136373216 9.996426128533037e-05 2249
1786136375841 9.995239040143577e-05 2299
1786136378401 9.993882107160024e-05 2349
1786136380996 9.992355376186343e-05 2399
1786136383585 9.99065889965822e-05 2449
1786136386273 9.988792735841264e-05 2499
1786136389001 9.986756948829006e-05 2549
1786136391541 9.9845516085407e-05 2599
1786136394114 9.982176790718918e-05 2649
1786136396656 9.97963257692695e-05 2699
1786136399326 9.976919054546004e-05 2749
1786136401975 9.974036316772205e-05 2799
1786136404607 9.970984462613388e-05 2849
1786136407248 9.967763596885709e-05 2899
1786136409856 9.964373830210032e-05 2949
1786136412491 9.960815279008143e-05 2999
1786136415049 9.95708806549874e-05 3049
1786136417761 9.953192317693241e-05 3099
1786136420409 9.94912816939139e-05 3149
1786136423357 9.944895760176652e-05 3199
1786136425950 9.940495235411431e-05 3249
1786136428606 9.93592674623207e-05 3299
1786136431161 9.931190449543664e-05 3349
1786136433735 9.926286508014662e-05 3399
1786136436406 9.921215090071294e-05 3449
1786136439191 9.91597636989178e-05 3499
1786136441812 9.91057052740034e-05 3549
1786136444428 9.904997748261032e-05 3599
1786136447036 9.899258223871359e-05 3649
1786136449883 9.893352151355704e-05 3699
1786136452475 9.887279733558555e-05 3749
1786136455085 9.881041179037541e-05 3799
1786136457659 9.874636702056271e-05 3849
1786136460409 9.868066522576976e-05 3899
1786136463067 9.861330866252943e-05 3949
1786136465628 9.85442996442078e-05 3999
1786136468238 9.847364054092461e-05 4049
1786136470850 9.840133377947191e-05 4099
1786136473528 9.832738184323064e-05 4149
1786136476239 9.825178727208546e-05 4199
1786136478884 9.81745526623374e-05 4249
1786136481516 9.809568066661473e-05 4299
1786136484100 9.801517399378188e-05 4349
1786136486695 9.793303540884637e-05 4399
1786136489271 9.784926773286388e-05 4449
1786136491881 9.776387384284131e-05 4499
1786136494413 9.767685667163802e-05 4549
1786136497000 9.75882192078651e-05 4599
1786136499600 9.749796449578266e-05 4649
1786136502195 9.740609563519536e-05 4699
1786136505125 9.731261578134586e-05 4749
1786136508093 9.721752814480655e-05 4799
1786136510619 9.712083599136922e-05 4849
1786136513321 9.70225426419329e-05 4899
1786136515968 9.692265147238982e-05 4949
1786136518558 9.682116591350945e-05 4999
1786136521151 9.671808945082068e-05 5049
1786136523751 9.661342562449212e-05 5099
1786136526410 9.650717802921046e-05 5149
1786136528976 9.639935031405712e-05 5199
1786136531623 9.62899461823828e-05 5249
1786136534212 9.617896939168033e-05 5299
1786136536812 9.606642375345566e-05 5349
1786136539387 9.59523131330969e-05 5399
1786136542024 9.583664144974163e-05 5449
1786136544668 9.571941267614218e-05 5499
1786136547306 9.560063083852932e-05 5549
1786136549982 9.548030001647386e-05 5599
1786136552644 9.535842434274667e-05 5649
1786136555286 9.523500800317659e-05 5699
1786136557885 9.511005523650676e-05 5749
1786136560504 9.498357033424906e-05 5799
1786136563296 9.485555764053662e-05 5849
1786136565912 9.472602155197472e-05 5899
1786136568503 9.459496651748974e-05 5949
1786136571141 9.446239703817632e-05 5999
1786136573741 9.43283176671429e-05 6049
1786136576485 9.419273300935521e-05 6099
1786136579177 9.405564772147816e-05 6149
1786136581777 9.391706651171591e-05 6199
1786136584438 9.37769941396502e-05 6249
1786136587153 9.363543541607683e-05 6299
1786136589764 9.349239520284042e-05 6349
1786136592827 9.33478784126675e-05 6399
1786136595624 9.320189000899772e-05 6449
1786136598281 9.305443500581343e-05 6499
1786136600857 9.29055184674674e-05 6549
1786136603383 9.275514550850897e-05 6599
1786136606234 9.260332129350834e-05 6649
1786136608806 9.245005103687919e-05 6699
1786136611337 9.229534000269964e-05 6749
1786136613995 9.213919350453139e-05 6799
1786136616527 9.198161690523726e-05 6849
1786136619140 9.1822615616797e-05 6899
1786136621704 9.166219510012142e-05 6949
1786136624205 9.15003608648648e-05 6999
1786136626876 9.133711846923573e-05 7049
1786136629524 9.117247351980614e-05 7099
1786136632231 9.100643167131877e-05 7149
1786136634836 9.083899862649298e-05 7199
1786136637453 9.067018013582886e-05 7249
1786136640117 9.049998199740971e-05 7299
1786136642732 9.0328410056703e-05 7349
1786136645452 9.015547020635946e-05 7399
1786136648025 8.998116838601084e-05 7449
1786136650581 8.98055105820658e-05 7499
1786136653165 8.962850282750441e-05 7549
1786136655694 8.945015120167082e-05 7599
1786136658243 8.927046183006459e-05 7649
1786136660893 8.908944088413026e-05 7699
1786136663489 8.890709458104534e-05 7749
1786136666064 8.872342918350689e-05 7799
1786136668591 8.85384509995163e-05 7849
1786136671163 8.835216638216275e-05 7899
1786136673710 8.816458172940495e-05 7949
1786136676623 8.797570348385145e-05 7999
1786136679152 8.778553813253929e-05 8049
1786136681746 8.759409220671128e-05 8099
1786136684357 8.740137228159166e-05 8149
1786136686960 8.720738497616024e-05 8199
1786136689518 8.701213695292514e-05 8249
1786136692134 8.68156349176939e-05 8299
1786136694635 8.661788561934317e-05 8349
1786136697254 8.641889584958699e-05 8399
1786136699787 8.621867244274346e-05 8449
1786136702306 8.601722227550003e-05 8499
1786136704886 8.581455226667732e-05 8549
1786136707432 8.561066937699151e-05 8599
1786136709930 8.540558060881526e-05 8649
1786136712473 8.519929300593722e-05 8699
1786136715007 8.499181365332008e-05 8749
1786136717533 8.47831496768573e-05 8799
1786136720097 8.457330824312828e-05 8849
1786136722697 8.436229655915233e-05 8899
1786136725275 8.415012187214108e-05 8949
1786136727790 8.393679146924952e-05 8999
1786136730447 8.372231267732588e-05 9049
1786136733049 8.350669286265983e-05 9099
1786136735659 8.328993943072957e-05 9149
1786136738212 8.307205982594748e-05 9199
1786136740756 8.285306153140439e-05 9249
1786136743295 8.263295206861265e-05 9299
1786136745877 8.241173899724776e-05 9349
1786136748355 8.218942991488872e-05 9399
1786136750943 8.196603245675708e-05 9449
1786136753488 8.174155429545482e-05 9499
1786136755986 8.151600314070068e-05 9549
1786136797413 8.128938673906543e-05 9599
1786136799914 8.106171287370588e-05 9649
1786136802560 8.083298936409749e-05 9699
1786136805109 8.060322406576575e-05 9749
1786136807694 8.037242487001657e-05 9799
1786136810317 8.014059970366509e-05 9849
1786136812807 7.990775652876348e-05 9899
1786136815344 7.96739033423275e-05 9949
1786136817877 7.943904817606184e-05 9999
1786136820387 7.920319909608423e-05 10049
1786136822949 7.896636420264847e-05 10099
1786136825457 7.872855162986616e-05 10149
1786136827981 7.848976954542741e-05 10199
1786136830539 7.825002615032024e-05 10249
1786136833040 7.800932967854898e-05 10299
1786136835596 7.776768839685143e-05 10349
1786136838136 7.752511060441499e-05 10399
1786136840692 7.728160463259155e-05 10449
1786136843235 7.703717884461138e-05 10499
1786136845975 7.679184163529595e-05 10549
1786136848530 7.654560143076955e-05 10599
1786136851063 7.629846668816985e-05 10649
1786136853624 7.605044589535756e-05 10699
1786136856269 7.580154757062484e-05 10749
1786136858895 7.555178026240273e-05 10799
1786136861428 7.530115254896756e-05 10849
1786136863976 7.504967303814637e-05 10899
1786136866486 7.479735036702121e-05 10949
1786136869115 7.454419320163259e-05 10999
1786136871705 7.429021023668168e-05 11049
1786136874326 7.403541019523193e-05 11099
1786136876887 7.377980182840925e-05 11149
1786136879823 7.352339391510155e-05 11199
1786136882353 7.326619526165725e-05 11249
1786136884902 7.300821470158281e-05 11299
1786136887498 7.274946109523928e-05 11349
1786136890097 7.248994332953808e-05 11399
1786136892656 7.222967031763572e-05 11449
1786136895242 7.196865099862771e-05 11499
1786136897763 7.170689433724149e-05 11549
1786136900386 7.144440932352866e-05 11599
1786136902980 7.118120497255608e-05 11649
1786136905539 7.091729032409625e-05 11699
1786136908202 7.0652674442317e-05 11749
1786136910759 7.038736641547002e-05 11799
1786136913288 7.01213753555787e-05 11849
1786136915863 6.985471039812539e-05 11899
1786136918491 6.958738070173738e-05 11949
1786136921075 6.931939544787253e-05 11999
1786136923692 6.905076384050384e-05 12049
1786136926218 6.87814951058034e-05 12099
1786136928851 6.851159849182546e-05 12149
1786136931395 6.824108326818883e-05 12199
1786136933933 6.796995872575849e-05 12249
1786136936466 6.769823417632659e-05 12299
1786136938937 6.74259189522925e-05 12349
1786136941465 6.715302240634239e-05 12399
1786136944005 6.687955391112792e-05 12449
1786136946648 6.660552285894446e-05 12499
1786136949210 6.633093866140838e-05 12549
1786136951814 6.60558107491339e-05 12599
1786136954344 6.578014857140917e-05 12649
1786136956939 6.55039615958717e-05 12699
1786136959501 6.52272593081832e-05 12749
1786136962318 6.49500512117039e-05 12799
1786136964830 6.467234682716597e-05 12849
1786136967361 6.439415569234666e-05 12899
1786136969969 6.411548736174075e-05 12949
1786136972515 6.383635140623228e-05 12999
1786136975048 6.35567574127659e-05 13049
1786136977594 6.327671498401765e-05 13099
1786136980102 6.299623373806508e-05 13149
1786136982697 6.271532330805696e-05 13199
1786136985258 6.243399334188243e-05 13249
1786136987830 6.215225350183958e-05 13299
1786136990683 6.187011346430374e-05 13349
1786136993280 6.158758291939494e-05 13399
1786136995812 6.130467157064531e-05 13449
1786136998340 6.102138913466564e-05 13499
1786137000878 6.07377453408118e-05 13549
1786137003396 6.045374993085049e-05 13599
1786137006014 6.016941265862468e-05 13649
1786137008581 5.9884743289718665e-05 13699
1786137011150 5.95997516011226e-05 13749
1786137013699 5.9314447380896714e-05 13799
1786137016302 5.902884042783519e-05 13849
1786137018895 5.874294055112957e-05 13899
1786137021397 5.8456757570031904e-05 13949
1786137023954 5.817030131351746e-05 13999
1786137026551 5.7883581619947186e-05 14049
1786137029088 5.759660833672976e-05 14099
1786137031663 5.730939131998349e-05 14149
1786137034178 5.7021940434197627e-05 14199
1786137036786 5.6734265551893743e-05 14249
1786137039406 5.644637655328659e-05 14299
1786137041988 5.615828332594475e-05 14349
1786137044802 5.5869995764451e-05 14399
1786137047288 5.55815237700626e-05 14449
1786137049831 5.529287725037119e-05 14499
1786137052379 5.5004066118962394e-05 14549
1786137054942 5.471510029507555e-05 14599
1786137057529 5.4425989703262854e-05 14649
1786137060058 5.4136744273048585e-05 14699
1786137062601 5.384737393858806e-05 14749
1786137065224 5.3557888638326446e-05 14799
1786137067795 5.3268298314657406e-05 14849
1786137070358 5.297861291358162e-05 14899
1786137073084 5.268884238436527e-05 14949
1786137075667 5.239899667919821e-05 14999
1786137078388 5.210908575285224e-05 15049
1786137080938 5.18191195623392e-05 15099
1786137083562 5.152910806656896e-05 15149
1786137086177 5.123906122600742e-05 15199
1786137088746 5.094898900233438e-05 15249
1786137091277 5.065890135810141e-05 15299
1786137093887 5.036880825638979e-05 15349
1786137096500 5.007871966046811e-05 15399
1786137099059 4.978864553345031e-05 15449
1786137101663 4.949859583795333e-05 15499
1786137104258 4.920858053575507e-05 15549
1786137106812 4.8918609587452105e-05 15599
1786137109338 4.862869295211775e-05 15649
1786137111967 4.8338840586959885e-05 15699
1786137114513 4.8049062446979066e-05 15749
1786137117116 4.775936848462657e-05 15799
1786137119707 4.746976864946256e-05 15849
1786137122265 4.718027288781444e-05 15899
1786137124907 4.689089114243515e-05 15949
1786137127873 4.660163335216174e-05 15999
1786137130448 4.631250945157407e-05 16049
1786137132987 4.60235293706535e-05 16099
1786137135600 4.5734703034441894e-05 16149
1786137138163 4.5446040362700756e-05 16199
1786137140718 4.515755126957053e-05 16249
1786137143363 4.486924566323002e-05 16299
1786137145974 4.45811334455563e-05 16349
1786137148582 4.429322451178438e-05 16399
1786137151195 4.40055287501675e-05 16449
1786137153796 4.3718056041637494e-05 16499
1786137156328 4.343081625946544e-05 16549
1786137158875 4.314381926892249e-05 16599
1786137161443 4.2857074926941164e-05 16649
1786137163970 4.257059308177672e-05 16699
1786137166519 4.2284383572668924e-05 16749
1786137169079 4.199845622950416e-05 16799
1786137171653 4.1712820872477817e-05 16849
1786137174208 4.142748731175695e-05 16899
1786137176763 4.114246534714346e-05 16949
1786137179256 4.0857764767737424e-05 16999
1786137181778 4.057339535160093e-05 17049
1786137184327 4.028936686542222e-05 17099
1786137186872 4.000568906418028e-05 17149
1786137189430 3.972237169080981e-05 17199
1786137192031 3.943942447586658e-05 17249
1786137194615 3.9156857137193256e-05 17299
1786137197118 3.8874679379585596e-05 17349
1786137199704 3.8592900894459204e-05 17399
1786137202326 3.8311531359516594e-05 17449
1786137204940 3.8030580438414875e-05 17499
1786137207555 3.77500577804339e-05 17549
1786137210399 3.746997302014469e-05 17599
1786137212966 3.71903357770787e-05 17649
1786137215522 3.691115565539735e-05 17699
1786137218074 3.6632442243562217e-05 17749
1786137220635 3.635420511400564e-05 17799
1786137223222 3.607645382280208e-05 17849
1786137225868 3.579919790933983e-05 17899
1786137228545 3.552244689599333e-05 17949
1786137231156 3.524621028779627e-05 17999
1786137233799 3.497049757211502e-05 18049
1786137236434 3.469531821832282e-05 18099
1786137239004 3.442068167747458e-05 18149
1786137241580 3.414659738198225e-05 18199
1786137244284 3.3873074745290855e-05 18249
1786137246859 3.360012316155523e-05 18299
1786137249455 3.332775200531735e-05 18349
1786137252051 3.305597063118436e-05 18399
1786137254673 3.278478837350731e-05 18449
1786137257265 3.2514214546060524e-05 18499
1786137259847 3.2244258441721764e-05 18549
1786137262458 3.197492933215304e-05 18599
1786137265004 3.1706236467482196e-05 18649
1786137267577 3.14381890759852e-05 18699
1786137270215 3.117079636376917e-05 18749
1786137272882 3.090406751445624e-05 18799
1786137275467 3.0638011688868115e-05 18849
1786137278047 3.0372638024711433e-05 18899
1786137280697 3.0107955636264005e-05 18949
1786137283257 2.984397361406165e-05 18999
1786137285882 2.9580701024586157e-05 19049
1786137288514 2.9318146909953677e-05 19099
1786137291073 2.9056320287604375e-05 19149
1786137333866 2.8795230149992595e-05 19199
1786137336526 2.8534885464278124e-05 19249
1786137339131 2.8275295172018077e-05 19299
1786137341703 2.801646818885991e-05 19349
1786137344276 2.7758413404235182e-05 19399
1786137346986 2.7501139681054175e-05 19449
1786137349533 2.7244655855401596e-05 19499
1786137352153 2.6988970736233123e-05 19549
1786137354752 2.6734093105072712e-05 19599
1786137357317 2.6480031715711133e-05 19649
1786137359945 2.6226795293905268e-05 19699
1786137362558 2.597439253707842e-05 19749
1786137365209 2.5722832114021563e-05 19799
1786137367876 2.547212266459576e-05 19849
1786137370445 2.522227279943524e-05 19899
1786137373009 2.497329109965178e-05 19949
1786137375545 2.472518611653994e-05 19999
1786137378130 2.4477966371283396e-05 20049
1786137380709 2.4231640354662246e-05 20099
1786137383301 2.3986216526761443e-05 20149
1786137385809 2.3741703316680172e-05 20199
1786137388526 2.34981091222424e-05 20249
1786137391097 2.3255442309708438e-05 20299
1786137393631 2.3013711213487583e-05 20349
1786137396222 2.27729241358519e-05 20399
1786137398816 2.2533089346651062e-05 20449
1786137401351 2.2294215083028323e-05 20499
1786137403905 2.2056309549137635e-05 20549
1786137406468 2.1819380915861823e-05 20599
1786137409048 2.158343732053202e-05 20649
1786137411618 2.1348486866648132e-05 20699
1786137414616 2.1114537623600615e-05 20749
1786137417170 2.0881597626393162e-05 20799
1786137419788 2.0649674875366926e-05 20849
1786137422422 2.041877733592563e-05 20899
1786137425037 2.0188912938262043e-05 20949
1786137427621 1.9960089577085585e-05 20999
1786137430135 1.973231511135126e-05 21049
1786137432699 1.9505597363989634e-05 21099
1786137435244 1.927994412163817e-05 21149
1786137437825 1.90553631343739e-05 21199
1786137440423 1.8831862115447143e-05 21249
1786137443014 1.8609448741016606e-05 21299
1786137445622 1.8388130649885825e-05 21349
1786137448216 1.816791544324072e-05 21399
1786137450883 1.7948810684388555e-05 21449
1786137453489 1.773082389849817e-05 21499
1786137456141 1.751396257234157e-05 21549
1786137458843 1.7298234154036753e-05 21599
1786137461419 1.708364605279194e-05 21649
1786137464001 1.6870205638651045e-05 21699
1786137466556 1.665792024224059e-05 21749
1786137469100 1.6446797154517964e-05 21799
1786137471636 1.6236843626520917e-05 21849
1786137474255 1.6028066869118613e-05 21899
1786137476764 1.5820474052763994e-05 21949
1786137479398 1.56140723072474e-05 21999
1786137481956 1.5408868721451768e-05 22049
1786137484649 1.5204870343109173e-05 22099
1786137487255 1.5002084178558746e-05 22149
1786137489842 1.4800517192505991e-05 22199
1786137492429 1.4600176307783735e-05 22249
1786137495078 1.4401068405114213e-05 22299
1786137497985 1.4203200322872793e-05 22349
1786137500540 1.400657885685314e-05 22399
1786137503125 1.381121076003379e-05 22449
1786137505673 1.3617102742346213e-05 22499
1786137508225 1.342426147044439e-05 22549
1786137510734 1.323269356747581e-05 22599
1786137513280 1.3042405612854015e-05 22649
1786137515831 1.2853404142032626e-05 22699
1786137518377 1.2665695646280897e-05 22749
1786137520910 1.2479286572460747e-05 22799
1786137523464 1.2294183322805361e-05 22849
1786137526061 1.2110392254699287e-05 22899
1786137528673 1.1927919680460127e-05 22949
1786137531317 1.174677186712168e-05 22999
1786137533917 1.1566955036218773e-05 23049
1786137536430 1.1388475363573513e-05 23099
1786137539016 1.121133897908323e-05 23149
1786137541597 1.1035551966509918e-05 23199
1786137544160 1.0861120363271292e-05 23249
1786137546714 1.068805016023344e-05 23299
1786137549371 1.0516347301505052e-05 23349
1786137551941 1.0346017684233274e-05 23399
1786137554539 1.0177067158401234e-05 23449
1786137557136 1.0009501526626959e-05 23499
1786137559680 9.843326543964276e-06 23549
1786137562253 9.67854791770502e-06 23599
1786137564881 9.515171307183094e-06 23649
1786137567509 9.353202323580036e-06 23699
1786137570140 9.192646529732386e-06 23749
1786137572788 9.033509439940536e-06 23799
1786137575362 8.875796519779383e-06 23849
1786137577952 8.719513185910629e-06 23899
1786137581014 8.564664805896739e-06 23949
1786137583638 8.411256698016555e-06 23999
1786137586181 8.259294131082712e-06 24049
1786137588817 8.108782324260602e-06 24099
1786137591403 7.959726446889176e-06 24149
1786137593954 7.812131618303346e-06 24199
1786137596473 7.666002907658232e-06 24249
1786137599014 7.5213453337550065e-06 24299
1786137601577 7.3781638648685765e-06 24349
1786137604257 7.236463418576888e-06 24399
1786137606782 7.09624886159205e-06 24449
1786137609330 6.957525009593231e-06 24499
1786137611810 6.820296627061178e-06 24549
1786137614291 6.68456842711466e-06 24599
1786137616814 6.550345071348587e-06 24649
1786137619292 6.417631169673854e-06 24699
1786137621837 6.286431280159049e-06 24749
1786137624382 6.156749908873916e-06 24799
1786137626952 6.028591509734578e-06 24849
1786137629478 5.901960484350535e-06 24899
1786137632035 5.776861181873585e-06 24949
1786137634661 5.653297898848348e-06 24999
1786137637171 5.531274879064755e-06 25049
1786137639766 5.4107963134122836e-06 25099
1786137642386 5.291866339736031e-06 25149
1786137644853 5.174489042694576e-06 25199
1786137647432 5.058668453619714e-06 25249
1786137649963 4.944408550377997e-06 25299
1786137652545 4.831713257234093e-06 25349
1786137655211 4.720586444716034e-06 25399
1786137657751 4.611031929482276e-06 25449
1786137660222 4.5030534741905965e-06 25499
1786137663105 4.396654787368888e-06 25549
1786137665590 4.291839523287782e-06 25599
1786137668201 4.1886112818351336e-06 25649
1786137670814 4.0869736083923965e-06 25699
1786137673421 3.986929993712852e-06 25749
1786137675988 3.88848387380171e-06 25799
1786137678686 3.7916386297981105e-06 25849
1786137681295 3.6963975878590004e-06 25899
1786137683881 3.602764019044878e-06 25949
1786137686498 3.5107411392074667e-06 25999
1786137689059 3.420332108879261e-06 26049
1786137691591 3.3315400331649673e-06 26099
1786137694084 3.244367961634896e-06 26149
1786137696770 3.1588188882201634e-06 26199
1786137699292 3.0748957511099105e-06 26249
1786137701807 2.9926014326503833e-06 26299
1786137704378 2.911938759245923e-06 26349
1786137706973 2.832910501261898e-06 26399
1786137709484 2.755519372929596e-06 26449
1786137712020 2.679768032252927e-06 26499
1786137714570 2.6056590809171877e-06 26549
1786137717100 2.5331950641996953e-06 26599
1786137719750 2.462378470882366e-06 26649
1786137722324 2.393211733166245e-06 26699
1786137724933 2.325697226587975e-06 26749
1786137727522 2.259837269938174e-06 26799
1786137730108 2.1956341251818497e-06 26849
1786137732633 2.1330899973806625e-06 26899
1786137735193 2.0722070346172254e-06 26949
1786137737809 2.012987327921318e-06 26999
1786137740434 1.9554329111980816e-06 27049
1786137742969 1.8995457611581267e-06 27099
1786137746008 1.8453277972496853e-06 27149
1786137748553 1.792780881592671e-06 27199
1786137751113 1.7419068189147091e-06 27249
1786137753666 1.692707356489181e-06 27299
1786137756229 1.6451841840752033e-06 27349
1786137758877 1.5993389338595832e-06 27399
1786137761431 1.5551731804007726e-06 27449
1786137763981 1.512688440574772e-06 27499
1786137766549 1.4718861735230735e-06 27549
1786137769083 1.4327677806024828e-06 27599
1786137771687 1.395334605337063e-06 27649
1786137774259 1.3595879333719364e-06 27699
1786137776842 1.3255289924291405e-06 27749
1786137779462 1.293158952265479e-06 27799
1786137781987 1.2624789246323365e-06 27849
1786137784514 1.2334899632374907e-06 27899
1786137787130 1.2061930637089233e-06 27949
1786137789645 1.1805891635606318e-06 27999
1786137792203 1.1566791421604304e-06 28049
1786137794798 1.1344638206997362e-06 28099
1786137797404 1.1139439621653813e-06 28149
1786137799900 1.0951202713133993e-06 28199
1786137802481 1.0779933946448225e-06 28249
1786137805050 1.062563920383463e-06 28299
1786137807624 1.048832378455744e-06 28349
1786137810177 1.036799240472471e-06 28399
1786137812963 1.0264649197126412e-06 28449
1786137815562 1.0178297711092496e-06 28499
1786137818221 1.0108940912371034e-06 28549
1786137820821 1.0056581183026297e-06 28599
1786137823349 1.0021220321357072e-06 28649
1786137825940 1.0002859541834625e-06 28699
